<TICKER>,<PER>,<DATE>,<TIME>,<OPEN>,<HIGH>,<LOW>,<CLOSE>,<VOL>,<OPENINT>
ANR,D,20210108,000000,29.9,37.995,29,32.46,541406,0
ANR,D,20210111,000000,33.5,34.08,32,32.5,82546,0
ANR,D,20210112,000000,32.6,33,32.02,32.5,23713,0
ANR,D,20210113,000000,32.6,32.795,31.7,32.4,14875,0
ANR,D,20210114,000000,31.5,31.98,30.5,31.005,25737,0
ANR,D,20210115,000000,31.38,31.9,31.15,31.15,3964,0
ANR,D,20210118,000000,31,31,29.5,29.805,14024,0
ANR,D,20210119,000000,29.8,29.8,28.4,28.85,26561,0
ANR,D,20210120,000000,28.5,28.99,28.2,28.5,5100,0
ANR,D,20210121,000000,28.59,29.99,28.59,29.26,8002,0
ANR,D,20210122,000000,29.7,29.9,28.9,29.73,2493,0
ANR,D,20210125,000000,29.99,30.3,29.005,29.19,9803,0
ANR,D,20210126,000000,29.98,29.98,29.015,29.51,4780,0
ANR,D,20210127,000000,29.99,30.9,28.035,28.6,10607,0
ANR,D,20210128,000000,30.2,30.2,28.4,29.42,9089,0
ANR,D,20210129,000000,29.42,29.84,28,28.6,10264,0
ANR,D,20210201,000000,28.5,28.85,28.285,28.6,1668,0
ANR,D,20210202,000000,29,29,28.5,28.6,1996,0
ANR,D,20210203,000000,28.6,28.9,28.495,28.51,2146,0
ANR,D,20210204,000000,28.51,30.2,28.51,29.25,14316,0
ANR,D,20210205,000000,29.9,29.9,29.245,29.89,3041,0
ANR,D,20210208,000000,29.9,30.305,29.2,30.305,9871,0
ANR,D,20210209,000000,31.46,33.3,31.33,33.3,52229,0
ANR,D,20210210,000000,34.4,35.96,33.5,35.9,59007,0
ANR,D,20210211,000000,36.1,39.03,35.4,37.7,84960,0
ANR,D,20210212,000000,37.7,39.1,36.66,37,35619,0
ANR,D,20210215,000000,38.795,38.795,36.9,37.4,20413,0
ANR,D,20210216,000000,37.4,37.4,36.6,36.6,20057,0
ANR,D,20210217,000000,37,37,36.2,36.2,33112,0
ANR,D,20210218,000000,36.6,36.6,35.4,35.51,17072,0
ANR,D,20210219,000000,36.3,36.55,35.5,36.2,11224,0
ANR,D,20210222,000000,37.3,37.3,36.3,36.85,8797,0
ANR,D,20210223,000000,37,37,36.3,36.8,14080,0
ANR,D,20210224,000000,36.805,36.805,34,34.98,20931,0
ANR,D,20210225,000000,35,35,34,34.445,10840,0
ANR,D,20210226,000000,33.4,33.495,32.1,33.375,21444,0
ANR,D,20210301,000000,34,34.565,33.03,33.7,12195,0
ANR,D,20210302,000000,34.28,34.44,33.7,34.2,19083,0
ANR,D,20210303,000000,34.5,35.5,34.5,34.76,28856,0
ANR,D,20210304,000000,34.85,35.2,34.75,35.07,32671,0
ANR,D,20210305,000000,35.07,35.07,34.72,35,11827,0
ANR,D,20210308,000000,35.1,35.1,34.4,34.5,6709,0
ANR,D,20210309,000000,34.5,34.505,33,33.1,36984,0
ANR,D,20210310,000000,33.3,33.695,32.13,33.045,10247,0
ANR,D,20210311,000000,33.05,33.05,32.655,32.85,7269,0
ANR,D,20210312,000000,32.8,33.25,32.7,32.8,14127,0
ANR,D,20210315,000000,33,33.74,33,33.2,14627,0
ANR,D,20210316,000000,33.24,33.24,32.7,33,8764,0
ANR,D,20210317,000000,33,33.25,32.1,32.8,9778,0
ANR,D,20210318,000000,32.85,33.005,32.455,32.7,2571,0
ANR,D,20210319,000000,33,34.105,33,34,24459,0
ANR,D,20210322,000000,34,34.58,34,34.37,15504,0
ANR,D,20210323,000000,34.49,34.495,33.5,34.3,8971,0
ANR,D,20210324,000000,34.4,34.45,32.7,33.3,8006,0
ANR,D,20210325,000000,33.305,33.945,33.11,33.11,3567,0
ANR,D,20210326,000000,33.1,33.605,33.1,33.6,4045,0
ANR,D,20210329,000000,33.225,34,33.1,33.6,3986,0
ANR,D,20210330,000000,33.6,34.155,33.15,33.8,6883,0
ANR,D,20210331,000000,34,34,33.12,33.8,4734,0
ANR,D,20210401,000000,33.8,33.8,33.2,33.785,3103,0
ANR,D,20210406,000000,34,34,33.5,34,16034,0
ANR,D,20210407,000000,35.15,36.295,34.8,35.05,60861,0
ANR,D,20210408,000000,35.4,36,35.395,35.535,25403,0
ANR,D,20210409,000000,35.5,35.53,34.8,35.1,18564,0
ANR,D,20210412,000000,35.6,36.3,35.125,36,33674,0
ANR,D,20210413,000000,35.55,36.1,34.1,35.4,26657,0
ANR,D,20210414,000000,35.5,35.825,35,35.05,8742,0
ANR,D,20210415,000000,35,35.5,35,35.4,5488,0
ANR,D,20210416,000000,35.17,35.2,34.6,35.04,19963,0
ANR,D,20210419,000000,35.18,35.24,33.2,34.66,15694,0
ANR,D,20210420,000000,34.49,34.5,34.005,34.15,14752,0
ANR,D,20210421,000000,34.1,34.1,33.3,34.09,8384,0
ANR,D,20210422,000000,33.6,35.05,33.6,34.5,13347,0
ANR,D,20210423,000000,34,35.3,34,35.1,8542,0
ANR,D,20210426,000000,35.4,35.5,34.3,35.005,6094,0
ANR,D,20210427,000000,35.145,35.39,34.5,34.99,5233,0
ANR,D,20210428,000000,35,35.005,34.15,34.65,53918,0
ANR,D,20210429,000000,35,35,34.15,34.4,7130,0
ANR,D,20210430,000000,34.3,34.5,34.3,34.4,1993,0
ANR,D,20210504,000000,34.35,34.4,33.805,34.2,15485,0
ANR,D,20210505,000000,34.2,34.3,34,34.15,9604,0
ANR,D,20210506,000000,33.7,34,31.5,32.01,66963,0
ANR,D,20210507,000000,32.015,32.59,32.015,32.5,9909,0
ANR,D,20210510,000000,32.6,32.745,31.6,32.355,14098,0
ANR,D,20210511,000000,32.345,32.5,32.1,32.5,3593,0
ANR,D,20210512,000000,32.25,32.3,31.6,31.8,10127,0
ANR,D,20210513,000000,32,32,31.23,31.5,25413,0
ANR,D,20210514,000000,31.2,31.8,31.2,31.3,2875,0
ANR,D,20210517,000000,30.665,31.4,30.665,31.3,7199,0
ANR,D,20210518,000000,31.3,31.5,31.205,31.3,6216,0
ANR,D,20210519,000000,31.5,31.575,30.4,31,24144,0
ANR,D,20210520,000000,31,31.94,31,31.59,2496,0
ANR,D,20210521,000000,31.795,32,31.7,32,8411,0
ANR,D,20210524,000000,32,32.4,32,32.4,3474,0
ANR,D,20210525,000000,32.5,32.82,32.055,32.7,3614,0
ANR,D,20210526,000000,32.7,32.82,31.05,32,16880,0
ANR,D,20210527,000000,32.955,33.09,32,32.54,24805,0
ANR,D,20210528,000000,32.51,33,32.5,32.5,10150,0
ANR,D,20210531,000000,32.9,33.2,32.05,32.665,7168,0
ANR,D,20210601,000000,32.55,33.34,31.82,31.9,6990,0
ANR,D,20210602,000000,32,32.5,31.7,32.5,5941,0
ANR,D,20210604,000000,32.5,32.65,32.005,32.6,2681,0
ANR,D,20210607,000000,32,33.1,31,32.545,7314,0
ANR,D,20210608,000000,31.6,32.99,31.6,32.91,2930,0
ANR,D,20210609,000000,32.94,32.94,31.8,32.75,1317,0
ANR,D,20210610,000000,32.745,32.745,32.215,32.215,2799,0
ANR,D,20210611,000000,32,32.2,31.5,32,2357,0
ANR,D,20210614,000000,32,32.9,31.7,31.995,2315,0
ANR,D,20210615,000000,32.4,32.4,31.7,31.76,1561,0
ANR,D,20210616,000000,31.8,31.8,30.8,31,9384,0
ANR,D,20210617,000000,31.5,31.5,30.2,30.795,7726,0
ANR,D,20210618,000000,30.8,30.8,30.2,30.7,18658,0
ANR,D,20210621,000000,30.7,30.7,30.2,30.5,13573,0
ANR,D,20210622,000000,30.89,31.88,30.51,31.5,3432,0
ANR,D,20210623,000000,31.5,32,31.495,32,4602,0
ANR,D,20210624,000000,32,32,30.5,31.3,1612,0
ANR,D,20210625,000000,30.6,31.8,30.6,31.3,3085,0
ANR,D,20210628,000000,31.5,31.5,31,31.1,1505,0
ANR,D,20210629,000000,31.1,31.5,31,31.5,14762,0
ANR,D,20210630,000000,31.1,31.5,31.1,31.45,9461,0
ANR,D,20210701,000000,31.45,32,31.3,31.85,2228,0
ANR,D,20210702,000000,31.9,32.2,31.65,32,61413,0
ANR,D,20210705,000000,32,33.4,32,33.4,52853,0
ANR,D,20210706,000000,33.45,33.45,32.8,33,15609,0
ANR,D,20210707,000000,33,33,32.5,32.9,3392,0
ANR,D,20210708,000000,33,33.35,32.9,33.05,7105,0
ANR,D,20210709,000000,32.95,33.2,32,32.75,1544,0
ANR,D,20210712,000000,32.8,32.8,32.6,32.7,2446,0
ANR,D,20210713,000000,32.8,32.8,32.1,32.5,3108,0
ANR,D,20210714,000000,32.3,32.75,31.55,32.6,12713,0
ANR,D,20210715,000000,32.8,32.8,32,32.7,1235,0
ANR,D,20210716,000000,32.8,32.8,32.45,32.7,486,0
ANR,D,20210719,000000,32.2,32.45,31.6,32.1,5040,0
ANR,D,20210720,000000,31.6,32.15,31.6,32.1,3476,0
ANR,D,20210721,000000,32.1,32.1,31.6,31.8,44321,0
ANR,D,20210722,000000,31.6,32.2,31.6,31.9,1328,0
ANR,D,20210723,000000,31.9,31.9,31.5,31.65,802,0
ANR,D,20210726,000000,31.8,31.9,31.5,31.9,1026,0
ANR,D,20210727,000000,31.9,32.1,31.6,32.1,594,0
ANR,D,20210728,000000,32.1,32.2,31.7,32,1078,0
ANR,D,20210729,000000,32.1,33,31.65,32.7,11801,0
ANR,D,20210730,000000,33.05,33.85,32.7,33.65,32452,0
ANR,D,20210802,000000,33.85,33.9,33.35,33.45,6641,0
ANR,D,20210803,000000,33.5,33.9,33.3,33.4,4245,0
ANR,D,20210804,000000,33.4,34.1,33.4,33.8,15454,0
ANR,D,20210805,000000,33.8,34,33.7,33.85,5930,0
ANR,D,20210806,000000,34.25,34.55,33.9,34.55,11931,0
ANR,D,20210809,000000,34.85,36.2,34.8,36.1,62043,0
ANR,D,20210810,000000,36.15,36.9,36.15,36.75,21250,0
ANR,D,20210811,000000,36.95,38.1,36.85,38,52900,0
ANR,D,20210812,000000,38.1,38.8,35.9,37.7,53986,0
ANR,D,20210813,000000,37.7,38.1,37,37.55,18081,0
ANR,D,20210816,000000,38,38.4,37.5,37.7,23620,0
ANR,D,20210817,000000,38.35,38.4,37.7,37.75,9465,0
ANR,D,20210818,000000,37.8,38,37,37.5,11398,0
ANR,D,20210819,000000,37.5,37.5,37,37.3,12583,0
ANR,D,20210820,000000,37.15,37.25,37,37.1,4221,0
ANR,D,20210823,000000,37,37.5,37,37.05,5282,0
ANR,D,20210824,000000,37.15,37.5,37.15,37.4,4775,0
ANR,D,20210825,000000,37.45,37.6,37.3,37.5,7324,0
ANR,D,20210826,000000,37.5,37.5,37.35,37.35,2893,0
ANR,D,20210827,000000,37.3,37.6,37.1,37.1,5559,0
ANR,D,20210830,000000,37,37.5,37,37.45,4978,0
ANR,D,20210831,000000,37.7,37.7,37.3,37.5,6154,0
ANR,D,20210901,000000,37.5,37.7,37.45,37.55,5740,0
ANR,D,20210902,000000,37.5,37.7,37.1,37.4,9493,0
ANR,D,20210903,000000,37.3,37.75,37.1,37.5,11009,0
ANR,D,20210906,000000,37.55,37.6,37.05,37.2,22902,0
ANR,D,20210907,000000,37.8,37.8,36.6,37,7240,0
ANR,D,20210908,000000,37.1,37.1,36.3,36.6,7578,0
ANR,D,20210909,000000,36.95,36.95,36.15,36.7,4316,0
ANR,D,20210910,000000,36.5,36.7,36.35,36.5,8196,0
ANR,D,20210913,000000,34.25,35.9,31.3,35.65,47465,0
ANR,D,20210914,000000,35.35,35.4,34.4,35.2,10777,0
ANR,D,20210915,000000,35,35.1,34.4,34.8,4365,0
ANR,D,20210916,000000,34.7,35,33.9,34.3,12230,0
ANR,D,20210917,000000,34.15,35.5,34,34.7,16981,0
ANR,D,20210920,000000,35.45,35.45,33.7,33.8,11046,0
ANR,D,20210921,000000,33.7,34.6,33.5,34.1,4779,0
ANR,D,20210922,000000,35.15,35.4,34.75,35.4,4514,0
ANR,D,20210923,000000,35.8,36.25,33.9,35,23760,0
ANR,D,20210924,000000,35,35.45,33.9,35,5870,0
ANR,D,20210927,000000,34.25,35.2,34.25,34.45,3296,0
ANR,D,20210928,000000,34.4,34.4,34.2,34.2,2427,0
ANR,D,20210929,000000,34.05,34.5,34.05,34.15,2970,0
ANR,D,20210930,000000,34.8,35,34.05,34.85,17915,0
ANR,D,20211001,000000,34.3,34.95,34.2,34.95,3676,0
ANR,D,20211004,000000,35.15,35.9,35.05,35.7,12057,0
ANR,D,20211005,000000,35.9,35.9,34.35,35.8,8568,0
ANR,D,20211006,000000,36.3,36.8,35.05,35.5,11432,0
ANR,D,20211007,000000,35.5,36,35,35.5,7574,0
ANR,D,20211008,000000,36,36.3,35.25,35.9,8444,0
ANR,D,20211011,000000,35.9,36.3,35.85,36,2175,0
ANR,D,20211012,000000,36,36.2,35.25,35.3,7529,0
ANR,D,20211013,000000,35.5,36.2,35,35.45,9897,0
ANR,D,20211014,000000,35.6,35.9,35.2,35.45,10722,0
ANR,D,20211015,000000,35.75,35.75,34.95,35.2,4493,0
ANR,D,20211018,000000,35.2,35.2,34.65,34.9,17290,0
ANR,D,20211019,000000,35.5,35.7,34.25,34.85,53978,0
ANR,D,20211020,000000,34.9,34.9,33.9,34.3,4521,0
ANR,D,20211021,000000,34.3,34.3,32.4,34.3,19830,0
ANR,D,20211022,000000,33.4,34.6,33.35,34.55,25123,0
ANR,D,20211025,000000,34.8,36,34.6,36,19362,0
ANR,D,20211026,000000,36,36.2,35.55,36,12119,0
ANR,D,20211027,000000,36.1,36.1,35,35.2,2263,0
ANR,D,20211028,000000,34.8,35.75,33.8,35.75,12248,0
ANR,D,20211029,000000,35.7,35.85,34.1,35,16672,0
ANR,D,20211102,000000,35.45,35.5,34.5,35,4276,0
ANR,D,20211103,000000,34.95,34.95,33.85,34.8,3134,0
ANR,D,20211104,000000,34.35,34.95,34.35,34.5,2739,0
ANR,D,20211105,000000,34.1,34.85,34.1,34.65,1502,0
ANR,D,20211108,000000,35,35,34.7,34.95,4385,0
ANR,D,20211109,000000,34.8,34.9,33.2,34.2,3701,0
ANR,D,20211110,000000,34,34.55,33.7,33.95,2067,0
ANR,D,20211112,000000,34,34.5,33.3,33.3,7401,0
ANR,D,20211115,000000,33.2,34.25,33.2,33.7,7706,0
ANR,D,20211116,000000,33.7,34.9,33.7,34.55,58551,0
ANR,D,20211117,000000,34.9,34.9,33.95,34.8,1596,0
ANR,D,20211118,000000,34.8,34.8,33.6,34.5,4630,0
ANR,D,20211119,000000,34.2,34.6,33.3,34.25,6821,0
ANR,D,20211122,000000,33.4,33.5,33,33.5,10051,0
ANR,D,20211123,000000,33.3,33.35,33,33.15,6744,0
ANR,D,20211124,000000,33.1,33.4,33,33.15,3153,0
ANR,D,20211125,000000,33.45,33.45,32.95,33,6013,0
ANR,D,20211126,000000,32.5,33,31,33,17761,0
ANR,D,20211129,000000,32.15,32.35,30.7,31.9,16406,0
ANR,D,20211130,000000,31.85,34,30.4,33.65,34511,0
ANR,D,20211201,000000,33,34.3,32.85,34.2,4034,0
ANR,D,20211202,000000,34.3,34.3,33.1,33.45,3235,0
ANR,D,20211203,000000,34,34,33.15,33.75,3609,0
ANR,D,20211206,000000,33.8,33.8,32.3,33.4,15418,0
ANR,D,20211207,000000,33.4,33.4,32.6,33.15,1045,0
ANR,D,20211208,000000,33.5,33.8,32.7,33.8,5739,0
ANR,D,20211209,000000,33.7,33.7,33,33.4,25105,0
ANR,D,20211210,000000,33,33.75,33,33.75,2176,0
ANR,D,20211213,000000,33.8,33.8,32.9,33.45,5533,0
ANR,D,20211214,000000,33,33,32.5,32.65,13317,0
ANR,D,20211215,000000,32.65,32.95,31.8,32.8,24070,0
ANR,D,20211216,000000,32.7,32.7,32.05,32.25,21985,0
ANR,D,20211217,000000,32.6,32.6,31.55,31.95,2901,0
ANR,D,20211220,000000,31.5,31.5,31.05,31.2,6821,0
ANR,D,20211221,000000,31.15,31.2,30.5,30.9,5623,0
ANR,D,20211222,000000,31.5,31.5,30.7,31.3,5249,0
ANR,D,20211223,000000,31.15,31.2,29.7,30.7,33577,0
ANR,D,20211227,000000,30.5,30.5,29.5,30,14591,0
ANR,D,20211228,000000,30,30.5,29.8,29.8,17085,0
ANR,D,20211229,000000,30,32,29.8,32,13864,0
ANR,D,20211230,000000,31.5,31.8,31.1,31.1,7596,0
ANR,D,20220103,000000,31.1,33.2,31.1,33,7904,0
ANR,D,20220104,000000,33,33,32,32.85,1691,0
ANR,D,20220105,000000,33.4,34.45,33.4,33.6,22863,0
ANR,D,20220107,000000,34.45,34.45,33,33.3,15008,0
ANR,D,20220110,000000,33.75,34,33.35,33.95,8256,0
ANR,D,20220111,000000,33.95,34.3,33.85,34.25,6390,0
ANR,D,20220112,000000,34.4,34.4,33.65,33.9,2710,0
ANR,D,20220113,000000,33.9,34,33.65,33.9,2056,0
ANR,D,20220114,000000,33.8,34,33.5,34,3885,0
ANR,D,20220117,000000,34,35,34,34.9,14452,0
ANR,D,20220118,000000,34.9,35.3,34,34.25,18443,0
ANR,D,20220119,000000,34.1,34.1,33.15,33.9,8328,0
ANR,D,20220120,000000,33.95,34,33,33.45,12968,0
ANR,D,20220121,000000,33.5,33.5,32.25,32.3,6420,0
ANR,D,20220124,000000,32.55,32.6,30,30.1,18722,0
ANR,D,20220125,000000,30.1,32,30.1,31.5,11902,0
ANR,D,20220126,000000,31.9,31.95,31.5,31.85,6670,0
ANR,D,20220127,000000,31.85,31.85,31.4,31.6,4280,0
ANR,D,20220128,000000,31.8,31.8,30.1,30.5,28157,0
ANR,D,20220131,000000,31,31.5,30,30.25,13173,0
ANR,D,20220201,000000,30.4,30.55,30.1,30.45,10464,0
ANR,D,20220202,000000,30.7,31.95,30.7,31.7,5632,0
ANR,D,20220203,000000,31.7,32.7,31.05,31.5,12713,0
ANR,D,20220204,000000,31.5,31.6,31.35,31.35,7099,0
ANR,D,20220207,000000,31.55,31.55,31,31.35,6981,0
ANR,D,20220208,000000,31.35,31.55,30.1,31,9211,0
ANR,D,20220209,000000,31,31,30.2,30.8,6900,0
ANR,D,20220210,000000,30.9,31.4,30.8,31.25,8711,0
ANR,D,20220211,000000,31.4,32,30.8,31.8,8876,0
ANR,D,20220214,000000,31.55,31.55,30.2,30.85,9338,0
ANR,D,20220215,000000,30.85,31,30.4,30.85,7039,0
ANR,D,20220216,000000,30.85,30.9,30.45,30.8,3599,0
ANR,D,20220217,000000,30.6,30.65,29.6,29.6,14268,0
ANR,D,20220218,000000,29.6,31.2,28.55,29,12909,0
ANR,D,20220221,000000,28.7,29.8,28.25,28.9,7678,0
ANR,D,20220222,000000,28.2,29,27,29,17556,0
ANR,D,20220223,000000,29.1,29.1,27.5,28,9300,0
ANR,D,20220224,000000,23.8,26.5,23.7,24,29589,0
ANR,D,20220225,000000,24,26.55,23.4,26.2,36021,0
ANR,D,20220228,000000,25.75,26.55,24,26,20002,0
ANR,D,20220301,000000,26.55,26.55,25.05,25.8,6062,0
ANR,D,20220302,000000,25.5,25.6,24,25.5,8275,0
ANR,D,20220303,000000,24.35,25.5,24.3,25.4,4453,0
ANR,D,20220304,000000,25.6,25.6,24.15,24.4,5109,0
ANR,D,20220307,000000,24.2,24.2,22.05,23,16714,0
ANR,D,20220308,000000,23.4,23.4,22.4,22.85,8450,0
ANR,D,20220309,000000,23.2,23.6,22.5,23.2,14901,0
ANR,D,20220310,000000,23.45,24.9,23.1,23.9,7035,0
ANR,D,20220311,000000,24.5,24.5,23.7,24.15,12167,0
ANR,D,20220314,000000,24.15,24.65,23.3,23.6,5816,0
ANR,D,20220315,000000,23.6,23.65,23,23.65,6169,0
ANR,D,20220316,000000,24.3,24.3,23.2,24.1,28134,0
ANR,D,20220317,000000,24.5,25.65,24,25.35,38691,0
ANR,D,20220318,000000,25.9,25.9,25.25,25.4,15388,0
ANR,D,20220321,000000,25.95,26.45,25.55,25.85,6482,0
ANR,D,20220322,000000,26.5,26.5,25.65,25.85,2409,0
ANR,D,20220323,000000,26.25,26.25,25.2,25.4,9599,0
ANR,D,20220324,000000,25.9,25.9,25.3,25.4,7548,0
ANR,D,20220325,000000,25.6,26.1,25.3,25.5,15466,0
ANR,D,20220328,000000,26.5,26.5,25.5,26,11285,0
ANR,D,20220329,000000,27.5,27.9,25.95,26.4,45227,0
ANR,D,20220330,000000,26.4,26.4,25.1,26,47329,0
ANR,D,20220331,000000,26.3,26.9,26,26.5,7112,0
ANR,D,20220401,000000,26.7,26.85,26.2,26.85,2935,0
ANR,D,20220404,000000,26.85,26.85,26.1,26.5,4946,0
ANR,D,20220405,000000,26.4,26.4,25.8,25.95,2783,0
ANR,D,20220406,000000,26.6,26.7,25.75,25.85,30453,0
ANR,D,20220407,000000,26,26,25.1,25.95,5404,0
ANR,D,20220408,000000,26,26,25.15,26,4353,0
ANR,D,20220411,000000,26,26.5,25.6,25.7,6152,0
ANR,D,20220412,000000,26.45,26.85,25.8,26.5,9121,0
ANR,D,20220413,000000,26.55,26.55,25.9,26.3,4290,0
ANR,D,20220414,000000,26.4,26.4,24.6,25.7,8353,0
ANR,D,20220419,000000,25.7,26.25,25.4,25.8,7289,0
ANR,D,20220420,000000,26,26.2,25.8,25.85,4426,0
ANR,D,20220421,000000,26,26,25.55,25.55,2518,0
ANR,D,20220422,000000,25.95,25.95,24.7,25.5,2709,0
ANR,D,20220425,000000,25,25.5,24.7,25.1,4366,0
ANR,D,20220426,000000,25.1,25.55,25.1,25.2,5146,0
ANR,D,20220427,000000,24.9,24.95,24.25,24.6,3853,0
ANR,D,20220428,000000,24.95,24.95,24,24.5,1398,0
ANR,D,20220429,000000,24.05,24.25,23.5,23.9,4862,0
ANR,D,20220502,000000,24.2,24.2,23.6,23.6,897,0
ANR,D,20220504,000000,23.4,24.6,23.35,24.6,2780,0
ANR,D,20220505,000000,24.65,26,24.25,25,4883,0
ANR,D,20220506,000000,25,25,23,23.55,3914,0
ANR,D,20220509,000000,23.9,23.9,22.35,22.35,5122,0
ANR,D,20220510,000000,22.7,23.4,22.4,23,4617,0
ANR,D,20220511,000000,23.45,23.45,22.05,22.6,3073,0
ANR,D,20220512,000000,22.55,22.55,22,22.25,2022,0
ANR,D,20220513,000000,22.5,23,22,23,1580,0
ANR,D,20220516,000000,23.55,23.6,22.7,23.25,1406,0
ANR,D,20220517,000000,24.3,24.7,23.35,23.85,5833,0
ANR,D,20220518,000000,24.4,24.4,23.95,23.95,1763,0
ANR,D,20220519,000000,21.7,21.7,19.7,20.1,83315,0
ANR,D,20220520,000000,20.7,20.7,20.1,20.65,18445,0
ANR,D,20220523,000000,20.9,20.9,19.7,19.8,11368,0
ANR,D,20220524,000000,19.88,19.88,18.88,19.26,9234,0
ANR,D,20220525,000000,19.26,19.34,19.08,19.34,3731,0
ANR,D,20220526,000000,19.22,19.34,19.02,19.34,4068,0
ANR,D,20220527,000000,19.5,19.8,19.3,19.8,2957,0
ANR,D,20220530,000000,19.9,20,19.3,19.68,5386,0
ANR,D,20220531,000000,19.42,20.15,19.4,20.15,4699,0
ANR,D,20220601,000000,20.25,20.3,19.8,19.96,5673,0
ANR,D,20220602,000000,19.96,19.96,19.8,19.96,1578,0
ANR,D,20220603,000000,19.84,20.1,19.72,20.1,3351,0
ANR,D,20220606,000000,20.2,20.3,19.82,20,1613,0
ANR,D,20220607,000000,19.94,20.05,19.9,20,5890,0
ANR,D,20220608,000000,20.05,20.05,19.5,19.72,759,0
ANR,D,20220609,000000,19.96,19.96,18.56,19,5452,0
ANR,D,20220610,000000,19.1,19.1,18.74,18.86,876,0
ANR,D,20220613,000000,18.9,18.9,17.36,17.44,9100,0
ANR,D,20220614,000000,17.5,17.8,16,16.06,22385,0
ANR,D,20220615,000000,16.4,17.3,16.3,17.1,4898,0
ANR,D,20220617,000000,17.26,17.46,16.32,16.32,6362,0
ANR,D,20220620,000000,17,17.14,16.5,16.96,4251,0
ANR,D,20220621,000000,17.14,17.46,16.8,16.84,5593,0
ANR,D,20220622,000000,16.98,17,16.1,16.84,5606,0
ANR,D,20220623,000000,16.84,17.44,16.62,17.18,3177,0
ANR,D,20220624,000000,17.38,17.38,16.7,16.7,6471,0
ANR,D,20220627,000000,17.16,17.16,16.5,16.64,7353,0
ANR,D,20220628,000000,17.12,17.12,16.42,16.42,12107,0
ANR,D,20220629,000000,16.42,16.42,16,16.38,8773,0
ANR,D,20220630,000000,16.38,16.38,15.9,16,6029,0
ANR,D,20220701,000000,16.1,16.82,16.1,16.32,8861,0
ANR,D,20220704,000000,16.48,16.74,16.44,16.5,7055,0
ANR,D,20220705,000000,16.92,17.3,16.6,17,10507,0
ANR,D,20220706,000000,17.68,19.1,17.68,19.06,15196,0
ANR,D,20220707,000000,19.4,19.4,18.54,18.8,6634,0
ANR,D,20220708,000000,19,19,18,18.82,5265,0
ANR,D,20220711,000000,18.9,19.8,18.9,19.08,2977,0
ANR,D,20220712,000000,19.1,19.1,18.7,18.7,11992,0
ANR,D,20220713,000000,19.1,19.1,18.02,18.02,5114,0
ANR,D,20220714,000000,18.02,18.34,17.74,17.82,1614,0
ANR,D,20220715,000000,18,18.5,17.74,18.5,1933,0
ANR,D,20220718,000000,18.4,18.48,17.52,18.4,9007,0
ANR,D,20220719,000000,18.4,18.4,17.6,18.26,1451,0
ANR,D,20220720,000000,18.24,18.24,17.98,18.12,1454,0
ANR,D,20220721,000000,18,18.48,18,18.48,1867,0
ANR,D,20220722,000000,18.5,18.5,18,18.48,5029,0
ANR,D,20220725,000000,18.6,18.6,18.3,18.4,4794,0
ANR,D,20220726,000000,18.4,18.48,18.1,18.48,2937,0
ANR,D,20220727,000000,18.4,18.4,17.82,18.12,1979,0
ANR,D,20220728,000000,18.14,18.34,18.14,18.3,23961,0
ANR,D,20220729,000000,18.32,18.4,18.3,18.4,1619,0
ANR,D,20220801,000000,18.34,18.5,18.26,18.46,3869,0
ANR,D,20220802,000000,18.5,18.56,18.3,18.34,8813,0
ANR,D,20220803,000000,18.5,18.5,18.08,18.1,2835,0
ANR,D,20220804,000000,18.3,18.7,18.24,18.6,2457,0
ANR,D,20220805,000000,18.48,18.5,18.2,18.2,7544,0
ANR,D,20220808,000000,18.4,18.94,18.22,18.22,9064,0
ANR,D,20220809,000000,18.3,18.9,18.14,18.28,13199,0
ANR,D,20220810,000000,18.5,18.5,18.28,18.3,7540,0
ANR,D,20220811,000000,18.4,18.4,18.26,18.4,16648,0
ANR,D,20220812,000000,18.4,18.4,18.22,18.22,3832,0
ANR,D,20220816,000000,18.4,18.4,18.14,18.2,122753,0
ANR,D,20220817,000000,18.2,18.86,18.2,18.44,2287,0
ANR,D,20220818,000000,18.48,19.64,18.48,18.9,5476,0
ANR,D,20220819,000000,18.9,18.9,18.5,18.54,2273,0
ANR,D,20220822,000000,18.3,18.56,17.86,18,8321,0
ANR,D,20220823,000000,17.8,17.96,17,17.5,15206,0
ANR,D,20220824,000000,17.5,17.76,17.3,17.52,2123,0
ANR,D,20220825,000000,17.52,17.6,16.98,17.48,9549,0
ANR,D,20220826,000000,17.3,17.48,17.14,17.42,2381,0
ANR,D,20220829,000000,17.38,17.38,16.92,17,2246,0
ANR,D,20220830,000000,17.26,17.48,16.26,16.98,20472,0
ANR,D,20220831,000000,16.5,17.04,16.5,16.72,2146,0
ANR,D,20220901,000000,17.08,17.4,16.72,17.4,3461,0
ANR,D,20220902,000000,17.3,17.9,17.14,17.9,2568,0
ANR,D,20220905,000000,18,18,17.38,17.9,2028,0
ANR,D,20220906,000000,17.88,17.9,17.46,17.46,2126,0
ANR,D,20220907,000000,17.7,17.74,17.52,17.7,1337,0
ANR,D,20220908,000000,17.8,17.9,17.62,17.7,2961,0
ANR,D,20220909,000000,17.94,18.18,17.8,18.08,6302,0
ANR,D,20220912,000000,18.28,19.36,18,19.2,13270,0
ANR,D,20220913,000000,20,20,18.6,18.9,60700,0
ANR,D,20220914,000000,19.16,19.8,18.3,18.52,8801,0
ANR,D,20220915,000000,18.88,18.88,18.42,18.52,2814,0
ANR,D,20220916,000000,18.42,18.62,18.36,18.4,3670,0
ANR,D,20220919,000000,18.58,18.58,17.52,18.3,8549,0
ANR,D,20220920,000000,18.3,18.32,17.56,17.8,5604,0
ANR,D,20220921,000000,17.74,18.16,17.7,18,3729,0
ANR,D,20220922,000000,17.8,18.38,17.8,18.24,3468,0
ANR,D,20220923,000000,18.4,18.4,17.72,17.98,6056,0
ANR,D,20220926,000000,17.9,17.9,17,17.68,7150,0
ANR,D,20220927,000000,17.88,17.88,17.4,17.74,1460,0
ANR,D,20220928,000000,17.68,17.68,17,17.6,3518,0
ANR,D,20220929,000000,17.6,17.66,17.18,17.5,11234,0
ANR,D,20220930,000000,17.6,17.6,17.02,17.6,3326,0
ANR,D,20221003,000000,17.6,18.68,17.48,18.5,1521,0
ANR,D,20221004,000000,18.5,18.7,18.08,18.62,921,0
ANR,D,20221005,000000,18.62,18.64,18.02,18.42,865,0
ANR,D,20221006,000000,18.9,19.8,18.9,19.64,30337,0
ANR,D,20221007,000000,19.6,20.6,19.34,20,9460,0
ANR,D,20221010,000000,20,20.25,19.34,19.88,3112,0
ANR,D,20221011,000000,19.96,19.96,19.3,19.7,2955,0
ANR,D,20221012,000000,19.7,19.9,19.34,19.62,2444,0
ANR,D,20221013,000000,19.64,20.1,19.64,19.68,7583,0
ANR,D,20221014,000000,19.46,20.1,19.46,20,6245,0
ANR,D,20221017,000000,20.1,20.2,19.6,20,3667,0
ANR,D,20221018,000000,20.1,20.1,19.68,20,3665,0
ANR,D,20221019,000000,19.96,19.96,19.54,19.54,7171,0
ANR,D,20221020,000000,19.54,19.94,19.52,19.94,1706,0
ANR,D,20221021,000000,19.94,19.94,19.56,19.7,1134,0
ANR,D,20221024,000000,19.88,19.88,19.3,19.8,973,0
ANR,D,20221025,000000,19.88,19.88,19.24,19.68,2352,0
ANR,D,20221026,000000,19.7,19.7,19.4,19.68,2009,0
ANR,D,20221027,000000,19.36,19.4,19.2,19.4,1366,0
ANR,D,20221028,000000,19.26,19.8,19.26,19.7,4520,0
ANR,D,20221031,000000,19.7,19.7,19.5,19.66,791,0
ANR,D,20221102,000000,19.6,20.95,19.5,20.95,19231,0
ANR,D,20221103,000000,20.95,21.5,20.55,21.3,1731,0
ANR,D,20221104,000000,21.4,21.45,20.8,21.3,9755,0
ANR,D,20221107,000000,21.35,22.25,21.35,21.65,56600,0
ANR,D,20221108,000000,21.5,22.2,21.45,22.15,11186,0
ANR,D,20221109,000000,22.4,22.6,21.75,22,5627,0
ANR,D,20221110,000000,21.75,22.5,21.7,21.9,5378,0
ANR,D,20221114,000000,22,22.7,21.9,22.7,16229,0
ANR,D,20221115,000000,22.75,23.4,22.2,23.4,4222,0
ANR,D,20221116,000000,23,24,23,23.95,4937,0
ANR,D,20221117,000000,24,24,23.55,23.85,7089,0
ANR,D,20221118,000000,23,23.65,22.2,23.3,31746,0
ANR,D,20221121,000000,23.9,23.95,23.3,23.45,14357,0
ANR,D,20221122,000000,23.8,23.8,23,23.5,9165,0
ANR,D,20221123,000000,23.7,23.7,22.9,22.9,4155,0
ANR,D,20221124,000000,22.8,22.95,22.65,22.8,3841,0
ANR,D,20221125,000000,23.15,23.15,21.9,22.85,6601,0
ANR,D,20221128,000000,22.85,23.7,22.8,22.9,5610,0
ANR,D,20221129,000000,22.9,23.1,22.8,23.1,4923,0
ANR,D,20221130,000000,22.9,23.3,22.9,23.2,2048,0
ANR,D,20221201,000000,23.2,23.65,23.1,23.1,4004,0
ANR,D,20221202,000000,23.65,23.65,23,23.6,5897,0
ANR,D,20221205,000000,23.35,24.3,23.3,23.95,13799,0
ANR,D,20221206,000000,23.95,24.1,23.6,23.95,5462,0
ANR,D,20221207,000000,23.8,24,23.7,24,3476,0
ANR,D,20221208,000000,24,24,23.6,24,7156,0
ANR,D,20221209,000000,24.05,24.05,23.6,23.85,3064,0
ANR,D,20221212,000000,23.9,24.05,23.8,23.9,5359,0
ANR,D,20221213,000000,24.1,24.15,23.4,24.1,9919,0
ANR,D,20221214,000000,24.05,24.5,23.95,24,10981,0
ANR,D,20221215,000000,24,24,23.55,23.8,4066,0
ANR,D,20221216,000000,23.8,23.8,23.35,23.65,1113,0
ANR,D,20221219,000000,23.7,24.1,23.7,24.1,4015,0
ANR,D,20221220,000000,23.8,25.7,23.8,25.45,13167,0
ANR,D,20221221,000000,26,26.6,25.65,26.25,9943,0
ANR,D,20221222,000000,26.3,26.5,25.8,26.05,10894,0
ANR,D,20221223,000000,26.05,27.7,26.05,27.4,20972,0
ANR,D,20221227,000000,26.4,26.75,26.2,26.4,5513,0
ANR,D,20221228,000000,26.6,26.6,25.3,25.85,8772,0
ANR,D,20221229,000000,27.15,27.65,26.45,26.6,8924,0
ANR,D,20221230,000000,26.7,27.4,26.65,26.75,4959,0
ANR,D,20230102,000000,27.15,27.3,26.3,27,3990,0
ANR,D,20230103,000000,27.35,27.4,26.5,26.9,6975,0
ANR,D,20230104,000000,26.9,27.25,26.9,27.2,34717,0
ANR,D,20230105,000000,27.3,28.5,27.3,28.4,27468,0
ANR,D,20230109,000000,28.5,28.9,28.4,28.4,14255,0
ANR,D,20230110,000000,28.5,28.95,27.5,28.15,7804,0
ANR,D,20230111,000000,28.2,28.5,27.6,27.7,8242,0
ANR,D,20230112,000000,27.7,28.4,27.55,28,4299,0
ANR,D,20230113,000000,27.65,28.45,27.55,27.65,5559,0
ANR,D,20230116,000000,28,28.4,26.65,27.7,9708,0
ANR,D,20230117,000000,28.25,28.3,27.75,28.2,3929,0
ANR,D,20230118,000000,28.2,29.9,28.2,29.6,17025,0
ANR,D,20230119,000000,29.6,29.8,28.55,29,4348,0
ANR,D,20230120,000000,29,29.6,29,29.25,7907,0
ANR,D,20230123,000000,29.45,30,29.1,29.75,7979,0
ANR,D,20230124,000000,29.6,30.4,29,29.5,9585,0
ANR,D,20230125,000000,29.5,29.7,29,29.35,7444,0
ANR,D,20230126,000000,29.1,29.6,29,29.3,3733,0
ANR,D,20230127,000000,29.3,29.85,29.3,29.35,2420,0
ANR,D,20230130,000000,29.35,30,29.35,29.8,3755,0
ANR,D,20230131,000000,29.9,30,29,29.1,6091,0
ANR,D,20230201,000000,29.1,29.75,29,29,10672,0
ANR,D,20230202,000000,29.3,29.75,28.65,28.9,6056,0
ANR,D,20230203,000000,29,29.2,27.2,28.8,9195,0
ANR,D,20230206,000000,28,28.8,27.5,28,7749,0
ANR,D,20230207,000000,28.15,28.45,28.05,28.4,2684,0
ANR,D,20230208,000000,28.45,29.05,28.45,28.9,13861,0
ANR,D,20230209,000000,28.65,29.25,28.5,29.15,4067,0
ANR,D,20230210,000000,29.5,30,28.6,28.65,24273,0
ANR,D,20230213,000000,29.05,30.1,27.2,29,18905,0
ANR,D,20230214,000000,29,29.1,28.35,29,1669,0
ANR,D,20230215,000000,29.25,29.25,28.4,29,1375,0
ANR,D,20230216,000000,28.9,29,28.3,28.8,652,0
ANR,D,20230217,000000,28.8,28.8,28,28.4,2666,0
ANR,D,20230220,000000,28.4,28.6,28,28.55,2127,0
ANR,D,20230221,000000,28,28.3,27.7,28.3,3035,0
ANR,D,20230222,000000,28.35,28.35,27,27.55,7492,0
ANR,D,20230223,000000,27.25,27.8,27.25,27.55,1019,0
ANR,D,20230224,000000,27.6,28.3,27.25,27.8,1214,0
ANR,D,20230227,000000,28.4,28.55,27.15,28.55,1316,0
ANR,D,20230228,000000,28.5,28.5,27.7,27.7,3805,0
ANR,D,20230301,000000,27.55,28.55,27.15,27.6,7465,0
ANR,D,20230302,000000,27.2,27.85,27.2,27.55,3237,0
ANR,D,20230303,000000,27.55,27.55,27.4,27.5,1376,0
ANR,D,20230306,000000,27.5,28,27.3,27.55,7855,0
ANR,D,20230307,000000,27.6,27.95,27.45,27.75,6751,0
ANR,D,20230308,000000,27.75,28,27.4,28,4141,0
ANR,D,20230309,000000,28,28.4,27.45,27.45,6194,0
ANR,D,20230310,000000,27.5,28.25,27.4,28.15,4367,0
ANR,D,20230313,000000,27.5,27.95,27.3,27.9,6952,0
ANR,D,20230314,000000,27.5,28.9,27.4,28.9,11431,0
ANR,D,20230315,000000,28.9,28.9,27.65,27.65,5204,0
ANR,D,20230316,000000,27.6,28.05,27.2,27.9,7565,0
ANR,D,20230317,000000,27.9,28.5,27.8,28.5,2693,0
ANR,D,20230320,000000,28.05,29.3,28.05,28.9,5979,0
ANR,D,20230321,000000,29.55,29.8,28.5,29.4,3080,0
ANR,D,20230322,000000,29.4,29.45,28.8,29,1434,0
ANR,D,20230323,000000,29,29,28.8,28.8,6887,0
ANR,D,20230324,000000,28.8,29.1,28.8,29,6385,0
ANR,D,20230327,000000,29,30,29,29.95,9938,0
ANR,D,20230328,000000,30,31.35,30,31,19550,0
ANR,D,20230329,000000,31.1,31.9,30.85,31.45,10731,0
ANR,D,20230330,000000,31.5,31.9,29.1,30.65,55139,0
ANR,D,20230331,000000,30.4,30.75,30.15,30.4,1666,0
ANR,D,20230403,000000,30.4,32,30,31.95,57028,0
ANR,D,20230404,000000,32,33.5,31.8,33.5,27250,0
ANR,D,20230405,000000,33.95,35.4,33.1,35.2,47523,0
ANR,D,20230406,000000,35.3,35.7,34.5,34.95,21187,0
ANR,D,20230411,000000,34.95,34.95,33.4,34.45,15506,0
ANR,D,20230412,000000,34.6,34.85,33.35,34,6092,0
ANR,D,20230413,000000,33.7,34.15,33.55,33.9,5496,0
ANR,D,20230414,000000,33.9,33.95,33.15,33.9,2688,0
ANR,D,20230417,000000,34.2,34.25,33.55,33.95,7755,0
ANR,D,20230418,000000,34,34.2,33.4,33.85,5820,0
ANR,D,20230419,000000,33.8,34.8,33.5,34.75,10510,0
ANR,D,20230420,000000,33.9,35.8,33.9,35.5,7620,0
ANR,D,20230421,000000,35,35.5,34.7,35.5,2434,0
ANR,D,20230424,000000,35,37,35,35.5,12732,0
ANR,D,20230425,000000,35.5,35.8,34.4,35,5451,0
ANR,D,20230426,000000,34.4,35.5,34.1,34.2,3446,0
ANR,D,20230427,000000,34.1,35.4,33.2,34.8,13699,0
ANR,D,20230428,000000,34.8,35.6,34.3,35.5,8945,0
ANR,D,20230502,000000,35.5,35.5,34.4,34.7,2764,0
ANR,D,20230504,000000,34.7,35.2,34.4,34.9,955,0
ANR,D,20230505,000000,34.9,34.9,34,34.3,5947,0
ANR,D,20230508,000000,34.5,36.2,34.5,35,8000,0
ANR,D,20230509,000000,35,36.8,35,35.8,17924,0
ANR,D,20230510,000000,36.2,36.4,35.5,35.5,1967,0
ANR,D,20230511,000000,35.5,36.4,35.5,36.2,3094,0
ANR,D,20230512,000000,35.9,36.1,34.8,35.4,2763,0
ANR,D,20230515,000000,35.6,36,35.4,35.6,2139,0
ANR,D,20230516,000000,35.6,35.8,35.6,35.8,3441,0
ANR,D,20230517,000000,35.7,36,35.5,35.5,971,0
ANR,D,20230518,000000,35.6,36.5,35.6,35.9,7754,0
ANR,D,20230519,000000,36.2,36.9,36,36.9,9179,0
ANR,D,20230522,000000,37,37.3,36.9,37.1,10577,0
ANR,D,20230523,000000,37.1,37.6,36.9,37.1,6985,0
ANR,D,20230524,000000,36.9,37,33.3,35.8,53250,0
ANR,D,20230525,000000,35,37.6,34.9,37.3,25060,0
ANR,D,20230526,000000,37.4,37.5,37,37.1,6412,0
ANR,D,20230529,000000,37,37.5,37,37.2,5338,0
ANR,D,20230530,000000,37,37.5,37,37.4,5781,0
ANR,D,20230531,000000,37.1,37.1,36.2,36.2,10825,0
ANR,D,20230601,000000,36.6,36.6,33.8,34,18829,0
ANR,D,20230602,000000,34.5,35.8,34.1,34.6,9593,0
ANR,D,20230605,000000,35.7,35.7,34.4,34.7,3460,0
ANR,D,20230606,000000,34.9,35,33.7,33.9,4183,0
ANR,D,20230607,000000,34.1,35,33.9,34.3,7027,0
ANR,D,20230609,000000,34.6,34.7,34.3,34.5,2154,0
ANR,D,20230612,000000,34.5,34.7,34.4,34.7,584,0
ANR,D,20230613,000000,34.6,35,34.5,34.6,3103,0
ANR,D,20230614,000000,34.6,35,34.3,34.3,3319,0
ANR,D,20230615,000000,34.3,35,34.3,34.5,3985,0
ANR,D,20230616,000000,34.5,34.8,34.3,34.4,1948,0
ANR,D,20230619,000000,34.4,35,34.3,35,5814,0
ANR,D,20230620,000000,35,35,34.3,34.9,3736,0
ANR,D,20230621,000000,34.3,34.8,34.3,34.8,2204,0
ANR,D,20230622,000000,34.6,34.7,34.4,34.6,2795,0
ANR,D,20230623,000000,34.6,34.6,33.8,33.9,3038,0
ANR,D,20230626,000000,33.9,33.9,31.8,32,22704,0
ANR,D,20230627,000000,31.8,31.8,30.8,31.5,20250,0
ANR,D,20230628,000000,31.6,33,31.6,32,9397,0
ANR,D,20230629,000000,32.1,33,32,33,3195,0
ANR,D,20230630,000000,32.3,33.1,32.3,33.1,987,0
ANR,D,20230703,000000,33,33.4,32.9,33.3,3717,0
ANR,D,20230704,000000,33.4,35.4,33.4,34.9,31664,0
ANR,D,20230705,000000,34.8,35.5,34.1,34.9,16562,0
ANR,D,20230706,000000,35.6,37.2,35.6,36.6,27585,0
ANR,D,20230707,000000,37,37,36.2,36.8,6097,0
ANR,D,20230710,000000,36.9,37,35.3,35.6,10959,0
ANR,D,20230711,000000,36,36.1,35.7,36.1,6236,0
ANR,D,20230712,000000,36.1,36.5,35.9,36.4,3590,0
ANR,D,20230713,000000,36.2,36.9,35.9,36.9,5044,0
ANR,D,20230714,000000,36.9,36.9,36,36.8,10968,0
ANR,D,20230717,000000,36.9,36.9,36.1,36.2,3879,0
ANR,D,20230718,000000,36.1,36.7,36.1,36.5,3457,0
ANR,D,20230719,000000,36.5,37,36.5,36.6,4120,0
ANR,D,20230720,000000,36.7,38.4,36.6,37.9,20369,0
ANR,D,20230721,000000,37.8,37.9,37.3,37.8,25738,0
ANR,D,20230724,000000,37.5,38.1,37.5,38.1,6296,0
ANR,D,20230725,000000,38.4,38.4,34.6,37,15210,0
ANR,D,20230726,000000,37,37.3,36.5,36.7,2501,0
ANR,D,20230727,000000,36.9,37,36.5,36.9,1233,0
ANR,D,20230728,000000,36.6,36.9,35.6,35.9,7549,0
ANR,D,20230731,000000,35.9,36.6,34.9,35.2,12708,0
ANR,D,20230801,000000,35.2,36.1,35.2,35.9,3953,0
ANR,D,20230802,000000,35.9,35.9,34.8,35.4,17220,0
ANR,D,20230803,000000,35.1,37.1,35,36.3,12265,0
ANR,D,20230804,000000,36.3,37.4,36.3,36.8,8952,0
ANR,D,20230807,000000,36.8,37,36,36.5,3837,0
ANR,D,20230808,000000,36.9,36.9,36.3,36.5,4813,0
ANR,D,20230809,000000,37,37,35.3,36.3,8196,0
ANR,D,20230810,000000,36.3,36.8,36.1,36.4,1730,0
ANR,D,20230811,000000,36.4,37,36.4,36.4,2294,0
ANR,D,20230814,000000,36.4,36.8,36.4,36.4,2345,0
ANR,D,20230816,000000,36.5,36.8,35.1,35.9,6942,0
ANR,D,20230817,000000,36.4,36.5,35.8,35.8,2015,0
ANR,D,20230818,000000,35.9,35.9,35.2,35.6,4571,0
ANR,D,20230821,000000,35.8,37.1,35.1,36.7,6018,0
ANR,D,20230822,000000,37,37,35.3,36.5,3029,0
ANR,D,20230823,000000,36.8,36.8,36,36,2339,0
ANR,D,20230824,000000,36.8,36.8,35.4,36,3589,0
ANR,D,20230825,000000,36.3,36.5,35.9,36.1,3333,0
ANR,D,20230828,000000,36.8,36.8,36.1,36.3,1400,0
ANR,D,20230829,000000,36.5,36.5,35.7,35.7,8083,0
ANR,D,20230830,000000,35.8,35.8,35.4,35.6,2535,0
ANR,D,20230831,000000,35.6,35.6,35.3,35.4,5169,0
ANR,D,20230901,000000,35.2,35.3,35,35.2,6272,0
ANR,D,20230904,000000,35.2,35.3,34.9,34.9,3851,0
ANR,D,20230905,000000,34.9,35.5,34.7,35,12401,0
ANR,D,20230906,000000,34.9,35.4,34.5,35,11711,0
ANR,D,20230907,000000,35,35.7,34.6,34.7,4847,0
ANR,D,20230908,000000,34.9,36,34.9,35.3,38987,0
ANR,D,20230911,000000,35.4,36,34.9,34.9,19898,0
ANR,D,20230912,000000,35,35.7,34.6,35.7,19657,0
ANR,D,20230913,000000,35.9,36.5,35.6,36.4,5324,0
ANR,D,20230914,000000,36.3,37,36.1,36.6,6328,0
ANR,D,20230915,000000,36.6,37,35.4,35.8,14642,0
ANR,D,20230918,000000,35.8,36.1,34.8,35.8,6679,0
ANR,D,20230919,000000,34.7,35.1,33.5,33.5,33644,0
ANR,D,20230920,000000,33.4,34,31.7,33,28847,0
ANR,D,20230921,000000,33,33.5,32.8,32.8,7584,0
ANR,D,20230922,000000,32.8,32.8,31.8,31.9,11019,0
ANR,D,20230925,000000,31.9,32.3,31.7,32,14049,0
ANR,D,20230926,000000,32,32,31.6,32,9480,0
ANR,D,20230927,000000,33,33,29.7,29.8,49421,0
ANR,D,20230928,000000,29.8,30,28.5,29.3,14033,0
ANR,D,20230929,000000,29.6,30.8,29.6,30.5,13174,0
ANR,D,20231002,000000,30.4,31.1,29.7,30,13929,0
ANR,D,20231003,000000,30,30.8,28.7,29.3,7235,0
ANR,D,20231004,000000,28.2,30.2,27,29.8,69598,0
ANR,D,20231005,000000,29.8,30.5,29.5,29.5,6245,0
ANR,D,20231006,000000,29.9,30.6,29.6,29.8,2010,0
ANR,D,20231009,000000,30.2,30.2,29.1,29.3,7097,0
ANR,D,20231010,000000,29.1,30,29.1,30,6651,0
ANR,D,20231011,000000,30,30.5,29.7,29.7,7565,0
ANR,D,20231012,000000,29.8,30.3,29.6,30,5186,0
ANR,D,20231013,000000,30,30.3,29.8,30.1,1342,0
ANR,D,20231016,000000,30.4,31,29.9,30.3,2859,0
ANR,D,20231017,000000,30.3,30.3,28.9,29.8,19973,0
ANR,D,20231018,000000,29.2,30.6,29.2,29.4,7615,0
ANR,D,20231019,000000,29.5,30.6,29.5,29.7,4170,0
ANR,D,20231020,000000,29.8,30.1,28.7,29.5,15371,0
ANR,D,20231023,000000,29.3,29.4,29,29.4,1446,0
ANR,D,20231024,000000,29.4,29.6,29.4,29.4,1452,0
ANR,D,20231025,000000,29.5,29.5,28.9,29.3,4012,0
ANR,D,20231026,000000,29.3,30.3,29.1,29.3,7451,0
ANR,D,20231027,000000,29.8,30.5,29.6,29.6,9130,0
ANR,D,20231030,000000,29.7,30,29.3,29.7,3351,0
ANR,D,20231031,000000,29.7,29.9,29.3,29.4,3274,0
ANR,D,20231102,000000,29.5,30,29.4,29.5,4137,0
ANR,D,20231103,000000,29.4,29.4,28.7,29,15231,0
ANR,D,20231106,000000,29,29.6,29,29.4,13988,0
ANR,D,20231107,000000,29.2,29.4,29,29.2,8038,0
ANR,D,20231108,000000,29.2,29.3,28.9,28.9,4020,0
ANR,D,20231109,000000,28.9,29.3,28.9,29.1,2846,0
ANR,D,20231110,000000,29.1,29.3,28.6,29,5636,0
ANR,D,20231113,000000,28.8,29,28.5,29,4392,0
ANR,D,20231114,000000,29,29,28.8,29,6637,0
ANR,D,20231115,000000,28.9,29,28.6,28.9,7795,0
ANR,D,20231116,000000,28.9,29,28.9,28.9,2877,0
ANR,D,20231117,000000,29,29.1,28.8,29,2951,0
ANR,D,20231120,000000,29.3,29.3,28.8,29,7767,0
ANR,D,20231121,000000,29,30.8,28.9,30.6,7263,0
ANR,D,20231122,000000,30.6,31.8,30.6,31,7484,0
ANR,D,20231123,000000,31,31.6,30.8,31,4016,0
ANR,D,20231124,000000,31,31,29.7,30.4,5076,0
ANR,D,20231127,000000,30.4,30.4,29.8,30.3,10871,0
ANR,D,20231128,000000,30.4,30.8,29.6,30.4,8293,0
ANR,D,20231129,000000,28.6,29,27.7,28.4,59858,0
ANR,D,20231130,000000,28.4,28.7,28,28.3,9027,0
ANR,D,20231201,000000,28.2,28.6,28,28.4,6173,0
ANR,D,20231204,000000,28.4,28.6,28.2,28.4,12185,0
ANR,D,20231205,000000,28.4,29.2,28.4,29.2,3820,0
ANR,D,20231206,000000,29,32,28.7,31,13810,0
ANR,D,20231207,000000,31,31.7,31,31.5,6782,0
ANR,D,20231208,000000,31.5,31.9,31.3,31.3,9182,0
ANR,D,20231211,000000,31.3,32,31.3,31.6,4750,0
ANR,D,20231212,000000,31.7,31.8,31.2,31.5,3420,0
ANR,D,20231213,000000,31.3,31.5,30,30.3,7338,0
ANR,D,20231214,000000,30.3,31.4,30.3,31,7250,0
ANR,D,20231215,000000,31.1,31.8,30.5,31.2,5420,0
ANR,D,20231218,000000,30.9,31,30,30,7040,0
ANR,D,20231219,000000,30,30.1,29,29.7,17299,0
ANR,D,20231220,000000,29.5,29.7,29.1,29.5,4758,0
ANR,D,20231221,000000,29.5,29.5,29.2,29.5,2809,0
ANR,D,20231222,000000,29.3,29.4,29,29.4,10760,0
ANR,D,20231227,000000,29.1,29.2,28.5,28.8,25017,0
ANR,D,20231228,000000,28.9,29.4,28.5,29.4,11014,0
ANR,D,20231229,000000,29.5,29.8,29.3,29.8,4748,0
ANR,D,20240102,000000,30.1,30.5,29.6,29.8,6833,0
ANR,D,20240103,000000,29.8,30,29,29.2,6015,0
ANR,D,20240104,000000,29.2,29.5,29,29.3,5072,0
ANR,D,20240105,000000,29.8,30.9,29.8,30.4,16768,0
ANR,D,20240108,000000,30.1,30.5,30.1,30.3,7443,0
ANR,D,20240109,000000,30.8,30.8,30.1,30.6,5085,0
ANR,D,20240110,000000,30.6,30.8,30.2,30.2,4462,0
ANR,D,20240111,000000,30.4,31.2,30.4,31,17796,0
ANR,D,20240112,000000,31,31.5,30.9,31.4,5070,0
ANR,D,20240115,000000,31.5,31.5,31,31.1,3780,0
ANR,D,20240116,000000,31.4,31.5,30.7,31,5230,0
ANR,D,20240117,000000,31.5,31.5,30.4,30.5,2986,0
ANR,D,20240118,000000,30.5,31.5,30.3,30.9,4818,0
ANR,D,20240119,000000,31.4,32.8,31.4,32.6,48740,0
ANR,D,20240122,000000,32.6,32.6,32,32,10735,0
ANR,D,20240123,000000,32.1,32.3,31.5,31.8,7227,0
ANR,D,20240124,000000,32,33,31.6,33,20195,0
ANR,D,20240125,000000,32.6,32.8,32.3,32.4,13381,0
ANR,D,20240126,000000,32.7,32.7,32,32.4,4895,0
ANR,D,20240129,000000,32.4,32.4,32,32,1225,0
ANR,D,20240130,000000,32,32,31.7,31.8,2167,0
ANR,D,20240131,000000,31.8,32.2,31.8,32.1,2764,0
ANR,D,20240201,000000,32.1,32.1,31.1,31.9,6643,0
ANR,D,20240202,000000,31.9,31.9,30.7,30.7,11430,0
ANR,D,20240205,000000,30.8,31,29.2,29.7,24441,0
ANR,D,20240206,000000,29.5,29.9,29.3,29.9,5483,0
ANR,D,20240207,000000,29.9,30.5,29.4,29.8,10785,0
ANR,D,20240208,000000,29.8,29.8,29.5,29.8,5206,0
ANR,D,20240209,000000,29.9,30.6,29.9,30.2,2598,0
ANR,D,20240212,000000,30.3,30.9,30,30.8,2685,0
ANR,D,20240213,000000,30.4,30.7,29.6,29.9,5503,0
ANR,D,20240214,000000,29.9,30.3,29.5,29.9,3652,0
ANR,D,20240215,000000,30,30.2,29.8,29.9,2299,0
ANR,D,20240216,000000,30,30.1,29.6,29.8,3656,0
ANR,D,20240219,000000,29.6,30,29.6,29.9,5840,0
ANR,D,20240220,000000,29.7,29.9,29.5,29.9,4370,0
ANR,D,20240221,000000,29.9,29.9,29.5,29.6,4918,0
ANR,D,20240222,000000,29.5,29.7,28.8,29.7,17187,0
ANR,D,20240223,000000,29.7,30.4,29.5,30.3,6788,0
ANR,D,20240226,000000,30.4,30.5,30,30,1660,0
ANR,D,20240227,000000,30,30,29.4,30,6051,0
ANR,D,20240228,000000,29.7,30,29.6,29.8,2395,0
ANR,D,20240229,000000,29.8,30.7,29.8,30.3,5667,0
ANR,D,20240301,000000,30.3,31.1,30.2,30.5,11114,0
ANR,D,20240304,000000,30.5,32.1,30.2,31.3,16715,0
ANR,D,20240305,000000,31.2,31.6,30.4,31.6,3881,0
ANR,D,20240306,000000,31.6,31.7,30.6,31.2,8678,0
ANR,D,20240307,000000,31.2,31.5,30.5,31,14604,0
ANR,D,20240308,000000,31,31.2,30.5,30.9,8159,0
ANR,D,20240311,000000,30.7,31.4,30.7,31.4,8804,0
ANR,D,20240312,000000,31.1,31.3,30.4,30.9,5110,0
ANR,D,20240313,000000,30.9,31,30.4,31,6911,0
ANR,D,20240314,000000,30.8,30.9,30.8,30.9,969,0
ANR,D,20240315,000000,30.7,30.7,29.4,29.8,8001,0
