<TICKER>,<PER>,<DATE>,<TIME>,<OPEN>,<HIGH>,<LOW>,<CLOSE>,<VOL>,<OPENINT>
B24,D,20180130,000000,57,57,45.1,47.8,43098,0
B24,D,20180131,000000,48.4,54,48,48,13266,0
B24,D,20180201,000000,48.6,48.6,43.3,44,3970,0
B24,D,20180202,000000,44.9,44.9,40.02,42.58,5592,0
B24,D,20180205,000000,42.58,43,39.01,39.77,2555,0
B24,D,20180206,000000,36.02,38.64,35,36.49,7478,0
B24,D,20180207,000000,39,44,37,42.5,3893,0
B24,D,20180208,000000,42.5,44.4,40.1,43.89,2417,0
B24,D,20180209,000000,42,43.85,40.5,43.85,1022,0
B24,D,20180212,000000,43.85,45.7,43,44,3072,0
B24,D,20180213,000000,44.1,44.1,41.01,44,803,0
B24,D,20180214,000000,44,44,43,43,380,0
B24,D,20180215,000000,43.5,44.5,43.5,44,181,0
B24,D,20180216,000000,44,44,42,42.05,473,0
B24,D,20180219,000000,40.6,43.4,40.6,43.4,2922,0
B24,D,20180220,000000,43,43.49,43,43.49,127,0
B24,D,20180221,000000,43.4,43.49,43,43.49,297,0
B24,D,20180222,000000,43.5,44,43.5,44,105,0
B24,D,20180223,000000,44.5,46.5,43.96,43.96,593,0
B24,D,20180226,000000,44.7,47,44.7,47,63,0
B24,D,20180227,000000,46,46,45,46,169,0
B24,D,20180228,000000,45.5,45.5,44.1,44.1,302,0
B24,D,20180301,000000,45.5,45.5,43.5,43.5,227,0
B24,D,20180302,000000,44.6,45,44,44,34,0
B24,D,20180305,000000,44.5,46,44.5,45,997,0
B24,D,20180306,000000,44,47.9,44,47,854,0
B24,D,20180307,000000,47,47.5,46.5,46.5,213,0
B24,D,20180308,000000,47.9,50.5,47.6,50.5,1068,0
B24,D,20180309,000000,49,50.5,48,48,1121,0
B24,D,20180312,000000,49.9,49.9,47,49.8,488,0
B24,D,20180313,000000,49,49,49,49,63,0
B24,D,20180314,000000,49,49,48.5,48.5,240,0
B24,D,20180315,000000,48.5,49,48.5,48.5,495,0
B24,D,20180316,000000,49,49,47.3,48.5,1833,0
B24,D,20180319,000000,48.5,53,48,50.5,1582,0
B24,D,20180320,000000,50.5,52,50.5,51,209,0
B24,D,20180321,000000,51,52.25,51,52,616,0
B24,D,20180322,000000,52,58,52,54.95,2286,0
B24,D,20180323,000000,53,54.5,52,52,451,0
B24,D,20180326,000000,51.75,54.45,51.75,51.8,775,0
B24,D,20180327,000000,52,54,52,53.5,278,0
B24,D,20180328,000000,52.3,52.3,49,49,2999,0
B24,D,20180329,000000,49,52.8,49,49,637,0
B24,D,20180403,000000,50.01,52.5,50,52.5,1383,0
B24,D,20180404,000000,52.8,52.8,51.5,52.8,141,0
B24,D,20180405,000000,52.8,52.99,51.7,52.99,570,0
B24,D,20180406,000000,52.99,53,52,52,381,0
B24,D,20180409,000000,51.5,53,51.5,53,22,0
B24,D,20180410,000000,53,53.5,52.5,52.5,443,0
B24,D,20180411,000000,53.9,53.9,51.4,51.4,1042,0
B24,D,20180412,000000,51.1,51.1,51,51,606,0
B24,D,20180413,000000,52.44,52.99,52.44,52.8,385,0
B24,D,20180416,000000,52.8,52.8,49,49,577,0
B24,D,20180417,000000,51.2,51.2,51.2,51.2,69,0
B24,D,20180418,000000,50.1,52.95,50.1,52.94,753,0
B24,D,20180419,000000,51,51.1,51,51,99,0
B24,D,20180420,000000,51.1,51.1,51,51,98,0
B24,D,20180423,000000,51,51,50,51,412,0
B24,D,20180424,000000,50,50.5,49.1,50.4,227,0
B24,D,20180425,000000,49,49.15,48.96,49.15,886,0
B24,D,20180426,000000,49,49,48.7,48.7,202,0
B24,D,20180427,000000,49,49.95,48.8,49.95,39,0
B24,D,20180430,000000,50,50,48.95,48.95,293,0
B24,D,20180502,000000,47,47,37.6,45,1265,0
B24,D,20180504,000000,45.9,48.5,45.9,48.5,19,0
B24,D,20180507,000000,48.7,49,47.5,47.5,191,0
B24,D,20180508,000000,47,50,46,48,1299,0
B24,D,20180509,000000,47.5,47.5,44,47,120,0
B24,D,20180510,000000,46.5,46.5,45,45,28,0
B24,D,20180511,000000,44.5,49,41,46,1705,0
B24,D,20180514,000000,48.75,48.75,45,45,1877,0
B24,D,20180515,000000,46,46,43,43,1293,0
B24,D,20180516,000000,43.76,43.76,42,42.2,421,0
B24,D,20180517,000000,45,45,44,44,143,0
B24,D,20180518,000000,45,45,43,44.5,586,0
B24,D,20180521,000000,46,48.5,46,48,236,0
B24,D,20180522,000000,48,48,44,47.5,271,0
B24,D,20180523,000000,48,48,48,48,34,0
B24,D,20180524,000000,48,48,44.9,44.9,66,0
B24,D,20180525,000000,46,48,46,46,150,0
B24,D,20180528,000000,46,46.5,45,45,377,0
B24,D,20180529,000000,45,47.5,45,47.5,84,0
B24,D,20180530,000000,47.4,47.4,47.4,47.4,25,0
B24,D,20180601,000000,47,47.5,44,44,595,0
B24,D,20180604,000000,45,46,42,45,1116,0
B24,D,20180605,000000,45,46,45,46,61,0
B24,D,20180606,000000,45,45,40.1,45,2123,0
B24,D,20180607,000000,43,44,41,43.5,357,0
B24,D,20180608,000000,43.5,44.8,41,41,1730,0
B24,D,20180611,000000,43,43,40.1,42.9,521,0
B24,D,20180612,000000,42,42.9,40,42,223,0
B24,D,20180613,000000,41.8,42,40,40,175,0
B24,D,20180614,000000,40,41.8,40,41.8,473,0
B24,D,20180615,000000,41.4,41.4,39.5,40.1,797,0
B24,D,20180618,000000,40.5,41,40.4,41,96,0
B24,D,20180619,000000,41,41,39.5,40.5,380,0
B24,D,20180620,000000,40.5,41.4,40.5,41,493,0
B24,D,20180621,000000,40,40.6,40,40.6,110,0
B24,D,20180622,000000,40,40,37.6,38.5,393,0
B24,D,20180625,000000,37.5,38.85,37.5,38.85,332,0
B24,D,20180626,000000,38.85,38.95,38.85,38.95,99,0
B24,D,20180627,000000,39.5,39.5,38.95,38.95,159,0
B24,D,20180628,000000,39,39,38,38,105,0
B24,D,20180629,000000,38.01,39,38.01,39,124,0
B24,D,20180702,000000,37.6,41.2,37.6,41,938,0
B24,D,20180703,000000,39.2,41,39.2,40.1,85,0
B24,D,20180704,000000,40.1,40.1,40.1,40.1,41,0
B24,D,20180705,000000,40.5,40.5,40.48,40.5,65,0
B24,D,20180706,000000,39,40.5,38.5,39.5,58,0
B24,D,20180709,000000,41,41,39.5,39.5,22,0
B24,D,20180710,000000,39.7,39.7,39.7,39.7,44,0
B24,D,20180711,000000,41,41,39,39,156,0
B24,D,20180712,000000,39,39.39,39,39.39,30,0
B24,D,20180713,000000,35.5,38.4,35.13,37.5,1010,0
B24,D,20180716,000000,38,38,38,38,50,0
B24,D,20180717,000000,38,38,37.5,37.5,166,0
B24,D,20180718,000000,38.7,38.7,38,38,986,0
B24,D,20180719,000000,38.7,38.9,38,38,30,0
B24,D,20180720,000000,38.9,38.9,38.9,38.9,54,0
B24,D,20180723,000000,39,39,39,39,57,0
B24,D,20180724,000000,39,39,38,38.95,268,0
B24,D,20180725,000000,38.95,38.95,38.01,38.95,146,0
B24,D,20180726,000000,38.95,38.95,38,38.95,428,0
B24,D,20180727,000000,38.95,38.98,38,38,339,0
B24,D,20180730,000000,38,39,38,39,854,0
B24,D,20180731,000000,38.95,39.2,38,39.2,410,0
B24,D,20180802,000000,39.2,39.2,38.5,38.5,264,0
B24,D,20180803,000000,39,39,38,38,181,0
B24,D,20180806,000000,38.9,39,38.9,39,138,0
B24,D,20180807,000000,39,39,39,39,36,0
B24,D,20180808,000000,39,39,37.02,38.85,80,0
B24,D,20180809,000000,38.85,39,37.06,39,699,0
B24,D,20180810,000000,39,39,39,39,6,0
B24,D,20180813,000000,39,39,39,39,70,0
B24,D,20180814,000000,39,39.1,39,39.1,819,0
B24,D,20180816,000000,39,39,39,39,84,0
B24,D,20180817,000000,39,39,38.8,39,614,0
B24,D,20180820,000000,39,39,38.8,38.8,108,0
B24,D,20180821,000000,39,39,39,39,93,0
B24,D,20180822,000000,39,39.1,39,39.1,459,0
B24,D,20180823,000000,39,39,38,38,276,0
B24,D,20180824,000000,39,39.1,39,39.1,126,0
B24,D,20180827,000000,39.3,42.98,39,39,1533,0
B24,D,20180828,000000,39,39,38,39,1011,0
B24,D,20180829,000000,39,39,37.5,37.9,770,0
B24,D,20180830,000000,37.9,37.95,37.9,37.9,51,0
B24,D,20180831,000000,37.9,37.95,37,37.95,323,0
B24,D,20180903,000000,37.9,37.9,37,37.85,228,0
B24,D,20180904,000000,36.9,37.7,36.7,36.7,160,0
B24,D,20180905,000000,36.5,37.5,30.1,34.4,1191,0
B24,D,20180906,000000,35.5,35.5,30.6,34,775,0
B24,D,20180907,000000,35,35.5,32.7,34,717,0
B24,D,20180910,000000,30.7,31.9,30,31.1,948,0
B24,D,20180911,000000,32,35,32,35,618,0
B24,D,20180912,000000,33.7,37.95,32.4,37.95,963,0
B24,D,20180913,000000,39.25,39.25,36.8,38.85,26819,0
B24,D,20180914,000000,39,39,38.96,38.96,35,0
B24,D,20180917,000000,38.9,38.99,37.1,38,688,0
B24,D,20180918,000000,38.9,38.9,38,38,15,0
B24,D,20180919,000000,37,37,37,37,71,0
B24,D,20180920,000000,37,37.99,37,37.99,130,0
B24,D,20180921,000000,37.89,37.89,36.5,36.5,56,0
B24,D,20180924,000000,35.7,37.99,33.1,33.1,662,0
B24,D,20180925,000000,34,36.39,34,36.39,80,0
B24,D,20180928,000000,36.49,37,36.49,37,239,0
B24,D,20181001,000000,35.5,36.5,34.5,36.5,68,0
B24,D,20181002,000000,36.5,36.5,36.5,36.5,62,0
B24,D,20181003,000000,36.5,37.6,36,37.6,40,0
B24,D,20181004,000000,37.8,37.8,37.8,37.8,30,0
B24,D,20181005,000000,37.8,37.8,36.5,36.5,63,0
B24,D,20181008,000000,35.5,35.5,34.5,35,170,0
B24,D,20181009,000000,34.5,34.5,34.5,34.5,51,0
B24,D,20181010,000000,34.55,35,34.55,34.55,517,0
B24,D,20181011,000000,34,34,31.07,34,217,0
B24,D,20181012,000000,36,36.5,35.6,36,702,0
B24,D,20181015,000000,32,37.4,32,35,17,0
B24,D,20181016,000000,33,36,32,36,742,0
B24,D,20181017,000000,36,36,34,34,56,0
B24,D,20181018,000000,34,34,34,34,300,0
B24,D,20181019,000000,35,35,35,35,36,0
B24,D,20181022,000000,36,36,35,35.5,347,0
B24,D,20181023,000000,34.5,36,34.5,36,4066,0
B24,D,20181024,000000,35.5,35.5,35.5,35.5,1,0
B24,D,20181025,000000,35,35,35,35,2,0
B24,D,20181026,000000,36,36,34,34,63,0
B24,D,20181029,000000,35.5,35.5,35,35,97,0
B24,D,20181031,000000,35,35.5,32.4,35.5,346,0
B24,D,20181102,000000,35.5,35.5,32.6,34.8,323,0
B24,D,20181105,000000,35.2,35.2,35.2,35.2,33,0
B24,D,20181106,000000,35,35,35,35,5,0
B24,D,20181107,000000,35.2,35.2,35.2,35.2,32,0
B24,D,20181108,000000,36,36,35,35.8,134,0
B24,D,20181109,000000,35.4,35.4,35.4,35.4,5,0
B24,D,20181113,000000,34.3,34.3,34.3,34.3,10,0
B24,D,20181114,000000,35,36,34.5,35.5,1106,0
B24,D,20181116,000000,36,36,35.5,35.5,53,0
B24,D,20181119,000000,35.6,35.6,34.3,34.3,13,0
B24,D,20181120,000000,34.2,34.2,34.2,34.2,100,0
B24,D,20181121,000000,34.5,34.5,34.5,34.5,24,0
B24,D,20181122,000000,34.5,34.5,34.5,34.5,50,0
B24,D,20181126,000000,35.45,36.2,35,36.2,620,0
B24,D,20181127,000000,36.2,36.5,35.8,35.8,258,0
B24,D,20181128,000000,36.49,36.49,36.49,36.49,20,0
B24,D,20181129,000000,35.5,37,35.5,37,514,0
B24,D,20181130,000000,37,37,37,37,270,0
B24,D,20181203,000000,37.4,38,37.4,38,186,0
B24,D,20181204,000000,38,38,37,37,499,0
B24,D,20181205,000000,38,39,37.12,39,403,0
B24,D,20181206,000000,37.12,39,37.1,39,165,0
B24,D,20181207,000000,39,39,38,38,177,0
B24,D,20181210,000000,36,37,35.5,37,125,0
B24,D,20181211,000000,37,37.35,37,37.35,303,0
B24,D,20181212,000000,37.35,37.35,36,36,440,0
B24,D,20181213,000000,36,37,35.5,37,172,0
B24,D,20181214,000000,36.95,36.95,36.95,36.95,112,0
B24,D,20181217,000000,37,37,36,36,301,0
B24,D,20181218,000000,37,37,36,37,121,0
B24,D,20181219,000000,36,36,36,36,8,0
B24,D,20181220,000000,36,36,35,35,550,0
B24,D,20181221,000000,34.8,35,34.4,34.5,470,0
B24,D,20181227,000000,35,36,35,36,140,0
B24,D,20181228,000000,37,37,35.5,35.5,331,0
B24,D,20190102,000000,35.7,35.7,34.9,35,453,0
B24,D,20190103,000000,37,39,37,37.1,169,0
B24,D,20190104,000000,37.1,37.1,37,37,72,0
B24,D,20190107,000000,37,37,36.95,36.95,194,0
B24,D,20190108,000000,37,37,36,36,112,0
B24,D,20190109,000000,35.2,36.5,35.2,36.5,118,0
B24,D,20190110,000000,36.5,38.5,36.5,38.5,83,0
B24,D,20190111,000000,38.6,38.6,38.1,38.1,40,0
B24,D,20190114,000000,38.5,38.5,38,38,551,0
B24,D,20190115,000000,38.5,38.5,38.5,38.5,50,0
B24,D,20190116,000000,37.5,38,37.4,38,882,0
B24,D,20190117,000000,38,38,38,38,94,0
B24,D,20190118,000000,38,38,37.95,37.95,562,0
B24,D,20190121,000000,37.95,37.95,37.95,37.95,20,0
B24,D,20190122,000000,37.55,37.75,37.4,37.4,548,0
B24,D,20190123,000000,37.4,37.4,37.4,37.4,62,0
B24,D,20190124,000000,37.4,37.7,37.4,37.7,1465,0
B24,D,20190125,000000,37.4,37.4,37,37,278,0
B24,D,20190128,000000,36.3,36.3,36,36,53,0
B24,D,20190129,000000,37,37,36.5,36.5,170,0
B24,D,20190130,000000,36.5,36.5,36,36,206,0
B24,D,20190201,000000,36,37,36,37,78,0
B24,D,20190204,000000,37.2,38,37.2,37.9,289,0
B24,D,20190205,000000,37,37.5,37,37.5,5,0
B24,D,20190206,000000,37.5,37.85,37.5,37.85,28,0
B24,D,20190207,000000,37.85,37.9,37.4,37.9,210,0
B24,D,20190208,000000,37,37.9,36.5,37.9,302,0
B24,D,20190211,000000,35.8,36.5,35.8,36.5,48,0
B24,D,20190212,000000,37.5,39,37.5,39,685,0
B24,D,20190213,000000,38.88,39,38.88,39,184,0
B24,D,20190214,000000,38,38.2,38,38.2,248,0
B24,D,20190215,000000,38,38.2,37,38.2,181,0
B24,D,20190218,000000,38,38.85,38,38.85,39,0
B24,D,20190219,000000,38.85,38.9,38.85,38.9,150,0
B24,D,20190220,000000,35.6,38,35.4,38,399,0
B24,D,20190221,000000,36,36,36,36,10,0
B24,D,20190222,000000,38,38,37.9,37.95,415,0
B24,D,20190225,000000,38.85,38.85,37,38,393,0
B24,D,20190226,000000,38,38,38,38,349,0
B24,D,20190227,000000,37.5,38,37,37,719,0
B24,D,20190228,000000,37,37,37,37,606,0
B24,D,20190301,000000,37.5,37.5,37.5,37.5,15,0
B24,D,20190304,000000,38,38,38,38,30,0
B24,D,20190305,000000,38.995,38.995,38.99,38.99,102,0
B24,D,20190306,000000,38.3,38.3,38.3,38.3,43,0
B24,D,20190307,000000,37,37,37,37,71,0
B24,D,20190308,000000,38,38.99,38,38.99,108,0
B24,D,20190311,000000,38.99,38.995,38,39,236,0
B24,D,20190312,000000,38.9,46,38.5,38.5,760,0
B24,D,20190313,000000,40,41,38.5,39.99,2296,0
B24,D,20190314,000000,38.1,39,38,39,3480,0
B24,D,20190315,000000,38.5,38.5,38.5,38.5,16,0
B24,D,20190318,000000,37.4,37.9,37.1,37.9,1501,0
B24,D,20190319,000000,37.9,37.9,37,37,172,0
B24,D,20190320,000000,37,37,37,37,200,0
B24,D,20190321,000000,37.4,37.4,37.4,37.4,123,0
B24,D,20190322,000000,36.8,37.45,36.6,37.4,525,0
B24,D,20190325,000000,36.6,37.45,36,37.45,569,0
B24,D,20190326,000000,37.45,37.45,35,37,1237,0
B24,D,20190327,000000,36,36.85,36,36.85,31,0
B24,D,20190328,000000,36.96,38,36.5,36.5,821,0
B24,D,20190329,000000,36,37.7,36,36.5,34,0
B24,D,20190401,000000,37,37,36.5,36.5,110,0
B24,D,20190402,000000,37,37,36.4,37,350,0
B24,D,20190403,000000,37,37,37,37,79,0
B24,D,20190404,000000,37,38,37,38,377,0
B24,D,20190405,000000,37.9,37.9,36,37.5,815,0
B24,D,20190408,000000,37.9,37.9,36,36,462,0
B24,D,20190409,000000,35.5,36.5,35.5,36,105,0
B24,D,20190410,000000,36,37,36,37,190,0
B24,D,20190411,000000,36.9,36.9,36,36.9,546,0
B24,D,20190412,000000,35.5,40,35,40,63242,0
B24,D,20190415,000000,40,40.6,40,40,529,0
B24,D,20190416,000000,40,40,38,38,105,0
B24,D,20190417,000000,40,40,39.2,39.2,82,0
B24,D,20190418,000000,39.2,39.2,39.2,39.2,20,0
B24,D,20190423,000000,39.2,40,39.2,39.3,121,0
B24,D,20190424,000000,39.3,39.3,39.3,39.3,20,0
B24,D,20190425,000000,39.3,39.3,39.3,39.3,21,0
B24,D,20190426,000000,39.5,39.5,39.5,39.5,16,0
B24,D,20190429,000000,39.5,41,39.5,41,656,0
B24,D,20190430,000000,40.3,40.3,40.3,40.3,436,0
B24,D,20190502,000000,40,40.1,40,40.1,55,0
B24,D,20190506,000000,40.1,40.1,40.1,40.1,75,0
B24,D,20190507,000000,40.1,40.1,40.1,40.1,25,0
B24,D,20190508,000000,40,40,40,40,150,0
B24,D,20190510,000000,39.9,40,36.4,40,459,0
B24,D,20190513,000000,39.9,40,39.9,40,175,0
B24,D,20190514,000000,39.8,39.8,39.8,39.8,215,0
B24,D,20190515,000000,39,39,39,39,30,0
B24,D,20190517,000000,39.8,42,39.8,42,334,0
B24,D,20190520,000000,42,42,40,40,65,0
B24,D,20190521,000000,40,40,40,40,300,0
B24,D,20190522,000000,40.2,40.2,39,39,94,0
B24,D,20190523,000000,39.1,41,39.1,41,103,0
B24,D,20190524,000000,40.8,41,40.8,41,289,0
B24,D,20190527,000000,41.5,43,41,43,1064,0
B24,D,20190528,000000,42,42,42,42,56,0
B24,D,20190529,000000,42,42.5,41,42.5,87,0
B24,D,20190530,000000,42.5,42.5,42.5,42.5,95,0
B24,D,20190531,000000,42,42,40,40,702,0
B24,D,20190603,000000,40,40,40,40,1,0
B24,D,20190604,000000,40,40,39,40,500,0
B24,D,20190605,000000,41,41,41,41,1,0
B24,D,20190606,000000,40,40,40,40,300,0
B24,D,20190610,000000,40,41.7,40,41.7,120,0
B24,D,20190611,000000,40.7,40.7,40.5,40.5,46,0
B24,D,20190613,000000,40,41,40,41,82,0
B24,D,20190614,000000,41,41,41,41,29,0
B24,D,20190617,000000,41,41,41,41,350,0
B24,D,20190621,000000,41.5,42.9,41.5,42.8,48,0
B24,D,20190625,000000,41,41,41,41,42,0
B24,D,20190627,000000,42,42,41,41,139,0
B24,D,20190628,000000,43.00,43.00,41.10,41.10,65,0
B24,D,20190701,000000,41.1,41.1,41,41,92,0
B24,D,20190702,000000,41.1,41.1,41.1,41.1,195,0
B24,D,20190703,000000,42,45,42,44,1865,0
B24,D,20190704,000000,44.5,45.4,44.1,44.1,470,0
B24,D,20190705,000000,44,44.6,44,44.6,140,0
B24,D,20190708,000000,44.1,45.5,44.1,45,596,0
B24,D,20190709,000000,44.9,45,43.6,45,175,0
B24,D,20190710,000000,45,45,44.5,44.5,89,0
B24,D,20190711,000000,44,44,42,44,52693,0
B24,D,20190712,000000,42.6,42.6,42.5,42.5,380,0
B24,D,20190715,000000,42.5,45,42.5,42.5,627,0
B24,D,20190716,000000,43,43.4,43,43.4,119,0
B24,D,20190717,000000,42.5,43.4,42.4,43.4,170,0
B24,D,20190718,000000,42.4,43.5,42.3,43.5,347,0
B24,D,20190719,000000,43.5,43.5,42,42,720,0
B24,D,20190722,000000,41.1,41.1,41.1,41.1,244,0
B24,D,20190723,000000,41.3,41.3,41.2,41.2,460,0
B24,D,20190724,000000,41.6,42.5,38.1,39.5,1783,0
B24,D,20190725,000000,40,40,39,40,1198,0
B24,D,20190726,000000,40,40,38,40,1087,0
B24,D,20190729,000000,41,42,38.5,40,1052,0
B24,D,20190730,000000,40,40,40,40,290,0
B24,D,20190731,000000,39.5,41,37.2,40,2375,0
B24,D,20190802,000000,40.5,40.5,40.5,40.5,30,0
B24,D,20190805,000000,40.6,40.6,39,39,210,0
B24,D,20190806,000000,38.9,39,38,38.6,408,0
B24,D,20190807,000000,38.6,40,38.6,40,50,0
B24,D,20190808,000000,39.9,39.9,36,39.7,1152,0
B24,D,20190809,000000,37.4,39.7,36.2,39.7,471,0
B24,D,20190812,000000,37.7,39.7,37.6,39.7,80,0
B24,D,20190813,000000,39.9,39.9,39.7,39.7,283,0
B24,D,20190816,000000,39.5,39.6,39.5,39.6,50,0
B24,D,20190819,000000,38.5,39.7,36.4,36.4,2140,0
B24,D,20190820,000000,37,39,37,37,115,0
B24,D,20190821,000000,37,38,37,38,11,0
B24,D,20190826,000000,38,38.5,38,38.5,234,0
B24,D,20190827,000000,37.5,38.9,37,38.9,611,0
B24,D,20190828,000000,37.1,38.9,37,38.9,147,0
B24,D,20190829,000000,37.6,38.9,37,38.9,1026,0
B24,D,20190830,000000,37.3,38,36,37,3657,0
B24,D,20190902,000000,38,38,34,36,4105,0
B24,D,20190903,000000,34.9,35,27.5,30.3,30052,0
B24,D,20190904,000000,30.3,32.8,30.3,30.9,8690,0
B24,D,20190905,000000,32,32.6,29.4,31.2,4242,0
B24,D,20190906,000000,31.8,31.8,31,31,2477,0
B24,D,20190909,000000,30.5,31,30,31,2344,0
B24,D,20190910,000000,31,31,30.1,30.5,837,0
B24,D,20190911,000000,30.2,30.7,29.6,30.5,2014,0
B24,D,20190912,000000,30.4,30.4,28.2,30,1178,0
B24,D,20190913,000000,30,30,28,29.5,3071,0
B24,D,20190916,000000,29.4,30.1,28.5,28.5,8540,0
B24,D,20190917,000000,29.3,29.7,27,27,7939,0
B24,D,20190918,000000,29,29.3,28.9,29.2,8053,0
B24,D,20190919,000000,29,29,28.5,28.5,824,0
B24,D,20190920,000000,29,29.2,27.7,29.2,1177,0
B24,D,20190923,000000,29.2,29.2,27,28,2489,0
B24,D,20190924,000000,27.9,28.3,27.5,28,1069,0
B24,D,20190925,000000,27.3,28,27,27,462,0
B24,D,20190926,000000,27.1,27.1,25.2,26.5,2045,0
B24,D,20190927,000000,26.7,26.7,24,26,2214,0
B24,D,20190930,000000,26,26,22.1,24.1,1580,0
B24,D,20191001,000000,24,24.5,23.6,24,1182,0
B24,D,20191002,000000,24,25.5,24,24.3,1628,0
B24,D,20191003,000000,24.5,24.6,24.4,24.5,658,0
B24,D,20191004,000000,24.5,25,21.7,25,2201,0
B24,D,20191007,000000,25.3,25.7,22.5,24.6,2200,0
B24,D,20191008,000000,25.5,27,24.9,26.2,1458,0
B24,D,20191009,000000,26.3,27,26.3,27,408,0
B24,D,20191010,000000,27,28.4,27,27,935,0
B24,D,20191011,000000,27.4,27.4,27.4,27.4,1,0
B24,D,20191014,000000,27.4,27.5,27,27,201,0
B24,D,20191015,000000,27.2,27.5,23.8,26.8,506,0
B24,D,20191016,000000,26.8,26.8,26.8,26.8,110,0
B24,D,20191017,000000,25.5,26.5,25.5,26.4,202,0
B24,D,20191018,000000,25.5,25.5,25,25.2,234,0
B24,D,20191021,000000,25.4,25.4,25.2,25.2,432,0
B24,D,20191022,000000,25,25,25,25,4,0
B24,D,20191023,000000,24.1,24.5,24,24,554,0
B24,D,20191024,000000,23.6,23.6,23.5,23.5,93,0
B24,D,20191025,000000,23.5,26,23,25.3,764,0
B24,D,20191028,000000,23.5,24,22.9,22.9,654,0
B24,D,20191029,000000,23,24,22.5,22.5,309,0
B24,D,20191030,000000,22.1,22.1,20.2,20.5,2114,0
B24,D,20191031,000000,20.4,20.9,20.1,20.8,903,0
B24,D,20191104,000000,21,21,18.8,19.4,1558,0
B24,D,20191105,000000,19.4,19.4,18,18.8,706,0
B24,D,20191106,000000,18.8,18.8,18.5,18.5,1204,0
B24,D,20191107,000000,19,20.4,19,20,1876,0
B24,D,20191108,000000,20,21.5,20,21.3,1101,0
B24,D,20191112,000000,21.3,21.5,21,21.5,445,0
B24,D,20191113,000000,21.4,21.4,20.4,20.6,319,0
B24,D,20191114,000000,20.9,21,20.5,21,1149,0
B24,D,20191115,000000,21.5,25.7,21.5,24.5,3290,0
B24,D,20191118,000000,25,25.5,24.5,24.5,764,0
B24,D,20191119,000000,24.5,24.5,24.5,24.5,64,0
B24,D,20191121,000000,24.2,24.2,24,24,125,0
B24,D,20191122,000000,23.1,23.1,22,23,706,0
B24,D,20191125,000000,22.8,25,20,23.5,4431,0
B24,D,20191126,000000,22.6,22.6,21.6,21.6,123,0
B24,D,20191127,000000,22,24,21.9,22.4,648,0
B24,D,20191128,000000,22.5,24,22.5,24,995,0
B24,D,20191129,000000,24.4,24.5,24,24,342,0
B24,D,20191202,000000,24,24,23.7,24,308,0
B24,D,20191203,000000,24,24,24,24,4,0
B24,D,20191204,000000,23.9,23.9,22.5,23,715,0
B24,D,20191206,000000,22.5,23.9,22,23.9,352,0
B24,D,20191209,000000,22.5,23.3,22.5,23.3,579,0
B24,D,20191210,000000,23,23,23,23,145,0
B24,D,20191211,000000,23,23,22,23,519,0
B24,D,20191212,000000,22,22.5,22,22.5,320,0
B24,D,20191213,000000,22,22,18,21.1,704,0
B24,D,20191216,000000,21.5,22.1,21,21.1,2007,0
B24,D,20191217,000000,21,21.5,21,21.5,110,0
B24,D,20191218,000000,20.6,21,20.1,21,150,0
B24,D,20191219,000000,20.2,22,20.2,22,834,0
B24,D,20191220,000000,22,22,20,21.9,975,0
B24,D,20191223,000000,21.8,21.8,19.95,21,1479,0
B24,D,20191227,000000,21,21,18.5,19.1,3063,0
B24,D,20191230,000000,19.1,20,19.1,20,85,0
B24,D,20200102,000000,20,21.4,20,21.4,314,0
B24,D,20200103,000000,21.4,21.5,20.1,21,776,0
B24,D,20200107,000000,21.5,22,21.5,22,303,0
B24,D,20200108,000000,22,22,20.7,20.7,1012,0
B24,D,20200109,000000,20.5,20.5,19.55,20.4,1831,0
B24,D,20200110,000000,21,21,20,20.1,354,0
B24,D,20200113,000000,20.2,20.2,19.5,20,560,0
B24,D,20200114,000000,20,20,19,19,1281,0
B24,D,20200115,000000,18.75,18.95,18.4,18.5,1927,0
B24,D,20200116,000000,18,18,15.9,16.5,19466,0
B24,D,20200117,000000,16.95,18,16.95,18,1877,0
B24,D,20200120,000000,18.5,21.8,18.5,20,5053,0
B24,D,20200121,000000,21.2,21.2,19.1,19.6,1929,0
B24,D,20200122,000000,20.4,20.4,19.6,19.95,100,0
B24,D,20200123,000000,20,20.5,19.95,20,569,0
B24,D,20200124,000000,19.2,19.4,18.5,19,916,0
B24,D,20200127,000000,19,19,17,18.5,1407,0
B24,D,20200128,000000,18.5,19,18.2,19,263,0
B24,D,20200129,000000,18.95,19,18,18.2,927,0
B24,D,20200130,000000,18.85,18.85,18,18.5,217,0
B24,D,20200131,000000,17.5,18.45,17,18.45,734,0
B24,D,20200203,000000,18.5,18.5,17.5,18.5,1715,0
B24,D,20200204,000000,18.6,19.95,18.6,19.95,1094,0
B24,D,20200205,000000,19.9,19.9,18,18.5,1965,0
B24,D,20200206,000000,17.6,19,17.5,18.3,1582,0
B24,D,20200207,000000,19,19.4,18.1,19.4,3558,0
B24,D,20200210,000000,18.4,18.4,18,18,4916,0
B24,D,20200211,000000,18.9,18.9,17.5,17.5,1270,0
B24,D,20200212,000000,17.95,17.95,17.05,17.2,1704,0
B24,D,20200213,000000,17.65,17.65,17.2,17.2,255,0
B24,D,20200214,000000,17.2,17.2,17.05,17.05,523,0
B24,D,20200217,000000,17.3,17.65,17,17.45,1036,0
B24,D,20200218,000000,17.8,17.95,17.25,17.25,1608,0
B24,D,20200219,000000,17.2,18.5,17.2,18.4,3218,0
B24,D,20200220,000000,18.4,19,18.1,19,1724,0
B24,D,20200221,000000,19,19.6,18.9,19.5,2229,0
B24,D,20200224,000000,19.4,19.4,18.1,19,807,0
B24,D,20200225,000000,18.1,18.4,18,18,2099,0
B24,D,20200226,000000,18.2,18.5,18.2,18.4,485,0
B24,D,20200227,000000,18.45,19.15,18.45,18.45,569,0
B24,D,20200228,000000,18.5,18.5,18.05,18.1,1029,0
B24,D,20200302,000000,19,19,17.7,18,2402,0
B24,D,20200303,000000,18.75,18.75,17.2,18.4,2049,0
B24,D,20200304,000000,18.4,18.4,17.7,17.7,1071,0
B24,D,20200305,000000,18,18.8,17.5,17.5,2162,0
B24,D,20200306,000000,18.1,18.8,18,18.5,1336,0
B24,D,20200309,000000,18.7,18.7,17.25,18,1185,0
B24,D,20200310,000000,18,18,17.1,17.8,2203,0
B24,D,20200311,000000,17.4,17.4,17.1,17.1,146,0
B24,D,20200312,000000,19.6,23.5,15.9,19,35368,0
B24,D,20200313,000000,20,22,19.2,19.6,11416,0
B24,D,20200316,000000,18.9,19,15.5,18.5,5368,0
B24,D,20200317,000000,20.7,21.4,20,21,6181,0
B24,D,20200318,000000,21.8,22.6,21.5,22.3,6659,0
B24,D,20200319,000000,22.3,24.2,22.3,24,8364,0
B24,D,20200320,000000,23.1,27,20,21.5,19814,0
B24,D,20200323,000000,22.3,22.5,20,22.5,5449,0
B24,D,20200324,000000,23.2,24.5,22,22.5,5238,0
B24,D,20200325,000000,23.5,24,22,23.7,7480,0
B24,D,20200326,000000,23.7,24,22.6,22.9,3307,0
B24,D,20200327,000000,23,23,21.5,22.7,2825,0
B24,D,20200330,000000,23,23,21,22.7,2707,0
B24,D,20200331,000000,22.7,23.9,22.7,23,2830,0
B24,D,20200401,000000,23,23.5,22.5,23.4,1310,0
B24,D,20200402,000000,23.5,25,23,24.6,7908,0
B24,D,20200403,000000,24.5,24.7,23.6,24.7,3402,0
B24,D,20200406,000000,25,25.5,23.5,24,8964,0
B24,D,20200407,000000,24.5,25.2,24.1,25,5898,0
B24,D,20200408,000000,25,25,23.5,24,2864,0
B24,D,20200409,000000,24,24.5,23.5,24,2496,0
B24,D,20200414,000000,25,25,23.1,24,4178,0
B24,D,20200415,000000,24,24.5,23.5,24.5,1201,0
B24,D,20200416,000000,23.6,24.2,23.1,23.2,2020,0
B24,D,20200417,000000,23.5,24,23.5,24,1152,0
B24,D,20200420,000000,24,24,23.5,23.5,1276,0
B24,D,20200421,000000,24.1,24.1,22.9,22.9,2805,0
B24,D,20200422,000000,22,24.2,21.5,22.9,2040,0
B24,D,20200423,000000,23.9,23.9,23.5,23.5,824,0
B24,D,20200424,000000,24,24,23.1,23.5,1400,0
B24,D,20200427,000000,24.9,25.4,22.5,24.6,13031,0
B24,D,20200428,000000,25,26.5,25,26,7678,0
B24,D,20200429,000000,26.4,27.9,26.4,27.7,7077,0
B24,D,20200430,000000,27,29,26.3,27.4,7048,0
B24,D,20200504,000000,27,29,26.3,28.5,6068,0
B24,D,20200505,000000,29.5,34,29.4,32,15861,0
B24,D,20200506,000000,30,31.8,27,30,10977,0
B24,D,20200507,000000,30,30,27.5,29.4,5016,0
B24,D,20200508,000000,29,29.6,28,29.4,2808,0
B24,D,20200511,000000,29.5,30.2,29,29.8,1684,0
B24,D,20200512,000000,30.8,32,30.8,31,1684,0
B24,D,20200513,000000,31.5,31.5,30.5,30.5,1428,0
B24,D,20200514,000000,31.4,31.4,27.5,28.8,5379,0
B24,D,20200515,000000,31.6,31.6,28.6,30,2754,0
B24,D,20200518,000000,30,30,28.2,30,4706,0
B24,D,20200519,000000,29.5,30,29,29,868,0
B24,D,20200520,000000,29.8,29.9,29.8,29.9,1364,0
B24,D,20200521,000000,29.9,29.9,29,29,999,0
B24,D,20200522,000000,28.6,29,28.5,28.9,1211,0
B24,D,20200525,000000,28.9,28.9,28.5,28.9,1016,0
B24,D,20200526,000000,28.7,29.8,28.7,28.8,2879,0
B24,D,20200527,000000,29.9,29.9,28.5,29,4814,0
B24,D,20200528,000000,29,29.3,28.5,29.3,679,0
B24,D,20200529,000000,28.5,29.2,28,29.1,1648,0
B24,D,20200601,000000,29.1,29.1,28.3,28.4,707,0
B24,D,20200602,000000,28.5,28.5,28,28.1,2269,0
B24,D,20200603,000000,28.2,28.5,28,28,1286,0
B24,D,20200604,000000,28,28.1,27.3,27.6,2383,0
B24,D,20200605,000000,27.6,27.6,26.2,27,5035,0
B24,D,20200608,000000,27.9,28.5,27.9,28.5,4129,0
B24,D,20200609,000000,28.7,29.1,27.3,27.6,1342,0
B24,D,20200610,000000,27.5,28.3,27.1,28.2,984,0
B24,D,20200612,000000,27,27.4,22.5,27.4,10787,0
B24,D,20200615,000000,27.8,27.9,26.5,27.7,2502,0
B24,D,20200616,000000,27,27.4,25,27.4,2103,0
B24,D,20200617,000000,26.4,27.8,26.3,27.8,2276,0
B24,D,20200618,000000,27.7,27.7,26.6,26.6,670,0
B24,D,20200619,000000,27.2,29.2,27.2,28.8,7646,0
B24,D,20200622,000000,30.2,31.9,30,31.4,6726,0
B24,D,20200623,000000,31.4,34.2,30.7,33.5,4639,0
B24,D,20200624,000000,33.7,35.2,31.8,33.8,6075,0
B24,D,20200625,000000,34.4,34.4,31.5,33,2039,0
B24,D,20200626,000000,35,35.2,33,34,7062,0
B24,D,20200629,000000,34,35,32,33.8,1997,0
B24,D,20200630,000000,33.8,34.7,32.1,34,1681,0
B24,D,20200701,000000,34.1,38,34.1,34.9,16166,0
B24,D,20200702,000000,34.9,35.7,34.9,35.7,1015,0
B24,D,20200703,000000,35,35.4,34.1,35.2,1307,0
B24,D,20200706,000000,35,35.2,34,34.4,15950,0
B24,D,20200707,000000,34.4,36.9,34.4,36.9,2620,0
B24,D,20200708,000000,37,37.9,34.4,34.4,4727,0
B24,D,20200709,000000,35.6,38,35,35,6069,0
B24,D,20200710,000000,36,36.6,34.2,35,1891,0
B24,D,20200713,000000,35.7,36,35.5,35.9,2411,0
B24,D,20200714,000000,35.5,36.6,34,34.1,2759,0
B24,D,20200715,000000,34,34.7,32.1,34.6,3867,0
B24,D,20200716,000000,34,34.6,33.9,34.6,1129,0
B24,D,20200717,000000,41,42.9,35.4,40.3,96106,0
B24,D,20200720,000000,40.4,40.8,36,37.6,41775,0
B24,D,20200721,000000,38,39,36.5,36.9,19742,0
B24,D,20200722,000000,38.4,39,37,38.1,14500,0
B24,D,20200723,000000,38.6,39.3,38,38.8,14293,0
B24,D,20200724,000000,38,38.6,36.1,38.2,7387,0
B24,D,20200727,000000,38.3,42,37,40.7,24641,0
B24,D,20200728,000000,40,40.5,38.4,40,9655,0
B24,D,20200729,000000,39.9,40,37.2,38.9,7672,0
B24,D,20200730,000000,37.3,38.7,32.6,33.5,21491,0
B24,D,20200731,000000,34,38,34,37.6,8233,0
B24,D,20200803,000000,37.9,40,36.8,39.9,12542,0
B24,D,20200804,000000,41,43,38.2,39.7,38734,0
B24,D,20200805,000000,39.7,40,37.4,38.5,25411,0
B24,D,20200806,000000,38.9,39.2,37.3,38.2,4699,0
B24,D,20200807,000000,38.4,39.6,35,38.9,16748,0
B24,D,20200810,000000,39.6,41.2,37.2,38.8,27200,0
B24,D,20200811,000000,39,40.1,38.8,40,5438,0
B24,D,20200812,000000,40,40,38.9,38.9,11874,0
B24,D,20200813,000000,39.5,40.2,38,40.1,9056,0
B24,D,20200814,000000,37.2,39,37.2,38,14015,0
B24,D,20200817,000000,37.6,38,36,37,7811,0
B24,D,20200818,000000,37.3,37.4,36.5,36.7,3446,0
B24,D,20200819,000000,36.7,37.1,36,36,4626,0
B24,D,20200820,000000,35.6,36,35,35.5,5185,0
B24,D,20200821,000000,35.5,35.5,35,35.4,9919,0
B24,D,20200824,000000,35,35.8,35,35.4,2793,0
B24,D,20200825,000000,35,35,34.2,34.5,2935,0
B24,D,20200826,000000,34.5,35.5,34.4,35,1559,0
B24,D,20200827,000000,34.5,35,34,34,3609,0
B24,D,20200828,000000,34,34,27.4,31.6,21008,0
B24,D,20200831,000000,32,32.3,30.2,30.2,3708,0
B24,D,20200901,000000,30,31.9,28.1,28.4,11104,0
B24,D,20200902,000000,28,30.4,28,29,6379,0
B24,D,20200903,000000,29.5,29.5,28,28,3971,0
B24,D,20200904,000000,27,29,25,26.5,9211,0
B24,D,20200907,000000,27,28.7,26,28,5256,0
B24,D,20200908,000000,28,28.9,25.4,28.9,12933,0
B24,D,20200909,000000,28.9,29.9,26.5,29.9,2926,0
B24,D,20200910,000000,29.9,31.6,29.9,31,35811,0
B24,D,20200911,000000,31,33.7,31,32.7,4917,0
B24,D,20200914,000000,33.4,33.4,30.2,32,3397,0
B24,D,20200915,000000,33,33,31,31.6,1586,0
B24,D,20200916,000000,31.6,32.2,31,31.7,725,0
B24,D,20200917,000000,31.1,31.7,31.1,31.7,601,0
B24,D,20200918,000000,31.3,31.7,30.6,31.6,16696,0
B24,D,20200921,000000,32.1,32.1,30,30.5,3404,0
B24,D,20200922,000000,30,30.4,27.4,28.7,6075,0
B24,D,20200923,000000,28.3,29,27.1,28,3813,0
B24,D,20200924,000000,27.5,28.8,26,26.8,3991,0
B24,D,20200925,000000,27.9,27.9,23.1,25.5,45279,0
B24,D,20200928,000000,26.9,27,25.5,26.9,4602,0
B24,D,20200929,000000,27.6,28.5,26,27,3280,0
B24,D,20200930,000000,27.4,27.4,26.3,26.3,1197,0
B24,D,20201001,000000,26.3,26.4,25.1,25.2,3479,0
B24,D,20201002,000000,25,26.5,24,24.7,6221,0
B24,D,20201005,000000,24.5,26.4,24.5,26.3,6287,0
B24,D,20201006,000000,26.3,27.9,26.3,26.7,6568,0
B24,D,20201007,000000,27.9,27.9,26.7,27.4,1625,0
B24,D,20201008,000000,27.1,27.9,26.5,27.6,2531,0
B24,D,20201009,000000,26.5,27,25,26,4661,0
B24,D,20201012,000000,25.6,26.8,25.3,26.2,3212,0
B24,D,20201013,000000,26.2,26.7,24.8,25,7062,0
B24,D,20201014,000000,25,26.5,24,26,13183,0
B24,D,20201015,000000,26.4,26.4,24,24.7,11644,0
B24,D,20201016,000000,24.1,24.8,23.4,23.9,12628,0
B24,D,20201019,000000,24.1,25,23.9,24.7,3991,0
B24,D,20201020,000000,25,25.5,24.6,25.5,3533,0
B24,D,20201021,000000,25,25.4,24.3,24.6,1059,0
B24,D,20201022,000000,24.3,25,23.5,25,3676,0
B24,D,20201023,000000,24.4,25.4,23.8,25,3053,0
B24,D,20201026,000000,24.2,24.8,23.9,24,3303,0
B24,D,20201027,000000,24,24,23,23,5106,0
B24,D,20201028,000000,22.9,23.3,20.3,20.7,8102,0
B24,D,20201029,000000,20.2,21.3,20.1,21,4659,0
B24,D,20201030,000000,21,21,20.5,21,2199,0
B24,D,20201102,000000,20.6,21.8,20.6,21.7,1936,0
B24,D,20201103,000000,21.7,21.7,20.2,21,5007,0
B24,D,20201104,000000,21.6,21.9,20.5,21.8,1119,0
B24,D,20201105,000000,22,23.2,21.2,22.9,3092,0
B24,D,20201106,000000,22.7,22.9,21.1,21.4,2860,0
B24,D,20201109,000000,21.1,22.1,21,21.5,3968,0
B24,D,20201110,000000,21.9,23,21.6,22.9,2585,0
B24,D,20201112,000000,23,24.6,22.9,24.6,2530,0
B24,D,20201113,000000,24.6,25.2,24,24.6,2675,0
B24,D,20201116,000000,24.6,25,23.2,24,1606,0
B24,D,20201117,000000,24.8,24.8,22.7,23,6086,0
B24,D,20201118,000000,22.8,22.8,22.1,22.5,5290,0
B24,D,20201119,000000,23.1,24.7,22.6,23,2504,0
B24,D,20201120,000000,23,23.6,23,23.6,1406,0
B24,D,20201123,000000,23.5,23.5,22.5,23.2,3334,0
B24,D,20201124,000000,23.2,23.2,22.5,22.6,4187,0
B24,D,20201125,000000,22.7,23,22.7,23,435,0
B24,D,20201126,000000,22.9,23.2,22.3,22.5,2585,0
B24,D,20201127,000000,22.5,22.5,22,22.5,1801,0
B24,D,20201130,000000,22,22.2,21.6,21.8,2564,0
B24,D,20201201,000000,22,22.2,19.7,20.6,12354,0
B24,D,20201202,000000,21,21.5,20.8,20.8,1908,0
B24,D,20201203,000000,21.2,22.3,21.1,21.5,1601,0
B24,D,20201204,000000,21.6,22.6,20.4,22.5,5341,0
B24,D,20201207,000000,22.6,23.2,22.5,23,2517,0
B24,D,20201208,000000,23,23.2,22.6,22.6,5348,0
B24,D,20201209,000000,22.9,23,22.2,22.2,2714,0
B24,D,20201210,000000,22.2,22.5,21.5,21.6,2867,0
B24,D,20201211,000000,21.6,22.3,21.4,22.2,2122,0
B24,D,20201214,000000,22.2,22.5,21.3,22.5,2864,0
B24,D,20201215,000000,21.2,22,21,21.9,2024,0
B24,D,20201216,000000,21.9,22.8,21.9,22.6,1752,0
B24,D,20201217,000000,22.7,22.7,20.5,21.4,8225,0
B24,D,20201218,000000,21.5,21.5,20.6,21,4714,0
B24,D,20201221,000000,20.8,21,20.4,20.6,7870,0
B24,D,20201222,000000,20.6,21,20,20.5,7773,0
B24,D,20201223,000000,20.2,20.9,20,20.6,5393,0
B24,D,20201228,000000,20.2,21.5,19.5,20.7,22113,0
B24,D,20201229,000000,20.5,21.4,20.1,21.2,3015,0
B24,D,20201230,000000,21.3,21.3,20.2,20.8,3155,0
B24,D,20210104,000000,21,22.1,21,22.1,3599,0
B24,D,20210105,000000,22.1,23.1,22,22.9,1702,0
B24,D,20210107,000000,22.8,23.6,22.5,23.3,3626,0
B24,D,20210108,000000,23.5,23.9,22.9,23,3393,0
B24,D,20210111,000000,23,23,22,22.8,3299,0
B24,D,20210112,000000,23,23,22.5,22.6,2575,0
B24,D,20210113,000000,22.8,22.8,22,22,639,0
B24,D,20210114,000000,22.1,22.1,21.2,21.3,1942,0
B24,D,20210115,000000,21.5,27.3,21.5,26.9,38427,0
B24,D,20210118,000000,27,27,24.8,24.9,17902,0
B24,D,20210119,000000,26.1,26.8,25.4,26.3,10911,0
B24,D,20210120,000000,26.7,28.9,26.7,28.8,11380,0
B24,D,20210121,000000,29,29.4,27,27,6783,0
B24,D,20210122,000000,27.9,27.9,25.7,27,5248,0
B24,D,20210125,000000,28,28,26.6,26.6,2651,0
B24,D,20210126,000000,27,28,27,27.1,3986,0
B24,D,20210127,000000,27.4,28.5,27,27.4,5726,0
B24,D,20210128,000000,27.4,27.4,26.5,27.4,2013,0
B24,D,20210129,000000,27.9,27.9,26.1,26.9,2075,0
B24,D,20210201,000000,26.8,27.8,26.5,26.9,2835,0
B24,D,20210202,000000,27.8,28.4,27,27.3,2356,0
B24,D,20210203,000000,27.2,28.9,26.5,28.4,3254,0
B24,D,20210204,000000,28.3,29.4,27.6,29.2,2753,0
B24,D,20210205,000000,29.3,29.3,28,29.2,1271,0
B24,D,20210208,000000,28.1,29,27.5,27.6,2502,0
B24,D,20210209,000000,27.6,28.4,27.6,28.4,1219,0
B24,D,20210210,000000,28.2,30.8,28,29.8,9476,0
B24,D,20210211,000000,30.1,30.4,28.5,28.7,1845,0
B24,D,20210212,000000,29,29,28.6,29,844,0
B24,D,20210215,000000,29,29.8,28.6,29,548,0
B24,D,20210216,000000,28.5,29.6,28,28,1800,0
B24,D,20210217,000000,28.2,29.2,28,29,1137,0
B24,D,20210218,000000,28.6,29,28.2,28.2,1484,0
B24,D,20210219,000000,28,29,26.5,28.6,6599,0
B24,D,20210222,000000,28.8,28.8,27.1,28.5,770,0
B24,D,20210223,000000,27.3,28.2,27.1,27.6,2740,0
B24,D,20210224,000000,27.2,27.2,26.5,26.6,2266,0
B24,D,20210225,000000,26.6,28.2,26.5,28,1071,0
B24,D,20210226,000000,27,28.3,26.5,27.4,2320,0
B24,D,20210301,000000,27.6,28,27.6,28,1261,0
B24,D,20210302,000000,27.4,28,26.6,27,698,0
B24,D,20210303,000000,27,27.9,25.3,26.6,4184,0
B24,D,20210304,000000,25.6,26.1,25,26.1,3478,0
B24,D,20210305,000000,25.3,26.9,25.3,26.9,470,0
B24,D,20210308,000000,27,27,26.1,26.9,500,0
B24,D,20210309,000000,26.9,27.3,26.3,26.5,1293,0
B24,D,20210310,000000,27,27.3,26.5,26.5,416,0
B24,D,20210311,000000,26.3,26.3,25.5,26,1223,0
B24,D,20210312,000000,26,26.1,25.1,26,2029,0
B24,D,20210315,000000,25.2,25.8,25.2,25.6,4204,0
B24,D,20210316,000000,25.4,25.7,25.2,25.3,1053,0
B24,D,20210317,000000,25.3,28.5,25.1,28.2,8237,0
B24,D,20210318,000000,29.7,29.7,28.5,28.9,8046,0
B24,D,20210319,000000,29.3,29.3,28,28.5,1646,0
B24,D,20210322,000000,28.8,29,28.6,28.6,8547,0
B24,D,20210323,000000,28.5,30.6,28,30.2,8583,0
B24,D,20210324,000000,30.3,31.4,30,30.9,5202,0
B24,D,20210325,000000,30.9,31.2,29,29.5,4216,0
B24,D,20210326,000000,31,31,30.5,31,1933,0
B24,D,20210329,000000,31,31.7,30,30,2051,0
B24,D,20210330,000000,30.1,30.8,29.7,29.9,1335,0
B24,D,20210331,000000,29.9,30,29.2,29.7,2818,0
B24,D,20210401,000000,29.7,31.9,29,29.1,2666,0
B24,D,20210406,000000,30,30,28.8,30,1162,0
B24,D,20210407,000000,30,30,29.5,29.6,392,0
B24,D,20210408,000000,29.6,30.2,29,30,1715,0
B24,D,20210409,000000,30,30.2,29.6,30.2,338,0
B24,D,20210412,000000,30.2,30.2,29.5,29.5,1072,0
B24,D,20210413,000000,29.8,30.1,29.8,30,946,0
B24,D,20210414,000000,30,30,29.5,29.5,310,0
B24,D,20210415,000000,29.6,31.5,29.5,31.5,3133,0
B24,D,20210416,000000,31.4,31.4,30.3,30.8,1077,0
B24,D,20210419,000000,30.8,30.8,30.4,30.6,659,0
B24,D,20210420,000000,30.3,30.6,29.7,30,1066,0
B24,D,20210421,000000,29.9,30,29,29,1797,0
B24,D,20210422,000000,29.2,30,29.2,29.8,311,0
B24,D,20210423,000000,29,30.9,29,29.8,1103,0
B24,D,20210426,000000,29,30,28.2,28.2,2064,0
B24,D,20210427,000000,28.3,29,28.3,29,375,0
B24,D,20210428,000000,29,29.1,28.2,28.2,232,0
B24,D,20210429,000000,28.3,29.9,28.3,29.8,322,0
B24,D,20210430,000000,29.4,29.4,28.2,29,491,0
B24,D,20210504,000000,29.2,29.2,28.2,28.2,787,0
B24,D,20210505,000000,28.2,29.2,28.2,29.2,203,0
B24,D,20210506,000000,28.5,29.2,25.8,28.1,8466,0
B24,D,20210507,000000,28,31.8,27.8,31.2,5958,0
B24,D,20210510,000000,30,33.3,30,32,13550,0
B24,D,20210511,000000,33,33,31.2,31.2,6059,0
B24,D,20210512,000000,31.5,31.9,29.9,30.8,3318,0
B24,D,20210513,000000,30.8,31.4,29,30.2,2998,0
B24,D,20210514,000000,30,30.2,29.2,30.2,296,0
B24,D,20210517,000000,30.2,30.2,29.6,29.7,1236,0
B24,D,20210518,000000,30.2,30.2,29.3,30,2166,0
B24,D,20210519,000000,30,30.5,29.1,29.2,2253,0
B24,D,20210520,000000,29,29.2,28.9,29.2,1920,0
B24,D,20210521,000000,29,29.4,28.1,29,1886,0
B24,D,20210524,000000,29.4,29.4,28.4,29,1892,0
B24,D,20210525,000000,28.9,29,28,28.1,1505,0
B24,D,20210526,000000,28.1,28.5,27,28,2688,0
B24,D,20210527,000000,27.5,28,26.8,28,4152,0
B24,D,20210528,000000,28,28,27,27.9,1028,0
B24,D,20210531,000000,27.9,27.9,25.6,26.4,5701,0
B24,D,20210601,000000,26.3,27.2,26.2,26.5,1713,0
B24,D,20210602,000000,26.9,28.2,26.6,28.2,3565,0
B24,D,20210604,000000,27.2,28,27.2,27.5,665,0
B24,D,20210607,000000,27.5,27.5,26.2,27,1855,0
B24,D,20210608,000000,27.1,27.4,27.1,27.1,377,0
B24,D,20210609,000000,27.4,27.4,26.5,26.6,622,0
B24,D,20210610,000000,26.6,26.6,26.2,26.2,1205,0
B24,D,20210611,000000,26.2,27.3,26.2,27.3,112,0
B24,D,20210614,000000,27.2,28.4,27.2,27.6,1638,0
B24,D,20210615,000000,28.5,28.5,27.3,27.4,1373,0
B24,D,20210616,000000,28.1,28.3,27,28,3057,0
B24,D,20210617,000000,27,28.4,26.1,28.3,4294,0
B24,D,20210618,000000,28.2,28.2,27.2,27.4,1423,0
B24,D,20210621,000000,27.3,27.4,27.3,27.3,1179,0
B24,D,20210622,000000,27.2,28.2,26.8,27.2,1258,0
B24,D,20210623,000000,27.5,27.5,27.1,27.1,600,0
B24,D,20210624,000000,27.9,27.9,27.2,27.2,1632,0
B24,D,20210625,000000,27.2,28.1,27.2,28,1735,0
B24,D,20210628,000000,28,30,27.9,28.5,5184,0
B24,D,20210629,000000,28.2,29.5,28.2,29,1675,0
B24,D,20210630,000000,29.2,29.2,28.5,28.5,482,0
B24,D,20210701,000000,28.2,28.2,27.8,28.2,1229,0
B24,D,20210702,000000,28,28.9,28,28.9,95,0
B24,D,20210705,000000,28.9,28.9,28,28,970,0
B24,D,20210706,000000,28.8,29,28.2,28.2,964,0
B24,D,20210707,000000,28.2,28.8,28.2,28.8,263,0
B24,D,20210708,000000,28.2,28.2,28,28,346,0
B24,D,20210709,000000,28.5,29.2,28.2,28.9,1528,0
B24,D,20210712,000000,28.9,29.2,28.8,29.2,223,0
B24,D,20210713,000000,28.8,28.8,28.5,28.5,777,0
B24,D,20210714,000000,28.5,28.5,28.4,28.4,291,0
B24,D,20210715,000000,28.2,29.3,28,29.3,905,0
B24,D,20210716,000000,29,29,28.5,28.5,419,0
B24,D,20210719,000000,28.3,28.3,26.9,27,3489,0
B24,D,20210720,000000,27.5,27.5,25.4,26,4331,0
B24,D,20210721,000000,25.6,26,25.4,25.4,1226,0
B24,D,20210722,000000,26,26.5,25.2,26.2,3287,0
B24,D,20210723,000000,25.3,26.2,25.3,25.5,1406,0
B24,D,20210726,000000,26.2,26.6,25.2,26,756,0
B24,D,20210727,000000,26,26.9,26,26,747,0
B24,D,20210728,000000,26.2,26.2,26.2,26.2,110,0
B24,D,20210729,000000,26.2,26.2,24.8,25.4,5157,0
B24,D,20210730,000000,25.2,25.8,25,25.8,751,0
B24,D,20210802,000000,25.5,25.9,24.8,25.1,2299,0
B24,D,20210803,000000,25.1,25.1,23.7,24.2,4219,0
B24,D,20210804,000000,25,25.1,24,24.4,1123,0
B24,D,20210805,000000,24.5,25,23.5,25,2750,0
B24,D,20210806,000000,25,25,25,25,173,0
B24,D,20210809,000000,24.5,24.9,24.2,24.3,236,0
B24,D,20210810,000000,24.6,25,24.4,24.4,775,0
B24,D,20210811,000000,24.4,24.8,23.9,24,795,0
B24,D,20210812,000000,24.2,24.2,23.5,24.2,616,0
B24,D,20210813,000000,24.8,24.8,24.8,24.8,55,0
B24,D,20210816,000000,25.1,26.9,25,26,10788,0
B24,D,20210817,000000,26.2,26.2,25,26,2853,0
B24,D,20210818,000000,26,26,25,25.1,390,0
B24,D,20210819,000000,25.1,26,25.1,26,1870,0
B24,D,20210820,000000,26.2,26.7,26,26,1508,0
B24,D,20210823,000000,26.2,26.5,26,26,1659,0
B24,D,20210824,000000,26,26.2,26,26,889,0
B24,D,20210825,000000,26.2,26.2,25.5,25.5,861,0
B24,D,20210826,000000,26,26,26,26,1014,0
B24,D,20210827,000000,26,26,25.4,25.4,322,0
B24,D,20210830,000000,25.9,26.1,25.3,25.3,524,0
B24,D,20210831,000000,25.5,26.1,25.5,25.9,927,0
B24,D,20210901,000000,25.9,25.9,25.5,25.5,351,0
B24,D,20210902,000000,25.5,26.5,25,26.2,4490,0
B24,D,20210903,000000,26.5,27,26.2,26.2,847,0
B24,D,20210906,000000,26.8,27,26.7,26.7,565,0
B24,D,20210907,000000,26.7,26.7,26,26,287,0
B24,D,20210908,000000,26.1,26.6,26,26,305,0
B24,D,20210909,000000,26,26,25.4,25.4,645,0
B24,D,20210910,000000,25.2,25.2,24.5,25.1,972,0
B24,D,20210913,000000,25,25.2,24.7,24.7,452,0
B24,D,20210914,000000,25.2,26.1,25.2,25.3,1055,0
B24,D,20210915,000000,25.1,25.9,25.1,25.9,419,0
B24,D,20210916,000000,25.5,25.5,25,25,2138,0
B24,D,20210917,000000,25.9,25.9,25,25.2,548,0
B24,D,20210920,000000,24.7,25.2,24.7,25.2,1584,0
B24,D,20210921,000000,25.2,25.2,24.7,24.7,180,0
B24,D,20210922,000000,24.8,25.2,24.5,25,90,0
B24,D,20210923,000000,25,25.2,24.5,24.5,612,0
B24,D,20210924,000000,24.5,25.2,24.2,24.3,1145,0
B24,D,20210927,000000,24.3,25,24.3,24.4,216,0
B24,D,20210928,000000,24.4,24.8,24,24.8,2640,0
B24,D,20210929,000000,24.5,24.5,24.2,24.2,550,0
B24,D,20210930,000000,24.1,24.5,24.1,24.5,493,0
B24,D,20211001,000000,24.5,25.2,24.3,25,2695,0
B24,D,20211004,000000,25.1,25.2,24.3,25.2,821,0
B24,D,20211005,000000,25.2,25.9,24.9,25.9,6228,0
B24,D,20211006,000000,26,26.1,24.9,24.9,2111,0
B24,D,20211007,000000,25,25.5,24.9,25.5,3666,0
B24,D,20211008,000000,25.5,25.8,24.7,25.5,3111,0
B24,D,20211011,000000,25,25.5,24.7,24.7,2680,0
B24,D,20211012,000000,25,25,24.4,24.9,988,0
B24,D,20211013,000000,25,25,24.4,25,1037,0
B24,D,20211014,000000,25.5,25.5,24.7,25,739,0
B24,D,20211015,000000,25,25.5,25,25,335,0
B24,D,20211018,000000,25,25,24.7,24.7,1683,0
B24,D,20211019,000000,24.6,24.6,22.7,24,12748,0
B24,D,20211020,000000,24,24,22.4,22.5,4941,0
B24,D,20211021,000000,22.5,22.8,21.8,21.8,3084,0
B24,D,20211022,000000,22.2,22.2,21.4,21.5,2108,0
B24,D,20211025,000000,21.6,22,21.4,22,1456,0
B24,D,20211026,000000,22,22.2,21.7,22.2,3711,0
B24,D,20211027,000000,22,22.2,21.7,22.2,1665,0
B24,D,20211028,000000,22,22.2,21.8,21.8,695,0
B24,D,20211029,000000,21.8,22.2,21.5,21.5,2394,0
B24,D,20211102,000000,21.8,22.2,21.7,22,3543,0
B24,D,20211103,000000,22,22.2,21.8,22,1138,0
B24,D,20211104,000000,22,22,21.8,21.8,240,0
B24,D,20211105,000000,21.8,22,21.8,21.9,1762,0
B24,D,20211108,000000,22.1,22.1,21.9,22,712,0
B24,D,20211109,000000,22,22.2,21.8,22.2,1625,0
B24,D,20211110,000000,22.2,22.3,21.8,22.3,886,0
B24,D,20211112,000000,22.8,22.8,21.8,22.8,790,0
B24,D,20211115,000000,22.8,22.8,22.1,22.8,1010,0
B24,D,20211116,000000,22.8,22.8,22.1,22.5,291,0
B24,D,20211117,000000,22.1,22.5,21.9,22.5,279,0
B24,D,20211118,000000,22,22,21.5,21.8,1444,0
B24,D,20211119,000000,21.8,21.8,20.5,21,2032,0
B24,D,20211122,000000,21,21.5,20,21,2157,0
B24,D,20211123,000000,21,22.9,21,22.8,4808,0
B24,D,20211124,000000,23,23.5,21.6,22,2428,0
B24,D,20211125,000000,22.4,23,22.1,22.9,468,0
B24,D,20211126,000000,22.1,23.3,22,22.8,4410,0
B24,D,20211129,000000,22.8,23.5,22.2,23,1192,0
B24,D,20211130,000000,23,23,22.2,23,64,0
B24,D,20211201,000000,22.3,22.8,22.2,22.8,1203,0
B24,D,20211202,000000,23,23,22.2,23,3081,0
B24,D,20211203,000000,22.2,22.9,21,21.9,8063,0
B24,D,20211206,000000,21.8,22.4,21.2,21.4,1255,0
B24,D,20211207,000000,21.5,22.1,21.2,22.1,2064,0
B24,D,20211208,000000,22.4,22.4,20.7,21.7,4840,0
B24,D,20211209,000000,21.8,21.8,21,21.7,1984,0
B24,D,20211210,000000,21.7,21.7,21.1,21.7,807,0
B24,D,20211213,000000,21.2,21.6,21.2,21.4,325,0
B24,D,20211214,000000,21,21.6,20.8,21.1,694,0
B24,D,20211215,000000,21.1,21.1,20.8,21,855,0
B24,D,20211216,000000,21,21,20.6,20.9,1046,0
B24,D,20211217,000000,20.6,21,20.2,21,1906,0
B24,D,20211220,000000,21,21,20.1,20.7,3661,0
B24,D,20211221,000000,20.8,20.8,19.8,19.8,3069,0
B24,D,20211222,000000,19.9,20,19.5,20,4142,0
B24,D,20211223,000000,20,20.9,20,20.4,5412,0
B24,D,20211227,000000,20.4,20.8,20,20,4745,0
B24,D,20211228,000000,20,20.5,19.9,20,7946,0
B24,D,20211229,000000,20,23.9,20,22.9,4581,0
B24,D,20211230,000000,23,25.1,23,24.5,6637,0
B24,D,20220103,000000,24.4,26.8,24.4,25.5,7948,0
B24,D,20220104,000000,26,26,24.1,24.3,2678,0
B24,D,20220105,000000,24.4,25,24,24.9,3487,0
B24,D,20220107,000000,25.2,25.7,25.2,25.3,2974,0
B24,D,20220110,000000,25.8,25.9,25,25.4,3012,0
B24,D,20220111,000000,25,25,24.5,24.6,1373,0
B24,D,20220112,000000,24.5,25.8,24.1,25.7,1863,0
B24,D,20220113,000000,25.5,25.8,25,25.5,867,0
B24,D,20220114,000000,25.8,25.9,25.4,25.5,1128,0
B24,D,20220117,000000,25.8,26.9,25.5,26.5,12408,0
B24,D,20220118,000000,26.9,27.6,26.6,27.1,9294,0
B24,D,20220119,000000,27,27.1,25.6,27.1,3901,0
B24,D,20220120,000000,27,27,26.1,27,1851,0
B24,D,20220121,000000,27,27,25.5,25.5,2335,0
B24,D,20220124,000000,25.5,26.2,22.3,23,9100,0
B24,D,20220125,000000,23,24.5,22,23.9,7037,0
B24,D,20220126,000000,24.4,24.5,24,24.5,1292,0
B24,D,20220127,000000,24.3,24.3,24.3,24.3,956,0
B24,D,20220128,000000,24.3,24.3,22.6,23.3,3686,0
B24,D,20220131,000000,24.5,24.5,23.3,23.9,1491,0
B24,D,20220201,000000,24,24.4,23.8,24.4,1239,0
B24,D,20220202,000000,23.8,24.5,23.6,24.5,1291,0
B24,D,20220203,000000,24,24.1,23.7,23.7,850,0
B24,D,20220204,000000,23.6,23.7,23.3,23.7,891,0
B24,D,20220207,000000,23.6,23.7,23.2,23.6,682,0
B24,D,20220208,000000,23.2,23.3,22.8,23.2,718,0
B24,D,20220209,000000,23.5,23.5,23,23.5,361,0
B24,D,20220210,000000,23.5,23.5,22.3,23.4,2420,0
B24,D,20220211,000000,23.5,23.5,23.2,23.2,394,0
B24,D,20220214,000000,22.5,23,22.1,23,2378,0
B24,D,20220215,000000,22.7,22.9,22.5,22.9,1272,0
B24,D,20220216,000000,22.9,22.9,22.6,22.9,173,0
B24,D,20220217,000000,22.4,22.4,21.4,22,2685,0
B24,D,20220218,000000,21,22.9,21,22.9,2172,0
B24,D,20220221,000000,23,23.2,22.2,22.5,2674,0
B24,D,20220222,000000,22.2,24.5,21.8,23.3,5737,0
B24,D,20220223,000000,23,23.7,23,23,231,0
B24,D,20220224,000000,21.9,21.9,20.1,20.5,7206,0
B24,D,20220225,000000,21,23,21,22.5,2392,0
B24,D,20220228,000000,22.5,22.5,21.9,21.9,1031,0
B24,D,20220301,000000,21.5,22,21.5,21.5,643,0
B24,D,20220302,000000,21.2,21.2,20.4,21,4066,0
B24,D,20220303,000000,20.4,23.2,19.05,22.4,20173,0
B24,D,20220304,000000,22.5,22.5,20.4,21.3,4166,0
B24,D,20220307,000000,21,21.9,20,21.9,4218,0
B24,D,20220308,000000,21.4,21.9,21.1,21.7,500,0
B24,D,20220309,000000,21.7,22.4,21.7,22.4,561,0
B24,D,20220310,000000,22.4,22.5,22.4,22.5,845,0
B24,D,20220311,000000,22.5,23,22.5,23,2339,0
B24,D,20220314,000000,23,23,23,23,1,0
B24,D,20220315,000000,22.7,22.7,22.3,22.7,121,0
B24,D,20220316,000000,22.3,22.3,21.1,22,1902,0
B24,D,20220317,000000,22,22,21.2,21.9,791,0
B24,D,20220318,000000,21.8,21.9,21.1,21.8,256,0
B24,D,20220321,000000,21.9,24,21.9,23.5,7975,0
B24,D,20220322,000000,23.5,23.5,23,23.4,301,0
B24,D,20220323,000000,23.4,24.5,23,24,2927,0
B24,D,20220324,000000,24,24,23.4,23.4,458,0
B24,D,20220325,000000,23.3,24,23.3,24,101,0
B24,D,20220328,000000,24,24.9,24,24.4,1399,0
B24,D,20220329,000000,24.9,24.9,24,24.6,2392,0
B24,D,20220330,000000,24.9,25.6,24.7,25.3,7558,0
B24,D,20220331,000000,25.3,25.5,24.3,24.6,1739,0
B24,D,20220401,000000,24.7,25,24.7,25,1250,0
B24,D,20220404,000000,25,25,23.3,24,2861,0
B24,D,20220405,000000,23.7,23.9,23.3,23.6,645,0
B24,D,20220406,000000,23.6,23.7,22,22.9,3875,0
B24,D,20220407,000000,22.3,23,22.3,23,408,0
B24,D,20220408,000000,23,23,22,22.9,1462,0
B24,D,20220411,000000,22.5,22.6,22,22,949,0
B24,D,20220412,000000,22.2,22.2,22.1,22.1,310,0
B24,D,20220413,000000,22.9,24.3,22.9,24,6467,0
B24,D,20220414,000000,24,26,23.9,25,5388,0
B24,D,20220419,000000,25,25.2,24.3,24.9,1063,0
B24,D,20220420,000000,24.1,24.9,23.5,24.4,3641,0
B24,D,20220421,000000,24.1,24.7,23.1,24.7,2070,0
B24,D,20220422,000000,24.3,25,24.1,24.8,2651,0
B24,D,20220425,000000,24.6,24.8,24,24.7,973,0
B24,D,20220426,000000,24,25,24,24.2,3675,0
B24,D,20220427,000000,24,24.8,24,24.8,622,0
B24,D,20220428,000000,25,26,25,25.5,11478,0
B24,D,20220429,000000,25.2,25.2,25,25.2,467,0
B24,D,20220502,000000,25.1,25.1,25,25,330,0
B24,D,20220504,000000,25,25.5,25,25.3,2189,0
B24,D,20220505,000000,25,25.4,25,25.4,1078,0
B24,D,20220506,000000,25.4,25.4,25,25,1712,0
B24,D,20220509,000000,25,25,24,24,5797,0
B24,D,20220510,000000,24.1,24.2,24.1,24.2,53,0
B24,D,20220511,000000,23.7,23.7,23.4,23.4,880,0
B24,D,20220512,000000,22.7,24,22.7,24,1255,0
B24,D,20220513,000000,25,25.5,25,25.1,9906,0
B24,D,20220516,000000,25.9,25.9,23.3,23.3,8406,0
B24,D,20220517,000000,23.4,24.1,23.4,24,5571,0
B24,D,20220518,000000,24.1,25,24,24.8,2616,0
B24,D,20220519,000000,24.8,24.8,24.1,24.8,262,0
B24,D,20220520,000000,24.6,24.6,24.6,24.6,165,0
B24,D,20220523,000000,24.1,24.4,24.1,24.4,101,0
B24,D,20220524,000000,24,24.4,23.9,23.9,1500,0
B24,D,20220525,000000,23.9,24,22.5,23.7,4416,0
B24,D,20220526,000000,23,23.8,23,23.8,92,0
B24,D,20220527,000000,23.1,24.3,23.1,24.3,1371,0
B24,D,20220530,000000,24.4,25,24.4,25,888,0
B24,D,20220531,000000,25,25,25,25,562,0
B24,D,20220601,000000,24.4,25.5,24.4,25.5,1277,0
B24,D,20220602,000000,25,25,24,24.8,989,0
B24,D,20220603,000000,24.3,24.3,23.4,23.4,2795,0
B24,D,20220606,000000,24,24,23.4,24,118,0
B24,D,20220607,000000,23.9,23.9,23.1,23.8,815,0
B24,D,20220608,000000,23.1,23.1,23.1,23.1,40,0
B24,D,20220609,000000,23.2,23.7,23,23.4,498,0
B24,D,20220610,000000,22.7,23.6,22.7,23.6,110,0
B24,D,20220613,000000,23.7,23.7,22.4,23.2,722,0
B24,D,20220614,000000,22.4,23.2,22.3,23.2,772,0
B24,D,20220615,000000,22.3,24.4,22.2,24.4,1803,0
B24,D,20220617,000000,23.2,23.6,22.5,23.6,27553,0
B24,D,20220620,000000,23,23.7,23,23,1253,0
B24,D,20220621,000000,23,23.9,23,23.9,817,0
B24,D,20220622,000000,23.1,24,23.1,24,110,0
B24,D,20220623,000000,23.1,23.1,22.9,23,1267,0
B24,D,20220624,000000,22.9,23,22.5,23,223,0
B24,D,20220627,000000,22.7,22.7,22.6,22.6,223,0
B24,D,20220628,000000,23,23,22.7,22.7,702,0
B24,D,20220629,000000,23,23,23,23,37,0
B24,D,20220701,000000,22.7,23,22.5,23,506,0
B24,D,20220704,000000,23,23,22.5,23,633,0
B24,D,20220705,000000,23,23.6,23,23.6,1276,0
B24,D,20220706,000000,23,23,22.4,23,857,0
B24,D,20220707,000000,23,23,21.2,22.7,4491,0
B24,D,20220708,000000,22.9,23,22.7,23,832,0
B24,D,20220711,000000,23,23,23,23,53,0
B24,D,20220712,000000,22.9,22.9,21.8,22.6,1203,0
B24,D,20220713,000000,22.9,22.9,22,22,845,0
B24,D,20220714,000000,21.8,22,21.8,22,75,0
B24,D,20220715,000000,21.5,22.8,21.5,21.9,3960,0
B24,D,20220718,000000,21.7,21.8,21,21.7,2053,0
B24,D,20220719,000000,21.2,21.6,21,21.1,1002,0
B24,D,20220720,000000,21,21.9,21,21.9,263,0
B24,D,20220721,000000,21.8,21.8,21,21.5,1884,0
B24,D,20220722,000000,21.6,21.8,20.6,21.5,2145,0
B24,D,20220725,000000,21.1,21.5,21,21.5,397,0
B24,D,20220726,000000,21.4,21.4,20.8,20.9,804,0
B24,D,20220727,000000,21,21,20.6,20.6,501,0
B24,D,20220728,000000,20.6,21.3,20.6,21,277,0
B24,D,20220729,000000,21,21.5,21,21.4,784,0
B24,D,20220801,000000,21.2,21.5,20.7,21.4,1307,0
B24,D,20220802,000000,20.9,21.2,20.9,21.2,151,0
B24,D,20220803,000000,21.2,21.2,20.8,21.1,1699,0
B24,D,20220804,000000,21.2,21.2,20.8,20.8,310,0
B24,D,20220805,000000,20.9,21.2,20.8,21.2,1544,0
B24,D,20220808,000000,20.9,21.1,20.6,21.1,1180,0
B24,D,20220809,000000,20.9,21.1,20.5,20.5,523,0
B24,D,20220810,000000,20.7,20.9,20.5,20.6,1325,0
B24,D,20220811,000000,20.7,21,20.7,20.8,166,0
B24,D,20220812,000000,20.8,21,20.8,20.8,377,0
B24,D,20220816,000000,20.8,22.8,20.7,22.4,2390,0
B24,D,20220817,000000,21.4,21.4,21.4,21.4,100,0
B24,D,20220818,000000,22,22.6,22,22.1,2357,0
B24,D,20220819,000000,22.1,22.5,21,21.5,1431,0
B24,D,20220822,000000,21.5,21.5,21.5,21.5,30,0
B24,D,20220823,000000,21.5,21.5,21,21,3838,0
B24,D,20220824,000000,20.9,20.9,20.9,20.9,493,0
B24,D,20220825,000000,20.8,21.1,20,20,15131,0
B24,D,20220826,000000,20.2,20.9,19.85,20.2,6143,0
B24,D,20220829,000000,20.1,20.2,19.95,19.95,3647,0
B24,D,20220830,000000,19.9,20.8,19.7,20.1,3600,0
B24,D,20220831,000000,20.1,20.1,19.8,20,1057,0
B24,D,20220901,000000,20,20,19.7,19.75,1190,0
B24,D,20220902,000000,19.95,20,19.65,19.95,2174,0
B24,D,20220905,000000,19.75,20.9,19.3,20,2522,0
B24,D,20220906,000000,20,20,19.55,19.65,530,0
B24,D,20220907,000000,19.6,19.7,19.6,19.6,227,0
B24,D,20220908,000000,19.6,20,19.5,19.65,1034,0
B24,D,20220909,000000,19.95,20.4,19.7,20,2244,0
B24,D,20220912,000000,20,20.8,19.9,20.8,17935,0
B24,D,20220913,000000,20.8,20.8,20.4,20.4,152,0
B24,D,20220914,000000,20.6,20.6,20.4,20.4,974,0
B24,D,20220915,000000,20.3,20.3,20.3,20.3,40,0
B24,D,20220916,000000,20.6,20.6,19.6,19.6,1116,0
B24,D,20220919,000000,19.5,20,19.5,19.55,455,0
B24,D,20220920,000000,19.55,19.55,19.55,19.55,828,0
B24,D,20220921,000000,19.7,20,19.35,19.6,1086,0
B24,D,20220922,000000,19.9,20.7,19.9,20,1305,0
B24,D,20220923,000000,19.8,19.95,19.5,19.5,1266,0
B24,D,20220926,000000,19.6,19.6,19.5,19.5,190,0
B24,D,20220927,000000,19.95,20,19.95,20,251,0
B24,D,20220928,000000,20,20,19.2,19.35,550,0
B24,D,20220929,000000,20.1,20.6,19.7,19.7,3225,0
B24,D,20220930,000000,19.75,21,19.75,20.1,7419,0
B24,D,20221003,000000,21,23,21,21.7,6455,0
B24,D,20221004,000000,22,22.8,21.3,22.5,2993,0
B24,D,20221005,000000,22.6,23.5,22.6,23,14208,0
B24,D,20221006,000000,22.8,24,22,23,3669,0
B24,D,20221007,000000,23,23.2,22.9,23,4009,0
B24,D,20221010,000000,23,23.2,23,23,3750,0
B24,D,20221011,000000,23,23,22,23,325,0
B24,D,20221012,000000,22.1,22.8,22,22.8,973,0
B24,D,20221013,000000,22.5,22.7,22,22,659,0
B24,D,20221014,000000,21.9,22.7,21.5,22.5,723,0
B24,D,20221017,000000,22.1,22.8,22,22.1,536,0
B24,D,20221018,000000,22.8,22.8,22,22.1,820,0
B24,D,20221019,000000,22.1,22.6,22.1,22.2,126,0
B24,D,20221020,000000,22.2,22.6,22.2,22.6,289,0
B24,D,20221021,000000,22.6,22.6,22,22,318,0
B24,D,20221024,000000,22,22.2,22,22.1,269,0
B24,D,20221025,000000,22.2,22.4,22.1,22.2,250,0
B24,D,20221026,000000,22.1,22.5,22.1,22.5,874,0
B24,D,20221027,000000,22.2,22.2,22,22.2,905,0
B24,D,20221028,000000,22.2,22.6,22,22,823,0
B24,D,20221031,000000,22.6,22.8,22.6,22.8,591,0
B24,D,20221102,000000,22.8,22.8,22.1,22.1,810,0
B24,D,20221103,000000,22,22.4,22,22.4,1036,0
B24,D,20221104,000000,22.5,23,22.4,22.4,1043,0
B24,D,20221107,000000,22.9,23,22.4,22.9,1042,0
B24,D,20221108,000000,22.9,23,22.9,23,647,0
B24,D,20221109,000000,22.9,23,22.5,22.5,685,0
B24,D,20221110,000000,22.9,23.3,22.5,23.2,463,0
B24,D,20221114,000000,23.1,23.2,22.8,23.2,400,0
B24,D,20221115,000000,22.8,23.2,22.2,23.2,770,0
B24,D,20221116,000000,22.4,23.2,22.4,23.2,562,0
B24,D,20221117,000000,23,23,22.4,23,211,0
B24,D,20221118,000000,23,24,23,23.3,1780,0
B24,D,20221121,000000,24,24,23.3,23.5,1782,0
B24,D,20221122,000000,23.3,24,23.3,23.9,283,0
B24,D,20221123,000000,23.8,23.9,23.6,23.6,285,0
B24,D,20221124,000000,23.9,23.9,23.4,23.4,191,0
B24,D,20221125,000000,23.9,24,23.9,24,411,0
B24,D,20221128,000000,24.4,24.4,24.2,24.3,899,0
B24,D,20221129,000000,24,24.3,24,24.3,626,0
B24,D,20221130,000000,24,24,23.3,23.8,376,0
B24,D,20221201,000000,24,24,23,23,1046,0
B24,D,20221202,000000,23.4,23.5,23.1,23.5,201,0
B24,D,20221205,000000,23.4,24.9,23.4,24.1,5469,0
B24,D,20221206,000000,24,24.7,24,24,1382,0
B24,D,20221207,000000,24,25.2,24,25,2998,0
B24,D,20221208,000000,24.5,24.5,23,24.5,1268,0
B24,D,20221209,000000,24,24.3,23.6,23.6,1516,0
B24,D,20221212,000000,23.6,24,23.5,23.5,2271,0
B24,D,20221213,000000,23.5,24,23,23,4702,0
B24,D,20221214,000000,23.5,23.6,22.6,22.6,1757,0
B24,D,20221215,000000,22.8,23,22.8,23,498,0
B24,D,20221216,000000,23,23.1,22.8,22.8,1673,0
B24,D,20221219,000000,23,23.5,22.4,23.5,2009,0
B24,D,20221220,000000,23,23.5,23,23,1198,0
B24,D,20221221,000000,23.1,23.1,23,23,253,0
B24,D,20221222,000000,23.1,23.2,23,23.2,281,0
B24,D,20221223,000000,23.3,23.3,23,23.3,990,0
B24,D,20221227,000000,23.1,23.2,23,23,764,0
B24,D,20221228,000000,23,23.7,22.5,23,2204,0
B24,D,20221229,000000,23,23.7,23,23.3,455,0
B24,D,20221230,000000,23.4,23.4,22.2,23.4,2193,0
B24,D,20230102,000000,23.3,23.5,23,23.3,1546,0
B24,D,20230103,000000,23.5,24,23.5,24,1038,0
B24,D,20230104,000000,23.6,24,23.6,24,697,0
B24,D,20230105,000000,23.7,23.9,23.5,23.7,1643,0
B24,D,20230109,000000,23.8,25,23.8,24.5,3257,0
B24,D,20230110,000000,24.4,24.7,24,24.7,2025,0
B24,D,20230111,000000,24.1,24.7,24.1,24.6,1562,0
B24,D,20230112,000000,24.6,24.6,24.1,24.6,4053,0
B24,D,20230113,000000,24.6,24.9,24,24,3366,0
B24,D,20230116,000000,24.5,24.7,23.6,24.7,4516,0
B24,D,20230117,000000,24.4,24.8,24.4,24.4,2092,0
B24,D,20230118,000000,24.7,24.8,23.1,23.7,3767,0
B24,D,20230119,000000,23.7,24,23.7,24,1230,0
B24,D,20230120,000000,24,25.5,23.6,25.4,7203,0
B24,D,20230123,000000,25.4,25.4,24.5,25,2675,0
B24,D,20230124,000000,25,25.4,24.1,24.1,3534,0
B24,D,20230125,000000,24.2,24.7,24.2,24.2,734,0
B24,D,20230126,000000,24.2,24.9,24.2,24.9,626,0
B24,D,20230127,000000,24.8,24.9,24.2,24.2,1182,0
B24,D,20230130,000000,24.2,24.7,24.2,24.6,151,0
B24,D,20230131,000000,24.3,24.6,24,24.6,1292,0
B24,D,20230201,000000,24.6,24.6,24,24.5,1051,0
B24,D,20230202,000000,24.5,25,24.5,24.5,429,0
B24,D,20230203,000000,24.8,25.9,24.8,25,6050,0
B24,D,20230206,000000,25.5,25.6,25.5,25.5,205,0
B24,D,20230207,000000,25.5,25.5,25,25,339,0
B24,D,20230208,000000,24.9,25,24.2,25,2428,0
B24,D,20230209,000000,25.5,28.8,25.5,27.8,39034,0
B24,D,20230210,000000,27.4,27.8,26.5,27.6,11532,0
B24,D,20230213,000000,27.7,27.9,26.3,26.9,3919,0
B24,D,20230214,000000,26.9,28,26.9,27.7,2237,0
B24,D,20230215,000000,27.7,27.7,27,27.7,739,0
B24,D,20230216,000000,27.5,27.7,26.9,27.3,3542,0
B24,D,20230217,000000,27.1,28.4,27.1,28.3,5884,0
B24,D,20230220,000000,28.3,28.3,27.2,28,1611,0
B24,D,20230221,000000,27.5,27.8,27.1,27.5,1804,0
B24,D,20230222,000000,27.3,27.5,27,27.1,863,0
B24,D,20230223,000000,27.1,27.6,27.1,27.1,763,0
B24,D,20230224,000000,27.5,28.4,25.7,26.6,14273,0
B24,D,20230227,000000,26.7,27,26.2,26.8,3005,0
B24,D,20230228,000000,26.6,26.8,26.1,26.7,1734,0
B24,D,20230301,000000,26.7,26.8,26.2,26.6,1581,0
B24,D,20230302,000000,26.2,26.7,26.2,26.2,2667,0
B24,D,20230303,000000,26.2,26.8,26,26.8,1120,0
B24,D,20230306,000000,26.7,26.8,26.3,26.3,756,0
B24,D,20230307,000000,26.7,27,26.5,26.8,1510,0
B24,D,20230308,000000,26.8,26.9,26.3,26.5,1377,0
B24,D,20230309,000000,26.6,27.2,26.4,27.2,1611,0
B24,D,20230310,000000,27,27,26.6,26.9,1423,0
B24,D,20230313,000000,26.5,27.2,25.8,27,5018,0
B24,D,20230314,000000,27,27.2,26.2,26.2,819,0
B24,D,20230315,000000,27,27,26,26,2355,0
B24,D,20230316,000000,25.8,26.7,25.8,26,5524,0
B24,D,20230317,000000,26.5,26.5,25.5,25.5,2475,0
B24,D,20230320,000000,25.5,25.9,25.1,25.9,2322,0
B24,D,20230321,000000,25.8,25.8,24.4,24.9,2736,0
B24,D,20230322,000000,25,25.8,25,25.1,276,0
B24,D,20230323,000000,25.9,25.9,25.9,25.9,1273,0
B24,D,20230324,000000,25.1,25.8,25,25.6,595,0
B24,D,20230327,000000,25.5,25.9,25.1,25.9,831,0
B24,D,20230328,000000,25.9,25.9,25.2,25.7,744,0
B24,D,20230329,000000,26.2,26.3,25.3,25.9,7444,0
B24,D,20230330,000000,25.4,26,25.2,25.7,1934,0
B24,D,20230331,000000,26.1,27.8,26.1,26.8,13756,0
B24,D,20230403,000000,27,28,27,27.5,10438,0
B24,D,20230404,000000,27.5,27.5,27,27,3627,0
B24,D,20230405,000000,27,27.5,26.4,27.1,2896,0
B24,D,20230406,000000,27.1,28.8,26.8,27.6,8200,0
B24,D,20230411,000000,28,30.8,28,30,13485,0
B24,D,20230412,000000,29.8,29.9,28.9,29.5,4699,0
B24,D,20230413,000000,29,29.5,29,29,3278,0
B24,D,20230414,000000,28.6,31,28.5,30.8,9066,0
B24,D,20230417,000000,30.3,30.9,30.3,30.8,3022,0
B24,D,20230418,000000,30.8,30.9,30,30,1991,0
B24,D,20230419,000000,30,30.5,29.5,30.1,2567,0
B24,D,20230420,000000,30.5,30.8,30.1,30.8,1696,0
B24,D,20230421,000000,30.8,30.8,30.3,30.7,748,0
B24,D,20230424,000000,30.4,30.4,29.5,30,1043,0
B24,D,20230425,000000,29.5,30.3,29.3,30.3,2197,0
B24,D,20230426,000000,30.2,30.2,29.1,29.8,1215,0
B24,D,20230427,000000,29.5,30.3,29,30.3,2283,0
B24,D,20230428,000000,30.6,30.6,29.7,30.4,1147,0
B24,D,20230502,000000,30.3,30.3,29,30.2,1612,0
B24,D,20230504,000000,29.9,30.6,29.4,29.5,1915,0
B24,D,20230505,000000,30,30.6,29.1,30.6,1990,0
B24,D,20230508,000000,30.6,30.6,30,30.6,2862,0
B24,D,20230509,000000,30.5,30.7,30,30,1211,0
B24,D,20230510,000000,30.7,30.7,30,30,3107,0
B24,D,20230511,000000,29.3,30.7,29.3,30.7,3223,0
B24,D,20230512,000000,30.7,30.7,29.3,29.6,1958,0
B24,D,20230515,000000,29.8,29.9,29.1,29.8,985,0
B24,D,20230516,000000,29.4,29.4,28.2,28.5,4030,0
B24,D,20230517,000000,28.8,29.9,28,28.2,2791,0
B24,D,20230518,000000,28.3,29.6,28.2,29.4,1180,0
B24,D,20230519,000000,29.5,29.8,28.7,29.2,795,0
B24,D,20230522,000000,29,30.1,28.7,30,3336,0
B24,D,20230523,000000,30.9,32.9,30.3,31.9,19056,0
B24,D,20230524,000000,31.9,32,31,31.7,2323,0
B24,D,20230525,000000,31,31.7,30.6,31.5,2079,0
B24,D,20230526,000000,31.4,32.4,31,32.4,2157,0
B24,D,20230529,000000,32.5,34,32.5,33.7,7579,0
B24,D,20230530,000000,34,35.9,34,35.4,15267,0
B24,D,20230531,000000,35,35.9,34.5,35.6,7400,0
B24,D,20230601,000000,35.3,35.9,34.6,35.6,3518,0
B24,D,20230602,000000,36,39,36,37.2,16580,0
B24,D,20230605,000000,37.4,38.5,36.7,37.8,5587,0
B24,D,20230606,000000,38,38.5,36.5,37.5,9276,0
B24,D,20230607,000000,37.5,38.5,37,37,4796,0
B24,D,20230609,000000,38.1,38.1,37.2,38,1587,0
B24,D,20230612,000000,37.5,38,37,37.2,1756,0
B24,D,20230613,000000,37,37.3,36,36.9,2049,0
B24,D,20230614,000000,36.7,38,36.7,38,5164,0
B24,D,20230615,000000,37.5,37.8,36.1,36.7,2256,0
B24,D,20230616,000000,36.7,37.7,36.2,37,2816,0
B24,D,20230619,000000,37.1,37.4,35.3,37.3,5651,0
B24,D,20230620,000000,36.4,36.4,35.1,35.6,3604,0
B24,D,20230621,000000,35.5,36,35.1,36,727,0
B24,D,20230622,000000,35,36.4,35,36.4,840,0
B24,D,20230623,000000,36.4,36.4,35.5,35.8,1279,0
B24,D,20230626,000000,36.3,36.4,35.2,36.4,483,0
B24,D,20230627,000000,35.4,36.4,35.2,36.4,1523,0
B24,D,20230628,000000,36,36.4,35.5,36.1,903,0
B24,D,20230629,000000,36,36.4,36,36.4,322,0
B24,D,20230630,000000,36.4,38,36.4,38,3486,0
B24,D,20230703,000000,38,38.7,37,38,4970,0
B24,D,20230704,000000,38.2,38.4,37,38,2919,0
B24,D,20230705,000000,38,38,35.3,36,5980,0
B24,D,20230706,000000,35.2,35.8,33.5,34,7004,0
B24,D,20230707,000000,34.1,35.3,33.8,35,1708,0
B24,D,20230710,000000,35,36.4,34.5,35.5,967,0
B24,D,20230711,000000,35.5,36.4,35.1,36.4,1774,0
B24,D,20230712,000000,36,37.3,36,36.3,510,0
B24,D,20230713,000000,37,37.3,36.1,36.9,1367,0
B24,D,20230714,000000,36.8,36.9,36.1,36.9,526,0
B24,D,20230717,000000,36.1,37,35.5,36,3369,0
B24,D,20230718,000000,35.8,36.4,35.8,36.4,1594,0
B24,D,20230719,000000,36.8,36.8,35.5,35.8,1654,0
B24,D,20230720,000000,36,37.8,36,37.8,6022,0
B24,D,20230721,000000,37,37.8,36.5,37.7,2302,0
B24,D,20230724,000000,37.4,38.4,36.6,37,2420,0
B24,D,20230725,000000,37,37.3,35.5,37,2210,0
B24,D,20230726,000000,36.9,36.9,35.8,35.8,2797,0
B24,D,20230727,000000,36.2,36.2,35.6,36.1,857,0
B24,D,20230728,000000,36.1,37,36.1,36.7,2123,0
B24,D,20230731,000000,36.8,37,36,37,845,0
B24,D,20230801,000000,36.6,36.6,35,36.2,2532,0
B24,D,20230802,000000,36.1,36.4,35.3,35.3,1346,0
B24,D,20230803,000000,35.9,35.9,34.4,35.3,2588,0
B24,D,20230804,000000,35.4,35.4,34.5,35.3,595,0
B24,D,20230807,000000,35.3,35.3,34.2,34.5,1076,0
B24,D,20230808,000000,34.5,34.5,32,33.3,6117,0
B24,D,20230809,000000,33.1,36.6,33.1,34.5,2495,0
B24,D,20230810,000000,35.3,35.3,34.9,35.2,1041,0
B24,D,20230811,000000,35.3,35.3,34.4,35,530,0
B24,D,20230814,000000,35.3,36.6,35.1,36,3603,0
B24,D,20230816,000000,36,36.4,34,34,1485,0
B24,D,20230817,000000,34.1,34.1,33.2,33.3,2202,0
B24,D,20230818,000000,33.8,34.8,32.7,33,3072,0
B24,D,20230821,000000,33.2,33.9,32.5,33.5,2837,0
B24,D,20230822,000000,33.5,33.6,32.8,33.6,806,0
B24,D,20230823,000000,33.6,34.4,33.6,33.6,1531,0
B24,D,20230824,000000,34.6,34.6,33.2,34.2,1223,0
B24,D,20230825,000000,33,34.1,33,33.2,1120,0
B24,D,20230828,000000,33.8,33.9,33.2,33.2,229,0
B24,D,20230829,000000,33.9,33.9,33.1,33.4,339,0
B24,D,20230830,000000,33.9,33.9,32.3,33.5,1707,0
B24,D,20230831,000000,33.4,33.5,32.5,33.5,952,0
B24,D,20230901,000000,33.2,33.2,31.6,32.9,6523,0
B24,D,20230904,000000,32.3,32.7,32,32.3,2460,0
B24,D,20230905,000000,32.3,32.8,32.2,32.5,1026,0
B24,D,20230906,000000,32,32,31.1,31.4,7374,0
B24,D,20230907,000000,31.3,31.3,29.8,30.5,5864,0
B24,D,20230908,000000,30.5,30.8,30,30.5,3898,0
B24,D,20230911,000000,30.5,30.6,29.9,30,2565,0
B24,D,20230912,000000,30.4,34.4,29.5,33,11870,0
B24,D,20230913,000000,34,35,33.5,34,6425,0
B24,D,20230914,000000,34.5,35,33.9,34.2,3032,0
B24,D,20230915,000000,35,35.5,34,35.5,2992,0
B24,D,20230918,000000,35.5,35.5,33.5,35.3,3816,0
B24,D,20230919,000000,35,36,35,35.1,2117,0
B24,D,20230920,000000,35.4,36,35,35.7,3086,0
B24,D,20230921,000000,35.2,35.3,34.9,35,1545,0
B24,D,20230922,000000,36,37,35.2,35.2,3098,0
B24,D,20230925,000000,35.2,36.1,35,35,3586,0
B24,D,20230926,000000,35.2,35.3,33.2,34,2105,0
B24,D,20230927,000000,33.9,36,33.3,34.4,2313,0
B24,D,20230928,000000,34.5,34.9,33.6,34.9,1365,0
B24,D,20230929,000000,35,36.6,34,34.9,5170,0
B24,D,20231002,000000,35.9,36.5,35.1,35.7,1386,0
B24,D,20231003,000000,36,36,35.4,36,1672,0
B24,D,20231004,000000,36.6,39.5,36.6,38,32616,0
B24,D,20231005,000000,38.3,38.3,37.4,37.5,5949,0
B24,D,20231006,000000,37.6,38,36.6,36.9,2624,0
B24,D,20231009,000000,36.9,37.3,36.5,37.3,3305,0
B24,D,20231010,000000,37.3,37.3,36.9,37.1,4379,0
B24,D,20231011,000000,37.1,37.3,36.7,37,7344,0
B24,D,20231012,000000,37,37,36,37,4133,0
B24,D,20231013,000000,37,37,36,36,3834,0
B24,D,20231016,000000,36,37.1,35.7,36,6134,0
B24,D,20231017,000000,36,36.8,35.6,36.4,2575,0
B24,D,20231018,000000,35.7,37.2,35.7,37.2,18696,0
B24,D,20231019,000000,36.3,37.4,36.3,36.6,15673,0
B24,D,20231020,000000,36.6,36.7,36,36,726,0
B24,D,20231023,000000,36,38,35.8,36.7,6562,0
B24,D,20231024,000000,36.8,37,36.1,36.1,1494,0
B24,D,20231025,000000,36.1,36.9,36.1,36.8,275,0
B24,D,20231026,000000,36.6,36.7,35.8,36.6,631,0
B24,D,20231027,000000,36.1,36.6,36,36.5,485,0
B24,D,20231030,000000,36.2,37.8,36,36.6,3185,0
B24,D,20231031,000000,36.2,36.7,35.4,36.7,1563,0
B24,D,20231102,000000,36.7,37.5,36.1,36.7,2700,0
B24,D,20231103,000000,36.7,36.7,35.8,36.2,1321,0
B24,D,20231106,000000,35.8,36.4,35.7,35.9,2322,0
B24,D,20231107,000000,35.7,35.9,35.1,35.8,1206,0
B24,D,20231108,000000,35.8,36,35.8,35.8,922,0
B24,D,20231109,000000,35.8,36,35.2,35.2,748,0
B24,D,20231110,000000,35.2,36,35.2,35.8,1002,0
B24,D,20231113,000000,35.8,35.9,35.4,35.4,532,0
B24,D,20231114,000000,35.2,35.9,33.3,35.6,3276,0
B24,D,20231115,000000,35.4,35.4,34,35,2362,0
B24,D,20231116,000000,35.4,35.4,35.2,35.4,833,0
B24,D,20231117,000000,35,35.6,34,34.8,3361,0
B24,D,20231120,000000,34.8,35,33.5,34.3,2479,0
B24,D,20231121,000000,34.3,34.3,33.5,34,3230,0
B24,D,20231122,000000,33.7,34.4,32.2,34.2,6990,0
B24,D,20231123,000000,33.4,36.8,33.2,33.7,13550,0
B24,D,20231124,000000,34.2,36,34,35.9,3659,0
B24,D,20231127,000000,35.9,36.2,35,36.1,3584,0
B24,D,20231128,000000,36,36.1,34.5,35.2,1729,0
B24,D,20231129,000000,35.2,35.4,34.4,35.4,1113,0
B24,D,20231130,000000,35.2,36.2,35,35,5040,0
B24,D,20231201,000000,35.3,36.1,35.3,36.1,1652,0
B24,D,20231204,000000,36.1,36.5,35.6,35.8,2072,0
B24,D,20231205,000000,35.9,36.4,35.6,36.2,3180,0
B24,D,20231206,000000,36.2,36.3,35.7,36,673,0
B24,D,20231207,000000,36,36.9,35.8,36.9,3629,0
B24,D,20231208,000000,36.8,37.8,36.1,36.3,5680,0
B24,D,20231211,000000,36.3,36.7,36.1,36.2,2135,0
B24,D,20231212,000000,36.1,37.3,36.1,36.6,4030,0
B24,D,20231213,000000,36.7,37.2,36.6,37,6439,0
B24,D,20231214,000000,37,37.2,36.9,37,3456,0
B24,D,20231215,000000,37,37,36.3,36.4,1794,0
B24,D,20231218,000000,36.4,37.1,36.4,36.8,2051,0
B24,D,20231219,000000,36.1,36.8,36.1,36.6,2113,0
B24,D,20231220,000000,36.1,36.8,35.7,35.9,4475,0
B24,D,20231221,000000,35.9,36,35.4,35.9,4552,0
B24,D,20231222,000000,36.2,36.2,35.6,35.9,5727,0
B24,D,20231227,000000,35.7,36.6,35.6,35.6,3074,0
B24,D,20231228,000000,36.5,36.5,36,36.2,2201,0
B24,D,20231229,000000,36,36.1,35.6,36,3284,0
B24,D,20240102,000000,37,37,34.5,35.5,6900,0
B24,D,20240103,000000,36,36.1,35.6,35.9,9664,0
B24,D,20240104,000000,35.5,36.1,35.5,36.1,2032,0
B24,D,20240105,000000,36.1,37,36,37,5678,0
B24,D,20240108,000000,37,37.2,36.1,36.8,7395,0
B24,D,20240109,000000,36.5,37.5,36.5,36.9,4845,0
B24,D,20240110,000000,36.5,39.2,36.5,37.7,32509,0
B24,D,20240111,000000,38,38.4,37.1,37.9,13799,0
B24,D,20240112,000000,38,38,37.2,37.6,2875,0
B24,D,20240115,000000,38.7,41.6,38.3,40,24084,0
B24,D,20240116,000000,40.4,40.5,39.4,40,5793,0
B24,D,20240117,000000,40,40.4,39.6,39.9,2257,0
B24,D,20240118,000000,40.1,40.4,39.4,40,3849,0
B24,D,20240119,000000,40,42.3,40,41.7,9766,0
B24,D,20240122,000000,41.9,42.5,41.4,41.4,6145,0
B24,D,20240123,000000,41.4,42.3,41.2,41.7,1019,0
B24,D,20240124,000000,42.3,42.3,41.5,42,1506,0
B24,D,20240125,000000,42,42,41.1,41.2,2078,0
B24,D,20240126,000000,41.6,42.3,41.3,42.3,3138,0
B24,D,20240129,000000,42.3,44,42.2,44,7724,0
B24,D,20240130,000000,43.9,45.5,43.9,45.5,8289,0
B24,D,20240131,000000,45,45.4,44,45.2,4519,0
B24,D,20240201,000000,45.2,45.2,44.2,44.8,2353,0
B24,D,20240202,000000,45.2,45.2,44.4,45,3801,0
B24,D,20240205,000000,45,45.3,41.5,42.2,12468,0
B24,D,20240206,000000,42.1,42.9,42,42.2,4125,0
B24,D,20240207,000000,42.5,42.9,42.5,42.9,2133,0
B24,D,20240208,000000,43,43.7,43,43.7,2436,0
B24,D,20240209,000000,43.7,43.7,43.2,43.6,1198,0
B24,D,20240212,000000,43.7,43.7,42.5,43.6,2560,0
B24,D,20240213,000000,43.5,43.6,41.8,42.4,4968,0
B24,D,20240214,000000,42,44.3,42,44.3,3061,0
B24,D,20240215,000000,45,45,44.1,44.6,1846,0
B24,D,20240216,000000,44.7,45.5,42.8,43.8,3243,0
B24,D,20240219,000000,43.8,44,43.2,44,1447,0
B24,D,20240220,000000,44,44,42.8,43.3,1319,0
B24,D,20240221,000000,43,44,41,41.3,9889,0
B24,D,20240222,000000,41,41.7,40,41.7,8926,0
B24,D,20240223,000000,41.7,41.7,39.3,40.3,13702,0
B24,D,20240226,000000,40,40.7,39.3,40,7830,0
B24,D,20240227,000000,39.9,41.3,39.4,41.3,5359,0
B24,D,20240228,000000,41.1,41.1,38.4,39,11236,0
B24,D,20240229,000000,38.8,40.5,38.8,40.5,3898,0
B24,D,20240301,000000,40.1,40.5,39.4,39.8,2262,0
B24,D,20240304,000000,39.8,41.4,39.5,40.8,4143,0
B24,D,20240305,000000,40.8,41,39.9,40.6,3303,0
B24,D,20240306,000000,40.6,42,40,42,7364,0
B24,D,20240307,000000,42,42,41.1,42,4494,0
B24,D,20240308,000000,41.9,43.9,41.9,43.5,7173,0
B24,D,20240311,000000,43.5,44.8,43,44.7,4741,0
B24,D,20240312,000000,44.9,45.3,44,44.8,4493,0
B24,D,20240313,000000,44.8,45.2,42.2,44.8,4289,0
B24,D,20240314,000000,44.6,44.8,43.3,44.8,2318,0
B24,D,20240315,000000,44.8,44.9,42.4,43.8,3389,0
