<TICKER>,<PER>,<DATE>,<TIME>,<OPEN>,<HIGH>,<LOW>,<CLOSE>,<VOL>,<OPENINT>
BBT,D,20190514,000000,19.6059,19.7835,18.3141,18.8331,441139.3832511347,0
BBT,D,20190515,000000,19.0921,23.5845,19.0921,23.5845,376399.8323945061,0
BBT,D,20190516,000000,24.7072,25.5711,21.1654,21.5969,400839.272788301,0
BBT,D,20190517,000000,21.5969,22.634,20.0679,21.9426,170870.41165133732,0
BBT,D,20190520,000000,22.2883,22.2883,20.1284,20.2326,56657.81903628411,0
BBT,D,20190521,000000,20.3017,20.9922,19.1096,19.7835,70188.69252936011,0
BBT,D,20190522,000000,19.507,19.507,17.3252,17.8564,189845.85634814214,0
BBT,D,20190523,000000,17.537,18.6861,17.2954,18.1846,36713.434910153264,0
BBT,D,20190524,000000,18.3141,21.3378,18.1504,21.3378,142051.31933226765,0
BBT,D,20190527,000000,20.9064,21.3125,19.6147,20.215,83003.14500570348,0
BBT,D,20190528,000000,20.3874,21.1654,19.8868,20.0426,40294.397376568704,0
BBT,D,20190529,000000,20.2841,20.3874,18.9022,19.5236,26693.824231148206,0
BBT,D,20190530,000000,18.8331,20.5607,17.796,19.1009,114988.42972887216,0
BBT,D,20190531,000000,19.1009,19.5157,18.3491,18.8331,29398.399265610864,0
BBT,D,20190603,000000,19.0054,19.2995,18.4874,18.4874,12460.241128355752,0
BBT,D,20190604,000000,18.574,19.2558,18.574,18.7893,16265.15657607918,0
BBT,D,20190605,000000,18.7464,19.2646,18.4962,18.8331,11971.200944684888,0
BBT,D,20190606,000000,18.6599,18.6599,16.8455,17.8739,82394.13001061749,0
BBT,D,20190607,000000,17.7015,18.1416,17.3164,17.537,35905.60451329408,0
BBT,D,20190610,000000,17.7015,17.7015,16.8455,17.2779,26974.908075033305,0
BBT,D,20190611,000000,16.7597,17.2779,16.4228,16.5007,23980.10825867194,0
BBT,D,20190612,000000,16.4228,16.9234,14.928,15.2046,50875.03312609517,0
BBT,D,20190613,000000,15.2046,16.414,15.0313,15.0313,25644.901594207895,0
BBT,D,20190614,000000,15.4811,15.896,14.928,15.756,12332.267996181117,0
BBT,D,20190617,000000,15.9817,15.9817,15.118,15.636,3203.8987733985678,0
BBT,D,20190618,000000,15.896,15.896,14.8588,15.2046,9377.459783624152,0
BBT,D,20190619,000000,15.2046,15.2046,13.9951,14.0983,34451.05275204781,0
BBT,D,20190621,000000,14.1675,15.075,14.1675,14.6917,22901.477573191107,0
BBT,D,20190624,000000,14.6865,14.6865,13.9259,14.3233,6876.270619940346,0
BBT,D,20190625,000000,14.3233,15.2824,13.0533,14.8588,40232.69604498478,0
BBT,D,20190626,000000,14.6173,15.0662,14.178,14.9018,4492.771033168035,0
BBT,D,20190627,000000,15.1618,15.7227,14.7346,14.9018,15790.970416679633,0
BBT,D,20190628,000000,15.118,15.4374,14.5998,15.2912,10076.74154158418,0
BBT,D,20190701,000000,15.8889,16.4053,15.2912,15.9817,25802.582774924107,0
BBT,D,20190702,000000,15.9388,18.0384,15.9388,17.4502,62260.07142072599,0
BBT,D,20190703,000000,17.4502,17.4502,16.6924,17.1912,18901.174575449306,0
BBT,D,20190704,000000,17.2263,17.2779,15.9817,16.414,24062.376700784884,0
BBT,D,20190705,000000,16.2407,16.414,15.636,15.9388,25632.332804440506,0
BBT,D,20190708,000000,16.2845,16.414,15.7227,16.0684,7031.666566153685,0
BBT,D,20190709,000000,16.2407,16.6732,16.0684,16.414,5682.235592051,0
BBT,D,20190710,000000,16.6627,16.7597,16.2407,16.4833,5074.363214216464,0
BBT,D,20190711,000000,16.6679,16.6679,16.1375,16.6285,3482.697382781325,0
BBT,D,20190712,000000,16.6215,16.6215,16.414,16.414,2479.4794359040798,0
BBT,D,20190715,000000,16.6285,17.4765,16.5865,16.8875,18818.90613333636,0
BBT,D,20190716,000000,17.102,17.7094,16.5865,17.0188,23917.264309836057,0
BBT,D,20190717,000000,17.4415,17.537,17.1396,17.2823,13378.905398617495,0
BBT,D,20190718,000000,17.6148,17.6148,17.0188,17.403,5798.782551711058,0
BBT,D,20190719,000000,17.2779,17.6236,17.053,17.5106,4504.197205683774,0
BBT,D,20190722,000000,17.5194,17.5798,16.856,17.2779,5297.173578272383,0
BBT,D,20190723,000000,17.459,17.459,16.8455,17.1055,6487.780754406996,0
BBT,D,20190724,000000,17.1055,17.1055,16.8455,16.8455,4004.873466748183,0
BBT,D,20190725,000000,17.0188,17.0188,15.7227,16.1113,30299.924277098416,0
BBT,D,20190726,000000,16.1113,16.155,15.8435,16.1252,7975.468415949359,0
BBT,D,20190729,000000,16.1252,16.2155,15.8093,16.0255,7059.0893801913335,0
BBT,D,20190730,000000,16.1095,16.414,15.8093,15.9817,5671.952036786908,0
BBT,D,20190731,000000,16.3537,16.3537,15.4636,15.9817,12478.523004381908,0
BBT,D,20190801,000000,16.0667,16.0667,15.896,15.9817,4063.146946578212,0
BBT,D,20190802,000000,16.0684,16.0684,15.6448,15.9817,2350.3636864767404,0
BBT,D,20190805,000000,15.9817,15.9817,15.118,15.3752,6983.676641587748,0
BBT,D,20190806,000000,15.1389,18.1416,15.1389,15.9476,107767.08869894755,0
BBT,D,20190807,000000,16.2407,17.6664,16.2329,17.2349,35983.30248640128,0
BBT,D,20190808,000000,17.6192,19.2646,17.6192,18.9189,129347.70072933426,0
BBT,D,20190809,000000,19.1954,19.4379,18.2712,18.9066,42102.01786855061,0
BBT,D,20190812,000000,18.8331,19.0011,17.7916,18.574,25858.57102025137,0
BBT,D,20190813,000000,18.1416,18.483,17.5798,18.1416,19346.795303561354,0
BBT,D,20190814,000000,18.3579,18.3579,17.2779,17.8826,18569.815572494652,0
BBT,D,20190816,000000,17.459,18.3062,17.459,18.2974,20311.164263884788,0
BBT,D,20190819,000000,18.3141,19.1701,18.3141,18.9189,32570.304755964455,0
BBT,D,20190820,000000,18.9189,19.1052,18.6256,18.9967,18768.63097426681,0
BBT,D,20190821,000000,18.9363,18.9801,18.1933,18.6554,11845.513047012068,0
BBT,D,20190822,000000,18.3141,18.5696,17.7094,18.2624,11061.67761243675,0
BBT,D,20190823,000000,18.2624,18.7806,17.8397,18.4357,7622.399685214664,0
BBT,D,20190826,000000,18.4007,20.6386,18.055,20.3874,84177.7555403166,0
BBT,D,20190827,000000,20.1721,21.07,19.8693,20.215,69035.79172252797,0
BBT,D,20190828,000000,20.474,20.474,19.5587,19.6969,20305.451177627077,0
BBT,D,20190829,000000,19.8518,20.4696,19.6969,20.1284,8283.975073872954,0
BBT,D,20190830,000000,20.3017,20.474,19.8649,20.2754,10750.88572001007,0
BBT,D,20190902,000000,20.2754,20.3017,19.8693,19.8911,11326.764814800683,0
BBT,D,20190903,000000,20.0339,20.1196,18.9363,19.731,22744.939009725804,0
BBT,D,20190904,000000,19.8518,20.2062,19.3512,19.9988,7529.847687837629,0
BBT,D,20190905,000000,20.3017,20.5607,19.4466,19.4851,19590.172778144293,0
BBT,D,20190906,000000,19.7144,19.8518,19.3083,19.4116,4719.009248978685,0
BBT,D,20190909,000000,19.4379,19.6969,18.4357,18.7036,19967.236471162745,0
BBT,D,20190910,000000,18.6599,19.1525,17.796,18.4654,16036.633125765444,0
BBT,D,20190911,000000,18.1416,18.9879,17.9089,18.8331,11823.803319232133,0
BBT,D,20190912,000000,18.8331,18.9879,18.3229,18.8331,9295.191341511207,0
BBT,D,20190913,000000,18.9189,19.4379,18.9189,19.2558,15179.670187089729,0
BBT,D,20190916,000000,19.4894,19.5157,18.5907,19.0054,9130.654457285318,0
BBT,D,20190917,000000,19.0054,19.2601,18.1461,18.6599,9316.901069291038,0
BBT,D,20190918,000000,18.574,18.574,16.9322,17.6061,66886.5286723269,0
BBT,D,20190919,000000,17.537,17.9693,17.1064,17.8826,8130.864362162699,0
BBT,D,20190920,000000,17.9693,18.055,17.4502,17.537,5575.972187655139,0
BBT,D,20190923,000000,17.6061,17.9255,17.3986,17.4546,4972.6702788268785,0
BBT,D,20190924,000000,17.2779,17.6192,16.5007,16.6644,21230.97115139744,0
BBT,D,20190925,000000,16.5085,17.8739,16.5007,17.8739,18384.711577739734,0
BBT,D,20190926,000000,18.1416,18.9189,17.8826,18.4874,20809.34538556926,0
BBT,D,20190927,000000,16.8455,17.2429,15.377,15.4636,102162.55108000703,0
BBT,D,20190930,000000,15.118,15.118,12.2499,12.4836,241910.3540331154,0
BBT,D,20191001,000000,12.2586,12.7426,11.1612,12.3532,156422.01650524943,0
BBT,D,20191002,000000,12.3366,12.8284,11.4554,11.8352,30499.882296122538,0
BBT,D,20191003,000000,12.0942,12.3454,11.4054,12.0251,25089.589609945255,0
BBT,D,20191004,000000,12.207,13.2871,12.0084,12.5265,25695.176753276388,0
BBT,D,20191007,000000,12.3532,12.5091,11.9734,11.9734,31431.115356150614,0
BBT,D,20191008,000000,12.2499,12.2499,11.6627,12.0513,15794.39826843447,0
BBT,D,20191009,000000,12.0338,12.0942,11.1446,11.1446,47725.97998077243,0
BBT,D,20191010,000000,10.6256,10.8847,8.63018,8.63018,136257.1072495633,0
BBT,D,20191011,000000,8.37988,9.71889,8.37988,8.89974,98498.17755422668,0
BBT,D,20191014,000000,9.06253,9.2953,8.76847,8.97414,14037.052935521055,0
BBT,D,20191015,000000,8.96714,8.96714,8.63894,8.95838,23990.391813935395,0
BBT,D,20191016,000000,8.77722,8.98464,8.69932,8.69932,6678.597835418886,0
BBT,D,20191017,000000,8.72557,9.24373,8.72557,8.77197,10800.018261827656,0
BBT,D,20191018,000000,8.77197,8.89449,8.27609,8.60393,24141.217291142988,0
BBT,D,20191021,000000,8.39738,8.898,8.39738,8.82885,13737.687215610853,0
BBT,D,20191022,000000,8.82885,9.24373,8.72557,8.898,12301.417330387574,0
BBT,D,20191023,000000,9.02751,9.24373,8.81135,8.96714,3898.6100623523225,0
BBT,D,20191024,000000,8.98464,9.13167,8.70807,8.70807,5182.911853115515,0
BBT,D,20191025,000000,8.63894,8.85511,8.5523,8.63894,5861.6265005473615,0
BBT,D,20191028,000000,8.63894,9.06253,7.77505,8.35363,23700.167032037745,0
BBT,D,20191029,000000,8.07742,8.29333,7.26962,7.48991,55701.44839672126,0
BBT,D,20191030,000000,7.34305,7.42944,7.01477,7.01477,13264.643673461156,0
BBT,D,20191031,000000,6.77287,7.0062,6.39278,6.85759,46189.15977741216,0
BBT,D,20191104,000000,6.90248,7.49857,6.90248,7.10291,22791.786317040514,0
BBT,D,20191105,000000,7.37762,7.39486,6.65192,7.11848,15818.39323071728,0
BBT,D,20191106,000000,7.11848,7.21353,6.83335,6.83335,8718.169629469052,0
BBT,D,20191107,000000,6.73839,7.15305,6.56554,6.82477,17797.406310433696,0
BBT,D,20191108,000000,6.73839,6.91116,6.68649,6.90248,4139.70230243334,0
BBT,D,20191112,000000,6.90248,6.90248,6.58287,6.78153,5778.215441182769,0
BBT,D,20191113,000000,6.74697,6.78153,6.56554,6.56554,5405.722217171434,0
BBT,D,20191114,000000,6.65192,6.65192,6.40145,6.63468,1953.8755001824888,0
BBT,D,20191115,000000,6.78066,6.78066,6.4101,6.69516,4024.29796002493,0
BBT,D,20191118,000000,6.78066,6.89383,6.47916,6.77287,12044.328448785283,0
BBT,D,20191119,000000,6.77287,6.77287,6.66924,6.73839,471.9009248978685,0
BBT,D,20191120,000000,6.72106,6.72106,6.49649,6.69516,2301.2311446593662,0
BBT,D,20191121,000000,6.54829,6.84201,6.54829,6.80744,6109.574444137737,0
BBT,D,20191122,000000,6.81611,6.81611,6.47916,6.56554,5051.51086918509,0
BBT,D,20191125,000000,6.54829,7.12627,6.53106,6.89383,10330.402571432374,0
BBT,D,20191126,000000,6.65192,6.91116,6.65192,6.91028,1508.2547720706525,0
BBT,D,20191127,000000,6.73839,6.73839,6.56554,6.73839,7203.059153888934,0
BBT,D,20191128,000000,6.39278,6.42735,5.23518,5.3907,147605.58179214393,0
BBT,D,20191129,000000,5.54447,5.54447,5.4425,5.4425,17678.574116270556,0
BBT,D,20191202,000000,5.4425,5.4425,5.20061,5.35526,19815.268376704244,0
BBT,D,20191203,000000,5.28699,5.28699,5.0106,5.01226,22371.30316846324,0
BBT,D,20191204,000000,4.97603,5.0106,4.50947,4.88099,21398.935887378164,0
BBT,D,20191205,000000,5.09698,6.4101,5.09698,6.4101,146553.23130344562,0
BBT,D,20191206,000000,6.22002,6.84201,5.77079,6.04726,110839.58648841613,0
BBT,D,20191209,000000,6.04726,6.3582,5.87449,6.01444,23806.430436432445,0
BBT,D,20191210,000000,6.01444,6.05583,5.61527,5.91851,8049.738537301297,0
BBT,D,20191211,000000,5.96088,6.02136,5.4684,5.76817,20385.434385237146,0
BBT,D,20191212,000000,5.70164,5.89173,5.32156,5.71897,19463.34226322162,0
BBT,D,20191213,000000,5.72764,5.90898,5.35612,5.52023,22380.444106475792,0
BBT,D,20191216,000000,5.60669,5.60669,5.22651,5.35612,12871.583338920476,0
BBT,D,20191217,000000,5.35612,5.4684,5.05375,5.1747,23543.62846857244,0
BBT,D,20191218,000000,5.02784,5.33022,4.93279,5.06241,27359.970088811286,0
BBT,D,20191219,000000,5.09698,5.56345,5.09698,5.27841,33337.000931767696,0
BBT,D,20191220,000000,5.33889,5.33889,5.09698,5.17382,27193.147970082526,0
BBT,D,20191223,000000,5.18336,5.26711,4.92422,5.22651,61390.539692281825,0
BBT,D,20191227,000000,5.26108,5.61527,5.02784,5.48399,24007.531072709586,0
BBT,D,20191230,000000,5.4425,5.75354,5.35612,5.53755,26149.93841939993,0
BBT,D,20200102,000000,5.81402,6.00403,5.61527,5.87449,25570.631472855534,0
BBT,D,20200103,000000,5.96088,6.55697,5.96088,6.38411,51121.83845243401,0
BBT,D,20200107,000000,6.39278,6.75563,6.39278,6.73839,31214.018078353358,0
BBT,D,20200108,000000,7.24801,8.898,7.24801,8.898,263053.3436561433,0
BBT,D,20200109,000000,9.8484,11.913,9.50281,10.9371,358226.50500830164,0
BBT,D,20200110,000000,11.2304,11.3169,9.24373,10.3491,175953.91580356675,0
BBT,D,20200113,000000,10.3666,10.3666,9.1588,9.37496,117666.72456653962,0
BBT,D,20200114,000000,9.41608,9.67509,8.80347,9.58938,81298.36006636354,0
BBT,D,20200115,000000,9.63223,9.63223,9.07128,9.08091,29783.461279388845,0
BBT,D,20200116,000000,9.08091,9.39945,8.99339,9.27784,24594.83634001562,0
BBT,D,20200117,000000,9.27784,9.27784,8.39738,8.77722,34103.69710756988,0
BBT,D,20200120,000000,8.77722,8.98464,8.5523,8.85511,16406.841115274223,0
BBT,D,20200121,000000,8.98464,8.98464,8.64769,8.81135,4645.88174487829,0
BBT,D,20200122,000000,8.97589,10.7035,8.81135,10.5399,176645.1992407625,0
BBT,D,20200123,000000,10.3666,10.868,9.54567,9.67509,73702.24057793496,0
BBT,D,20200124,000000,9.93506,10.1075,9.58938,9.67509,26888.069163914613,0
BBT,D,20200127,000000,9.838,9.838,9.07128,9.37321,35878.18169925643,0
BBT,D,20200128,000000,9.33032,9.63223,9.2008,9.57188,17003.287320593863,0
BBT,D,20200129,000000,9.57188,9.74254,9.51672,9.63223,16975.86450655516,0
BBT,D,20200130,000000,9.66553,10.3237,9.24373,9.24373,49712.991381249434,0
BBT,D,20200131,000000,9.25242,9.50281,9.15705,9.33032,11792.952653440703,0
BBT,D,20200203,000000,9.58938,10.4532,9.33032,10.0314,34960.66004624665,0
BBT,D,20200204,000000,13.3386,14.2541,12.0049,14.1675,330964.80000312557,0
BBT,D,20200205,000000,13.9083,16.8289,13.6581,13.9951,456864.0818672195,0
BBT,D,20200206,000000,13.8226,14.8414,13.7535,14.3923,132840.68166737165,0
BBT,D,20200207,000000,14.7722,14.8414,14.1938,14.5132,31260.865385667013,0
BBT,D,20200210,000000,14.5132,14.9368,14.1692,14.5823,47100.96834416423,0
BBT,D,20200211,000000,14.7722,14.8851,13.8393,14.3233,44137.019193594286,0
BBT,D,20200212,000000,14.6428,14.9971,14.2541,14.557,54737.079436396765,0
BBT,D,20200213,000000,14.6778,14.8588,14.2541,14.5132,6349.524066967107,0
BBT,D,20200214,000000,14.5132,14.6865,14.2629,14.6865,24412.017579764633,0
BBT,D,20200217,000000,14.8588,14.8588,14.297,14.634,20158.05355217432,0
BBT,D,20200218,000000,14.634,14.7539,14.5308,14.669,7024.810862644221,0
BBT,D,20200219,000000,14.669,14.6865,14.0292,14.2453,30216.513217733507,0
BBT,D,20200220,000000,14.4616,14.6243,14.3408,14.3888,14182.165326470937,0
BBT,D,20200221,000000,14.591,14.591,14.1675,14.557,17461.476838472245,0
BBT,D,20200224,000000,14.6261,14.6261,13.3037,14.4273,97827.46122755573,0
BBT,D,20200225,000000,14.2541,14.4273,13.0463,13.3991,55648.88800314989,0
BBT,D,20200226,000000,13.1741,13.8139,11.8579,13.7343,70991.95245721354,0
BBT,D,20200227,000000,13.7185,13.7185,12.6211,12.958,34956.089577240906,0
BBT,D,20200228,000000,11.9218,12.958,11.4203,12.4398,94086.53234592016,0
BBT,D,20200302,000000,12.6989,14.8939,12.6989,14.6865,137575.68755787858,0
BBT,D,20200303,000000,15.118,15.2046,14.4273,14.8588,82432.97899717162,0
BBT,D,20200304,000000,14.9455,15.965,13.477,15.5502,207768.95055624866,0
BBT,D,20200305,000000,17.8826,18.1198,14.9796,15.2912,302095.4325249885,0
BBT,D,20200306,000000,14.557,15.118,13.5628,14.8326,124888.06559645366,0
BBT,D,20200309,000000,12.7856,13.6406,11.6801,12.7076,160751.39327144617,0
BBT,D,20200310,000000,13.3903,14.0817,12.1028,12.5265,71715.22917745692,0
BBT,D,20200311,000000,13.2091,13.2091,10.8417,11.1446,50760.771400937774,0
BBT,D,20200312,000000,10.3666,10.3666,8.52516,8.59606,54232.042611204735,0
BBT,D,20200313,000000,9.46857,10.4103,8.52166,9.10541,115784.83395321276,0
BBT,D,20200316,000000,8.65645,11.4894,8.65645,11.4037,69280.31181436393,0
BBT,D,20200317,000000,12.2674,13.8226,12.2674,13.7754,180450.11468848484,0
BBT,D,20200318,000000,13.8139,14.4273,12.4398,13.3903,95525.08746564525,0
BBT,D,20200319,000000,12.958,14.2541,12.958,13.7789,44864.86638284447,0
BBT,D,20200320,000000,13.8226,14.8763,13.8226,14.2113,103927.89473367998,0
BBT,D,20200323,000000,14.2541,15.153,13.4332,14.479,108563.4929232987,0
BBT,D,20200324,000000,15.2046,16.6644,15.075,16.414,128619.85354007986,0
BBT,D,20200325,000000,17.1912,17.6927,15.118,15.671,239741.66648964255,0
BBT,D,20200326,000000,15.6282,16.155,14.6865,15.4636,63444.96551060152,0
BBT,D,20200327,000000,15.5502,16.8455,15.2238,16.5777,95273.71167029961,0
BBT,D,20200330,000000,16.5777,17.537,15.896,17.4502,44813.448606524005,0
BBT,D,20200331,000000,17.796,18.055,17.2692,17.4502,68653.01494325286,0
BBT,D,20200401,000000,17.1055,18.6599,16.414,18.6599,109452.44914501465,0
BBT,D,20200402,000000,18.7464,21.5111,18.7036,21.1654,175807.66079536383,0
BBT,D,20200403,000000,19.1788,19.7835,17.2604,17.9693,431925.31773448916,0
BBT,D,20200406,000000,18.1416,18.6169,16.6732,17.537,197540.24092020272,0
BBT,D,20200407,000000,17.5798,18.3141,16.8455,16.898,94438.45845940278,0
BBT,D,20200408,000000,16.9322,17.4074,15.7402,16.6732,59454.94606812529,0
BBT,D,20200409,000000,17.1055,17.2779,16.5173,16.5173,44292.41513980868,0
BBT,D,20200414,000000,16.9322,17.0188,15.2912,16.5699,69875.6154024316,0
BBT,D,20200415,000000,16.6732,16.8455,15.896,15.9817,40998.24960353606,0
BBT,D,20200416,000000,16.0684,17.2779,15.9817,16.8455,64362.48716361235,0
BBT,D,20200417,000000,17.3207,18.0988,16.8455,16.9497,49253.65924611909,0
BBT,D,20200420,000000,17.0188,17.9693,17.0188,17.4502,36266.67156479031,0
BBT,D,20200421,000000,17.9255,17.9693,15.3945,16.0684,121155.13503558817,0
BBT,D,20200422,000000,15.9817,16.3965,15.8785,15.896,64060.836209197165,0
BBT,D,20200423,000000,16.1025,16.8455,15.377,15.965,97818.32028954319,0
BBT,D,20200424,000000,15.187,17.1912,14.6865,17.1055,119851.4087515421,0
BBT,D,20200427,000000,17.537,19.8264,17.1572,19.0054,176938.85187440758,0
BBT,D,20200428,000000,18.9189,19.4379,17.8826,18.1416,58591.12742593884,0
BBT,D,20200429,000000,17.7094,18.0988,16.7073,17.9693,59718.890653236194,0
BBT,D,20200430,000000,18.0988,18.0988,16.7597,17.1222,82348.42532055474,0
BBT,D,20200504,000000,17.1572,17.7094,16.9322,17.6664,37816.060557916906,0
BBT,D,20200505,000000,18.0122,18.6599,17.2779,17.6236,43626.26928214349,0
BBT,D,20200506,000000,17.537,17.9693,16.9322,17.7094,20343.15754692924,0
BBT,D,20200507,000000,18.3141,18.574,17.2779,17.796,62228.078137681536,0
BBT,D,20200508,000000,18.0988,18.0988,17.1572,17.5798,22379.301489223824,0
BBT,D,20200511,000000,17.9255,18.0988,16.9497,17.2779,28112.954857596233,0
BBT,D,20200512,000000,17.4502,17.5798,17.1572,17.5798,23742.443870345654,0
BBT,D,20200513,000000,17.2779,17.8397,17.1572,17.4941,26228.77900975909,0
BBT,D,20200514,000000,17.4941,17.4941,16.2407,16.6907,48612.65096798866,0
BBT,D,20200515,000000,16.6907,17.4502,16.5865,16.898,9593.414444170605,0
BBT,D,20200518,000000,16.4657,17.537,16.4657,17.4502,20999.019849328863,0
BBT,D,20200519,000000,17.6664,18.055,17.4074,18.0122,40065.873926254964,0
BBT,D,20200520,000000,18.055,18.6599,17.796,18.4445,44906.00060390041,0
BBT,D,20200521,000000,18.574,18.8331,18.2712,18.3141,17197.532253360278,0
BBT,D,20200522,000000,18.1416,18.5302,17.796,18.2712,13755.969091634895,0
BBT,D,20200525,000000,18.1846,19.2217,17.9693,19.2217,47054.121036849516,0
BBT,D,20200526,000000,19.2646,20.733,19.2646,20.4311,93810.01897103974,0
BBT,D,20200527,000000,20.733,21.0788,18.1416,18.574,89633.75291655662,0
BBT,D,20200528,000000,18.9626,19.5673,18.574,19.2217,28910.501699190907,0
BBT,D,20200529,000000,20.8198,21.5111,19.5673,20.0426,219476.206915811,0
BBT,D,20200601,000000,20.474,20.6473,19.3941,19.8693,62302.34825903284,0
BBT,D,20200602,000000,19.8693,19.9131,19.4379,19.8693,20191.18945247074,0
BBT,D,20200603,000000,19.8693,19.9559,19.4379,19.8693,28402.03702224192,0
BBT,D,20200604,000000,19.5236,19.7835,18.7036,19.135,100376.64031580505,0
BBT,D,20200605,000000,19.0921,19.0921,18.1416,18.4007,101233.60325448183,0
BBT,D,20200608,000000,18.574,18.6169,17.537,18.4874,46231.43661572007,0
BBT,D,20200609,000000,18.3141,19.1788,17.8826,19.1788,38452.49836704158,0
BBT,D,20200610,000000,19.3512,19.3512,18.1416,18.4874,37019.65633357314,0
BBT,D,20200612,000000,17.6236,18.1416,17.3207,17.8397,37890.33067926927,0
BBT,D,20200615,000000,17.4502,17.7094,17.3207,17.4502,14506.668625915912,0
BBT,D,20200616,000000,17.7094,18.3141,17.537,18.055,18664.652804373927,0
BBT,D,20200617,000000,18.1416,18.1416,17.7094,17.9693,12764.177317273812,0
BBT,D,20200618,000000,18.055,18.055,17.4502,17.6236,20186.618983463934,0
BBT,D,20200619,000000,17.4941,17.9693,16.8455,17.9693,35103.487202693665,0
BBT,D,20200622,000000,17.9693,18.574,17.6664,18.055,29222.436208868494,0
BBT,D,20200623,000000,18.1846,19.6969,17.8397,19.2646,102804.70197538941,0
BBT,D,20200624,000000,19.2646,19.2646,18.8331,18.8331,19656.444578736067,0
BBT,D,20200625,000000,18.7893,18.8331,18.055,18.574,13650.848304491106,0
BBT,D,20200626,000000,18.9626,19.2646,18.574,18.9626,9521.429557321751,0
BBT,D,20200629,000000,18.9626,19.2217,18.9626,19.0483,16018.351249741403,0
BBT,D,20200630,000000,19.1788,19.1788,18.1846,18.3141,15236.8010496679,0
BBT,D,20200701,000000,18.1846,18.876,18.1846,18.7893,11963.202623924302,0
BBT,D,20200702,000000,18.9189,19.1788,18.4874,18.9189,14520.380032934207,0
BBT,D,20200703,000000,19.0054,20.1284,18.7036,19.6531,75758.95163075859,0
BBT,D,20200706,000000,19.8693,19.8693,18.6599,18.8331,72430.50757693865,0
BBT,D,20200707,000000,18.8331,19.5236,18.4445,18.5302,32830.82148932264,0
BBT,D,20200708,000000,18.9626,20.1284,18.2284,19.8264,141403.4553506297,0
BBT,D,20200709,000000,20.3017,20.733,18.574,19.4379,82068.4840939195,0
BBT,D,20200710,000000,19.8693,19.9131,19.0054,19.2646,26700.679934656822,0
BBT,D,20200713,000000,19.7835,19.8693,18.9189,19.1788,27012.614444335468,0
BBT,D,20200714,000000,19.1788,19.1788,18.3141,18.574,28663.696372851016,0
BBT,D,20200715,000000,18.6169,19.3512,18.574,19.0054,38818.135887543554,0
BBT,D,20200716,000000,19.0054,19.0054,18.574,18.9626,8238.270383810208,0
BBT,D,20200717,000000,18.7464,19.6102,18.4445,19.1788,45660.12798993626,0
BBT,D,20200720,000000,19.0054,19.4379,18.8331,18.8331,23028.30808811589,0
BBT,D,20200721,000000,18.8331,18.9626,18.574,18.6599,23881.843175036767,0
BBT,D,20200722,000000,18.9189,18.9189,18.3579,18.5302,16201.170009992391,0
BBT,D,20200723,000000,18.7893,18.8331,18.4007,18.4445,22387.299809985467,0
BBT,D,20200724,000000,18.3579,18.6599,17.3207,18.2284,21076.717822435006,0
BBT,D,20200727,000000,18.2284,18.2284,17.796,17.8826,25625.47710093083,0
BBT,D,20200728,000000,17.8826,18.7464,17.6236,17.7094,32202.38200096066,0
BBT,D,20200729,000000,18.1416,18.1416,16.8455,17.9255,29682.910961250804,0
BBT,D,20200730,000000,18.3141,18.3141,14.1675,16.2407,36764.85268647372,0
BBT,D,20200731,000000,16.8455,17.7094,16.414,17.7094,25069.022499417282,0
BBT,D,20200803,000000,17.8826,19.3083,17.7532,19.2217,91227.70398249506,0
BBT,D,20200804,000000,19.4379,19.5673,18.1846,18.8331,27097.16812095023,0
BBT,D,20200805,000000,18.2284,18.9189,17.796,18.3141,15073.406782693974,0
BBT,D,20200806,000000,18.4007,18.9626,17.3645,17.7094,47905.37088926752,0
BBT,D,20200807,000000,17.7094,17.7094,17.2779,17.4502,13349.197350076976,0
BBT,D,20200810,000000,18.1416,18.3141,17.2779,17.6236,8371.956602243716,0
BBT,D,20200811,000000,17.9693,17.9693,17.1912,17.4502,17618.01540193755,0
BBT,D,20200812,000000,17.5798,17.5798,16.8114,17.1912,18487.547130381707,0
BBT,D,20200813,000000,17.0705,17.1912,16.8455,17.1572,5710.8010233402965,0
BBT,D,20200814,000000,17.1055,17.1912,17.0879,17.1912,5347.448737341405,0
BBT,D,20200817,000000,16.8631,17.1912,16.7247,17.1912,7062.517231945961,0
BBT,D,20200818,000000,17.1912,17.1912,17.1055,17.1222,16764.480315015615,0
BBT,D,20200819,000000,17.1737,17.1737,16.8805,16.9322,4600.177054815543,0
BBT,D,20200820,000000,16.8455,17.1396,15.8093,16.6732,24070.375021545464,0
BBT,D,20200821,000000,16.3275,16.7247,16.155,16.5007,5707.373171585564,0
BBT,D,20200824,000000,16.414,16.8455,16.3275,16.5865,9227.776923668627,0
BBT,D,20200825,000000,16.6732,16.6732,15.9817,16.2407,9971.620754439864,0
BBT,D,20200826,000000,15.9817,16.414,15.8268,16.2407,4283.672076130941,0
BBT,D,20200827,000000,16.414,17.0188,15.9817,16.5865,8178.854286728636,0
BBT,D,20200828,000000,16.8455,17.1572,16.414,17.1572,19512.47480503815,0
BBT,D,20200831,000000,17.1572,17.1572,16.5865,17.1572,12711.616923702446,0
BBT,D,20200901,000000,16.6039,17.1222,16.0684,17.1055,20994.449380323116,0
BBT,D,20200902,000000,17.0188,17.1912,16.5348,16.9147,14201.589819746943,0
BBT,D,20200903,000000,17.2604,17.7094,16.9322,17.3645,9979.61907520087,0
BBT,D,20200904,000000,17.7094,18.4874,17.4502,17.7532,67600.66445455771,0
BBT,D,20200907,000000,17.796,18.3579,17.4502,18.055,26285.909872338318,0
BBT,D,20200908,000000,18.0988,18.0988,16.414,17.4502,38072.00682226828,0
BBT,D,20200909,000000,16.9322,17.7094,16.9322,17.537,9866.499967295544,0
BBT,D,20200910,000000,18.1416,18.4874,17.537,18.1846,50171.18089912886,0
BBT,D,20200911,000000,18.2712,19.0921,18.2284,18.4007,96582.00842334509,0
BBT,D,20200914,000000,18.876,18.9626,18.4874,18.7036,25339.82278803787,0
BBT,D,20200915,000000,19.0054,19.0054,18.2284,18.6169,15225.374877152477,0
BBT,D,20200916,000000,18.7036,19.0054,18.1416,18.4007,19174.260098573825,0
BBT,D,20200917,000000,18.4007,18.4007,17.7094,18.0988,16294.864624620757,0
BBT,D,20200918,000000,17.8397,18.4874,17.7532,18.2284,11106.239685247532,0
BBT,D,20200921,000000,18.4007,18.876,17.9693,18.3579,25454.084513195266,0
BBT,D,20200922,000000,18.6169,19.5673,18.6169,18.9189,23348.24091855512,0
BBT,D,20200923,000000,19.2646,19.3512,17.4074,17.7094,83663.57777710991,0
BBT,D,20200924,000000,17.3645,17.6236,15.8093,16.8455,34829.25906231717,0
BBT,D,20200925,000000,17.1912,17.2779,16.8455,17.1055,8033.741895779389,0
BBT,D,20200928,000000,17.2604,17.5798,16.8631,16.8631,27275.41641219653,0
BBT,D,20200929,000000,17.2263,17.2263,16.3099,17.1055,20428.85384079596,0
BBT,D,20200930,000000,17.1055,17.2604,16.5007,17.2604,10199.001587502054,0
BBT,D,20201001,000000,17.0188,17.0188,16.5865,16.5865,7826.928173245484,0
BBT,D,20201002,000000,16.4833,16.7597,16.4316,16.7597,6544.911616985377,0
BBT,D,20201005,000000,16.7597,16.7597,16.5173,16.7423,7294.468534014429,0
BBT,D,20201006,000000,16.8455,16.9837,16.414,16.5865,11170.226251335378,0
BBT,D,20201007,000000,17.1396,18.1416,17.1396,17.537,104563.1899255527,0
BBT,D,20201008,000000,18.1416,18.3141,17.7094,17.7094,55817.99535638153,0
BBT,D,20201009,000000,17.796,17.796,17.1055,17.5798,21154.41579554326,0
BBT,D,20201012,000000,18.1416,18.4445,17.8826,18.055,36462.05911480868,0
BBT,D,20201013,000000,18.2712,18.3141,17.537,18.0122,11901.501292339331,0
BBT,D,20201014,000000,18.0122,18.0122,17.3645,17.3645,17348.35773056787,0
BBT,D,20201015,000000,17.4502,17.4502,15.7227,16.414,64764.68843616453,0
BBT,D,20201016,000000,16.414,16.8289,16.0342,16.8289,16394.272325506838,0
BBT,D,20201019,000000,17.0188,17.4502,16.8289,17.1912,16601.086048041692,0
BBT,D,20201020,000000,17.1912,17.4502,16.5865,16.9837,12422.534759054648,0
BBT,D,20201021,000000,16.9837,17.0188,16.5007,17.0188,4776.140111557066,0
BBT,D,20201022,000000,16.8455,17.4502,16.8455,17.3645,9495.149360535752,0
BBT,D,20201023,000000,17.4502,17.6236,17.1055,17.4941,10124.731466150013,0
BBT,D,20201026,000000,17.796,18.6169,17.4941,18.3141,45105.95862292453,0
BBT,D,20201027,000000,18.1416,19.0054,18.1416,18.1416,33092.48083993279,0
BBT,D,20201028,000000,18.3141,18.3141,16.4833,16.8455,36282.66820631253,0
BBT,D,20201029,000000,16.8455,17.4502,16.5865,17.3645,17748.273768616116,0
BBT,D,20201030,000000,17.1222,17.4074,16.7939,16.9322,7044.235355920862,0
BBT,D,20201102,000000,17.2779,17.7094,16.8631,17.3645,7436.153073208944,0
BBT,D,20201103,000000,17.6236,17.7094,17.2779,17.5798,5714.228875094922,0
BBT,D,20201104,000000,17.2779,18.1416,17.2779,17.9255,9119.228284769577,0
BBT,D,20201105,000000,17.6664,17.8826,16.8455,17.7094,27513.080800521755,0
BBT,D,20201106,000000,17.7094,17.7094,17.2779,17.3645,8597.052200802718,0
BBT,D,20201109,000000,17.2779,17.2779,16.5865,17.0188,45205.366323811664,0
BBT,D,20201110,000000,17.0188,17.0188,16.2407,16.6732,36928.24695344765,0
BBT,D,20201112,000000,16.5865,16.7073,16.3275,16.6732,20024.36733374197,0
BBT,D,20201113,000000,16.9837,16.9837,16.414,16.7939,8250.839173577384,0
BBT,D,20201116,000000,16.7764,16.7764,16.414,16.5865,17438.6244934414,0
BBT,D,20201117,000000,16.5007,16.5007,16.2407,16.3791,20148.912614162826,0
BBT,D,20201118,000000,16.3965,16.5865,16.1892,16.5348,17026.13966562471,0
BBT,D,20201119,000000,16.6215,16.6732,16.2407,16.6732,9503.147681296652,0
BBT,D,20201120,000000,16.6732,16.8805,16.3099,16.414,27379.39458208941,0
BBT,D,20201123,000000,16.5173,16.5173,15.7227,16.155,59914.27820325457,0
BBT,D,20201124,000000,16.2067,16.3625,16.155,16.155,17282.085929976096,0
BBT,D,20201125,000000,16.155,16.155,15.7402,15.8268,21763.43079062818,0
BBT,D,20201126,000000,16.0509,16.0509,15.1355,15.4811,21885.690836547215,0
BBT,D,20201127,000000,15.4811,15.5502,15.2562,15.446,7081.941725222708,0
BBT,D,20201130,000000,15.1696,15.1696,14.5998,14.669,34598.45037749951,0
BBT,D,20201201,000000,14.669,15.5328,14.2025,15.2912,31666.49450997508,0
BBT,D,20201202,000000,15.446,15.446,15.0313,15.0838,5643.386605497718,0
BBT,D,20201203,000000,15.0838,15.5502,15.0838,15.4636,7702.382892824419,0
BBT,D,20201204,000000,15.5502,15.5502,14.703,15.4636,3323.8735848132524,0
BBT,D,20201207,000000,14.5648,15.0313,14.3408,14.8588,53447.06455937639,0
BBT,D,20201208,000000,14.8588,14.8588,14.3923,14.703,5862.769117798904,0
BBT,D,20201209,000000,14.8588,14.8588,14.5648,14.7722,12954.994398285386,0
BBT,D,20201210,000000,14.5998,14.8072,14.5132,14.7206,9817.367425478064,0
BBT,D,20201211,000000,14.7555,14.8248,14.3058,14.5132,14904.299429462339,0
BBT,D,20201214,000000,14.5132,14.669,13.2178,13.701,33880.886743514915,0
BBT,D,20201215,000000,13.8226,14.0817,13.701,13.9951,11610.133893189713,0
BBT,D,20201216,000000,13.9951,14.6173,13.9951,14.5998,11434.170836447345,0
BBT,D,20201217,000000,14.7722,15.4295,14.7722,15.4295,20115.77671386641,0
BBT,D,20201218,000000,15.412,15.412,14.4099,15.1005,9027.818904644084,0
BBT,D,20201221,000000,15.0838,15.0838,13.9951,13.9951,9298.619193265939,0
BBT,D,20201222,000000,14.0125,14.6865,14.0125,14.1675,8141.147917426791,0
BBT,D,20201223,000000,14.3408,14.4273,13.9951,14.3408,14214.15860951433,0
BBT,D,20201228,000000,14.0125,14.2541,13.9083,14.22,71694.66206692788,0
BBT,D,20201229,000000,14.2541,15.118,14.2541,15.0313,18589.24006577066,0
BBT,D,20201230,000000,15.0313,15.0313,14.6865,14.6865,14545.517612468982,0
BBT,D,20210104,000000,15.636,15.636,14.8588,14.8588,11928.924106376979,0
BBT,D,20210105,000000,15.3428,15.9817,15.3428,15.896,24814.218852316808,0
BBT,D,20210107,000000,16.1025,16.8114,16.1025,16.6039,31827.603542445075,0
BBT,D,20210108,000000,16.5865,16.6732,16.1892,16.4482,10501.795159167728,0
BBT,D,20210111,000000,16.5523,16.7597,16.3275,16.414,8771.872640292699,0
BBT,D,20210112,000000,16.6732,16.7597,15.7577,15.8609,8397.094181778175,0
BBT,D,20210113,000000,15.8093,16.0859,15.8093,15.8268,3814.0563857362936,0
BBT,D,20210114,000000,15.8785,15.8785,15.377,15.4986,7254.476930209498,0
BBT,D,20210115,000000,15.2912,15.7402,15.153,15.7052,7275.044040737787,0
BBT,D,20210118,000000,15.965,16.5865,15.7227,15.9817,17507.18152853499,0
BBT,D,20210119,000000,16.155,16.414,15.8093,15.9126,6880.84108894662,0
BBT,D,20210120,000000,15.9817,15.9993,15.8093,15.9817,6686.596156179892,0
BBT,D,20210121,000000,15.8435,16.155,15.8435,15.965,2497.7613119291786,0
BBT,D,20210122,000000,16.1892,16.1892,15.8268,15.896,2057.8536700751592,0
BBT,D,20210125,000000,15.3945,15.8785,15.3945,15.5502,4643.5965103751,0
BBT,D,20210126,000000,15.4636,15.4636,14.0125,15.118,15616.149977189229,0
BBT,D,20210127,000000,15.3603,15.7743,15.1355,15.1355,14518.094798431333,0
BBT,D,20210128,000000,14.9455,15.8785,14.703,15.5502,16288.008921111083,0
BBT,D,20210129,000000,15.5502,15.7227,15.1696,15.7227,5266.322912480002,0
BBT,D,20210201,000000,15.8609,15.8785,15.222,15.5669,4078.0009708485786,0
BBT,D,20210202,000000,15.7577,15.7577,15.377,15.7052,837.5384453998449,0
BBT,D,20210203,000000,15.636,15.7227,15.3945,15.7052,5503.987300806286,0
BBT,D,20210204,000000,15.4811,15.5328,14.7898,14.8588,25178.71375556682,0
BBT,D,20210205,000000,14.7206,15.3603,14.7206,15.1005,5101.786028254112,0
BBT,D,20210208,000000,15.3603,15.896,15.3603,15.6886,25171.8580520582,0
BBT,D,20210209,000000,15.7227,16.5007,15.7227,16.4833,37124.77712071799,0
BBT,D,20210210,000000,16.5348,16.7423,16.3275,16.5523,27418.243568641425,0
BBT,D,20210211,000000,16.5523,16.5523,16.1892,16.3625,6536.91329622437,0
BBT,D,20210212,000000,16.414,16.5348,16.12,16.4482,32977.07649752343,0
BBT,D,20210215,000000,16.6732,17.1055,16.5865,16.7597,23831.568015967216,0
BBT,D,20210216,000000,16.8455,16.8805,16.5007,16.6382,11130.23464753034,0
BBT,D,20210217,000000,16.6382,16.8289,16.5007,16.5007,8635.901187356107,0
BBT,D,20210218,000000,16.7423,16.7423,16.0684,16.3275,15604.723804672749,0
BBT,D,20210219,000000,16.414,16.5007,16.0859,16.0859,5893.619783591284,0
BBT,D,20210222,000000,16.3275,16.3625,15.9817,15.9817,8425.65961306747,0
BBT,D,20210223,000000,16.0167,16.1892,15.118,15.446,18196.179731231034,0
BBT,D,20210224,000000,15.1355,15.8093,15.1355,15.5328,3976.308035458993,0
BBT,D,20210225,000000,15.7227,15.8093,15.2387,15.377,4751.002532022609,0
BBT,D,20210226,000000,15.1355,15.4636,15.1355,15.1355,10521.21965244437,0
BBT,D,20210301,000000,15.5153,15.5153,15.1355,15.4986,3536.400393605079,0
BBT,D,20210302,000000,15.2387,15.5502,15.222,15.5502,3321.588350310168,0
BBT,D,20210303,000000,15.5502,15.8093,15.153,15.3945,10155.582131942394,0
BBT,D,20210304,000000,15.8435,15.8435,15.2912,15.4636,20210.61394574674,0
BBT,D,20210305,000000,15.636,15.9817,15.377,15.8609,9386.6007216367,0
BBT,D,20210308,000000,16.0167,16.5865,15.9993,16.414,15739.552640358117,0
BBT,D,20210309,000000,16.5007,16.5865,16.0684,16.414,9699.677848566465,0
BBT,D,20210310,000000,16.3965,16.4833,16.2407,16.414,6694.5944769409,0
BBT,D,20210311,000000,16.0684,16.414,16.0684,16.0859,3899.752679603865,0
BBT,D,20210312,000000,16.155,16.2407,16.0684,16.1892,2282.949268634268,0
BBT,D,20210315,000000,16.1892,16.1892,15.2046,15.965,9920.2029781193,0
BBT,D,20210316,000000,15.8093,15.8093,15.2562,15.5502,9464.29869474337,0
BBT,D,20210317,000000,15.5502,15.965,13.9951,15.0838,75629.83588133093,0
BBT,D,20210318,000000,15.2046,15.965,14.8248,15.636,11728.966087351799,0
BBT,D,20210319,000000,15.636,18.6599,15.153,18.6599,137992.74285469783,0
BBT,D,20210322,000000,19.1788,19.3512,17.4941,18.1416,111413.18034870809,0
BBT,D,20210323,000000,17.7532,18.055,17.1912,17.5798,17325.505385535966,0
BBT,D,20210324,000000,17.3207,17.3645,16.5173,16.8455,17723.136189082397,0
BBT,D,20210325,000000,16.8455,16.8455,16.2583,16.7073,7982.3241194588245,0
BBT,D,20210326,000000,16.5007,17.6236,16.4482,17.6236,11880.934181811359,0
BBT,D,20210329,000000,17.7094,19.0921,17.7094,18.6599,72693.3095447997,0
BBT,D,20210330,000000,18.5302,19.4379,17.8826,17.9693,71044.51285078491,0
BBT,D,20210331,000000,18.7464,18.8331,18.055,18.8331,11498.157402536248,0
BBT,D,20210401,000000,18.574,19.4379,18.2712,18.9189,29142.453001258422,0
BBT,D,20210406,000000,20.1721,21.1654,19.8693,20.8198,126204.36067025865,0
BBT,D,20210407,000000,20.9493,21.8997,20.8626,21.7703,73224.62656677848,0
BBT,D,20210408,000000,21.8131,21.8131,20.8198,21.5111,34046.56624499171,0
BBT,D,20210409,000000,21.5111,21.5111,20.9493,21.3378,12355.120341211963,0
BBT,D,20210412,000000,21.5969,21.6835,21.0788,21.4245,23381.376818850476,0
BBT,D,20210413,000000,21.5111,23.4978,21.4245,23.4978,82020.49416935495,0
BBT,D,20210414,000000,23.3254,23.6273,22.7206,23.3254,27727.892843817193,0
BBT,D,20210415,000000,23.1521,23.3254,22.634,23.1093,11259.350396957998,0
BBT,D,20210416,000000,22.8064,23.3254,22.8064,23.0225,8293.116011885504,0
BBT,D,20210419,000000,23.2387,24.535,22.4179,22.4179,58200.35232590209,0
BBT,D,20210420,000000,22.4616,23.0654,21.0788,22.4616,36022.151472953294,0
BBT,D,20210421,000000,22.2454,23.1521,21.3378,22.2454,26191.072640457987,0
BBT,D,20210422,000000,22.2883,23.3254,22.1158,22.8931,11695.830187056441,0
BBT,D,20210423,000000,23.2387,23.5845,22.1588,22.8064,31858.454208238618,0
BBT,D,20210426,000000,23.4978,25.3987,23.4112,25.3987,49896.95275875239,0
BBT,D,20210427,000000,25.3987,25.4845,24.232,25.053,12157.447556690713,0
BBT,D,20210428,000000,25.2255,25.5711,24.794,25.053,12564.219298248634,0
BBT,D,20210429,000000,25.053,25.2692,24.6207,24.9235,8606.193138815268,0
BBT,D,20210430,000000,25.053,26.2625,24.7072,25.3987,20945.316838505532,0
BBT,D,20210504,000000,26.5216,28.3787,26.3482,28.1625,68867.82698654725,0
BBT,D,20210505,000000,28.2063,28.2063,26.8673,27.4721,13094.393702977555,0
BBT,D,20210506,000000,25.6577,25.6577,21.9426,22.8064,115336.92799059465,0
BBT,D,20210507,000000,22.8064,23.6702,21.5969,23.455,43499.43876721976,0
BBT,D,20210510,000000,22.8931,23.0654,20.8198,20.8198,92958.76911862068,0
BBT,D,20210511,000000,20.9922,21.1654,20.0426,20.733,27505.08247976117,0
BBT,D,20210512,000000,20.733,21.1654,20.2578,20.2578,13556.011072610774,0
BBT,D,20210513,000000,20.2578,21.3378,19.4379,21.0788,30682.701056373528,0
BBT,D,20210514,000000,21.6406,21.6406,20.474,20.7769,19843.833807992803,0
BBT,D,20210517,000000,20.8626,21.6835,20.733,20.9064,13282.925549485199,0
BBT,D,20210518,000000,20.733,21.1654,20.3017,20.733,15469.894968988438,0
BBT,D,20210519,000000,20.3446,21.2083,19.8693,20.733,18251.02535930633,0
BBT,D,20210520,000000,20.733,21.7264,20.6902,21.7264,16235.448527539715,0
BBT,D,20210521,000000,21.8997,23.4978,21.2521,23.1093,51915.957442273844,0
BBT,D,20210524,000000,23.3254,23.3254,22.7206,23.0654,10629.768291342998,0
BBT,D,20210525,000000,23.0654,23.4112,22.8064,22.8931,9879.068757062827,0
BBT,D,20210526,000000,22.8931,23.2816,22.7206,23.2816,3072.4977894681438,0
BBT,D,20210527,000000,23.0654,23.0654,21.1654,21.8568,39317.45962647788,0
BBT,D,20210528,000000,21.8997,22.2016,21.2083,21.5111,17325.505385535966,0
BBT,D,20210531,000000,21.5969,22.8064,21.5969,22.4616,13189.23093485789,0
BBT,D,20210601,000000,22.8064,23.7568,22.4616,23.1093,16979.292358311057,0
BBT,D,20210602,000000,23.4978,23.6273,23.1093,23.3254,9584.273506158057,0
BBT,D,20210604,000000,23.2816,23.2816,21.7703,22.7206,12199.724394998622,0
BBT,D,20210607,000000,25.053,25.6577,23.8435,24.1455,91330.53953513598,0
BBT,D,20210608,000000,24.1892,24.1892,23.3683,23.8435,9159.219888574507,0
BBT,D,20210609,000000,23.8864,24.9664,23.8006,24.6207,24691.958806398827,0
BBT,D,20210610,000000,24.6207,24.9664,24.0159,24.0159,8726.167950229954,0
BBT,D,20210611,000000,24.1026,24.535,23.7568,24.0159,5911.901659616383,0
BBT,D,20210614,000000,23.9302,23.9302,22.634,23.0654,15583.014076893869,0
BBT,D,20210615,000000,23.5407,23.5407,21.8997,22.3749,13278.355080479454,0
BBT,D,20210616,000000,22.6769,22.8064,22.1588,22.3749,5844.487241773805,0
BBT,D,20210617,000000,22.1588,22.5911,21.7703,22.4179,5021.802820644359,0
BBT,D,20210618,000000,22.4616,22.7206,22.1158,22.2016,4033.4388980374792,0
BBT,D,20210621,000000,22.634,22.634,21.8568,22.2883,7532.132922340713,0
BBT,D,20210622,000000,21.7703,22.4179,21.7703,22.1158,11740.392259867222,0
BBT,D,20210623,000000,22.1158,22.3312,21.8997,22.0721,2606.309950828124,0
BBT,D,20210624,000000,21.8131,22.8064,21.7703,21.8568,6771.149832796027,0
BBT,D,20210625,000000,21.9426,22.1588,21.7264,22.0721,3142.197441813912,0
BBT,D,20210628,000000,21.9864,21.9864,20.7769,21.2083,27782.738471891436,0
BBT,D,20210629,000000,21.2521,21.3816,20.8198,20.9493,12273.994516350982,0
BBT,D,20210630,000000,21.3816,21.4245,20.9493,21.3816,3314.732646800703,0
BBT,D,20210701,000000,20.733,21.295,20.3017,20.9493,9148.936333310417,0
BBT,D,20210702,000000,20.9064,21.1226,20.8198,20.8198,3403.8567924231124,0
BBT,D,20210705,000000,20.9922,20.9922,20.215,20.4311,20971.597035292274,0
BBT,D,20210706,000000,20.4311,20.5607,20.2578,20.4311,5659.383247019626,0
BBT,D,20210707,000000,20.5178,21.3378,20.3446,21.2083,9727.100662604114,0
BBT,D,20210708,000000,21.1654,21.4245,20.9064,20.9922,4730.435421494319,0
BBT,D,20210709,000000,21.1226,21.1226,20.6473,20.6473,7011.099455625396,0
BBT,D,20210712,000000,20.733,20.9922,20.6473,20.6473,3760.3533749125395,0
BBT,D,20210713,000000,20.733,20.733,20.3017,20.6473,3074.783023971334,0
BBT,D,20210714,000000,20.4311,20.6036,19.8693,20.5178,8717.027012217402,0
BBT,D,20210715,000000,20.215,20.5178,20.1284,20.2578,2245.242899332422,0
BBT,D,20210716,000000,20.215,20.474,19.9988,20.215,4395.648566784724,0
BBT,D,20210719,000000,20.1721,20.1721,18.574,19.6531,23185.989268832105,0
BBT,D,20210720,000000,19.6102,19.6102,18.876,19.1788,13599.430528170647,0
BBT,D,20210721,000000,19.3512,19.9131,19.0054,19.135,17346.072496063938,0
BBT,D,20210722,000000,19.1788,19.4379,19.1788,19.2217,1518.538327334744,0
BBT,D,20210723,000000,19.2217,19.8693,19.0054,19.8693,17009.00040685052,0
BBT,D,20210726,000000,19.4379,20.1721,19.4379,19.8693,7599.547340183291,0
BBT,D,20210727,000000,20.3874,20.8198,20.1284,20.8198,7405.302407416563,0
BBT,D,20210728,000000,20.7769,20.9493,20.3017,20.9493,4715.581397223952,0
BBT,D,20210729,000000,20.733,20.733,19.6969,20.3017,11174.79672034218,0
BBT,D,20210730,000000,20.3017,20.3017,19.1788,19.8693,11165.655782329632,0
BBT,D,20210802,000000,19.6102,19.8693,19.6102,19.8264,4885.831367707659,0
BBT,D,20210803,000000,19.8264,19.8693,19.6102,19.7398,1643.0836077558092,0
BBT,D,20210804,000000,19.9559,19.9559,19.5673,19.7398,7977.753650452549,0
BBT,D,20210805,000000,19.8693,20.7769,19.6969,20.7769,7088.797428732067,0
BBT,D,20210806,000000,20.6473,20.6902,19.5236,19.8693,28240.92798977087,0
BBT,D,20210809,000000,20.1284,20.5607,19.2217,19.9131,23125.430554498038,0
BBT,D,20210810,000000,19.9131,20.733,19.9131,20.3874,10280.127412363352,0
BBT,D,20210811,000000,20.3874,20.3874,19.8693,20.1721,3865.4741620568575,0
BBT,D,20210812,000000,20.9064,20.9064,19.9131,20.5607,9897.350633087925,0
BBT,D,20210813,000000,20.5178,20.5607,19.4379,20.0426,5390.868192901066,0
BBT,D,20210816,000000,20.1284,20.3017,18.1416,19.2646,38764.432876718114,0
BBT,D,20210817,000000,19.135,19.3512,18.6599,19.2646,13318.346684284488,0
BBT,D,20210818,000000,19.2217,19.3512,18.8331,19.3083,7105.936687505623,0
BBT,D,20210819,000000,19.0054,19.3512,18.4007,18.7893,8184.567372986454,0
BBT,D,20210820,000000,18.574,19.2217,18.574,18.9189,4332.804617948419,0
BBT,D,20210823,000000,18.876,19.2646,18.876,19.0054,5865.054352301989,0
BBT,D,20210824,000000,18.9189,19.6969,18.9189,19.5236,2401.78146279741,0
BBT,D,20210825,000000,19.5236,19.7398,19.0054,19.7398,5414.863155183983,0
BBT,D,20210826,000000,19.6969,20.3446,19.5236,19.8264,17774.553965401796,0
BBT,D,20210827,000000,19.6531,20.0426,19.6102,19.6969,2440.630449350692,0
BBT,D,20210830,000000,19.6969,19.9988,18.876,18.9626,12117.455952885677,0
BBT,D,20210831,000000,19.0054,19.3083,18.876,19.3083,3775.2073991829056,0
BBT,D,20210901,000000,19.0054,19.6531,18.876,19.5236,8769.587405789614,0
BBT,D,20210902,000000,19.1788,19.4807,19.0921,19.2646,5771.359737673409,0
BBT,D,20210903,000000,19.2217,19.4379,19.0483,19.4379,4352.2291112250605,0
BBT,D,20210906,000000,19.6969,19.8693,19.2646,19.5236,7243.050757693864,0
BBT,D,20210907,000000,19.3512,19.6102,18.9189,19.3512,7278.471892492519,0
BBT,D,20210908,000000,19.5236,19.5236,18.9189,19.4807,4436.782787841196,0
BBT,D,20210909,000000,19.2646,19.4807,19.0054,19.3512,1253.4511249708112,0
BBT,D,20210910,000000,19.3512,19.3512,18.574,19.0054,8108.012017131326,0
BBT,D,20210913,000000,18.9189,19.1788,18.876,18.9189,15932.65495587362,0
BBT,D,20210914,000000,19.1788,19.1788,18.876,19.0054,3631.2376254853057,0
BBT,D,20210915,000000,19.1788,19.3941,18.9189,19.0054,2629.162295859497,0
BBT,D,20210916,000000,19.3083,19.3083,18.7893,19.0921,3698.6520433277783,0
BBT,D,20210917,000000,19.0054,19.4379,19.0054,19.3941,5005.806179122344,0
BBT,D,20210920,000000,19.0483,19.3083,18.5302,18.6599,11597.565103422328,0
BBT,D,20210921,000000,18.6599,19.0921,18.3141,18.9189,3601.529576944467,0
BBT,D,20210922,000000,18.7036,19.0483,18.3141,18.7893,18081.91800607364,0
BBT,D,20210923,000000,18.7464,19.1788,18.7464,19.0921,12031.759659017895,0
BBT,D,20210924,000000,19.0054,19.3083,17.2779,17.3645,136509.6256621609,0
BBT,D,20210927,000000,17.2779,17.2779,16.6907,17.2779,21076.717822435006,0
BBT,D,20210928,000000,17.1055,17.796,17.1055,17.1912,9676.82550353509,0
BBT,D,20210929,000000,17.1055,17.6664,17.0705,17.4941,8846.142761644744,0
BBT,D,20210930,000000,17.2779,17.2779,16.7597,17.1055,11353.045011586366,0
BBT,D,20211001,000000,17.1912,17.2429,17.0188,17.1912,24137.78943938815,0
BBT,D,20211004,000000,17.5798,17.6236,17.0188,17.0879,33321.00429024652,0
BBT,D,20211005,000000,17.1912,17.537,17.0879,17.0879,31239.155657888132,0
BBT,D,20211006,000000,17.2779,17.5798,17.0188,17.1055,28452.31218131147,0
BBT,D,20211007,000000,17.2779,17.4502,16.9837,17.3645,6558.6230240042005,0
BBT,D,20211008,000000,17.2779,17.3645,16.7597,16.8455,26982.906395793892,0
BBT,D,20211011,000000,16.9497,17.537,16.9497,17.537,11813.519763968674,0
BBT,D,20211012,000000,17.4502,17.537,17.2263,17.537,7045.37797317251,0
BBT,D,20211013,000000,17.4941,17.4941,17.1912,17.2779,5033.228993159992,0
BBT,D,20211014,000000,17.4941,17.537,16.8631,17.2429,4139.70230243334,0
BBT,D,20211015,000000,17.2429,17.4074,17.1055,17.2779,5910.759042364735,0
BBT,D,20211018,000000,17.1912,17.1912,16.5865,16.8455,12190.583456986073,0
BBT,D,20211019,000000,16.6907,16.7597,15.9126,16.3275,19426.778511170367,0
BBT,D,20211020,000000,16.2407,16.3275,15.7227,15.8435,24340.0326929162,0
BBT,D,20211021,000000,16.3275,16.3965,15.9126,16.3965,5633.103050233626,0
BBT,D,20211022,000000,16.414,16.8289,16.414,16.8289,6853.418274908972,0
BBT,D,20211025,000000,16.8289,16.8289,16.0684,16.414,16517.674988676783,0
BBT,D,20211026,000000,16.3275,16.3965,15.9126,16.3275,2681.722689431709,0
BBT,D,20211027,000000,16.3965,16.3965,14.8588,16.1375,14538.661908960363,0
BBT,D,20211028,000000,16.0684,16.1375,15.8268,16.12,3634.665477239932,0
BBT,D,20211029,000000,16.0509,16.155,15.896,16.0684,7312.750410039527,0
BBT,D,20211102,000000,16.366,16.6285,16.3134,16.4535,4357.942197482984,0
BBT,D,20211103,000000,16.5759,16.9786,16.5759,16.9786,3984.30635622,0
BBT,D,20211104,000000,16.6285,16.8735,16.6285,16.7685,3611.8131322085587,0
BBT,D,20211105,000000,17.1187,17.3812,16.4535,16.821,12864.727635411857,0
BBT,D,20211108,000000,16.646,16.6635,16.1909,16.611,6610.040800324765,0
BBT,D,20211109,000000,16.611,16.611,16.1034,16.1909,3574.106762906819,0
BBT,D,20211110,000000,16.1034,16.1909,15.5782,15.5782,7777.7956314280045,0
BBT,D,20211112,000000,15.7532,16.0684,15.6132,15.8758,7224.768881668765,0
BBT,D,20211115,000000,15.8758,15.8758,15.1757,15.2458,16201.170009992391,0
BBT,D,20211116,000000,15.6483,15.6483,15.0006,15.3157,5182.911853115515,0
BBT,D,20211117,000000,15.3157,15.3157,14.9656,14.9656,5025.2306723990905,0
BBT,D,20211118,000000,14.2305,14.8781,14.003,14.5805,13858.804644276868,0
BBT,D,20211119,000000,14.8256,15.3157,14.4405,14.8081,11644.412410735982,0
BBT,D,20211122,000000,15.3683,15.3683,14.353,14.353,10315.548547162007,0
BBT,D,20211123,000000,14.8781,14.9131,14.003,14.843,18329.86594966444,0
BBT,D,20211124,000000,14.8606,14.8781,14.213,14.5456,4985.23906859416,0
BBT,D,20211125,000000,14.7206,15.2632,14.388,14.388,14723.765903713167,0
BBT,D,20211126,000000,14.1955,14.6506,13.8454,14.143,29029.333893352992,0
BBT,D,20211129,000000,14.4231,14.4231,13.8629,14.178,3712.3634503466023,0
BBT,D,20211130,000000,14.038,14.3355,14.0205,14.318,5284.6047885051,0
BBT,D,20211201,000000,14.3005,14.7731,14.3005,14.7381,6192.985503502224,0
BBT,D,20211202,000000,14.7555,15.4558,14.5805,15.1407,15796.683502936286,0
BBT,D,20211203,000000,15.1757,15.5782,14.7905,15.5782,12471.667300871175,0
BBT,D,20211206,000000,15.7532,16.0859,15.5782,15.7532,12278.564985356728,0
BBT,D,20211207,000000,15.7532,15.8408,15.6308,15.6308,3978.593269962183,0
BBT,D,20211208,000000,15.8408,15.8408,15.1582,15.4558,3022.222630399122,0
BBT,D,20211209,000000,15.2982,15.5433,15.2982,15.5433,2811.9810561104855,0
BBT,D,20211210,000000,15.3333,15.3333,15.0532,15.3333,3248.4608462097726,0
BBT,D,20211213,000000,15.3333,15.3333,14.7905,14.8606,8418.803909558004,0
BBT,D,20211214,000000,15.1058,15.1058,14.4405,14.4405,16212.596182507814,0
BBT,D,20211215,000000,14.8956,15.4733,14.8956,15.1058,18014.503588230953,0
BBT,D,20211216,000000,14.8256,15.2282,14.8256,15.2282,4721.29448348177,0
BBT,D,20211217,000000,15.2282,15.3157,15.0182,15.2458,3676.942315548052,0
BBT,D,20211220,000000,15.0707,15.2282,14.7905,15.0532,11261.635631460871,0
BBT,D,20211221,000000,14.8781,15.1058,14.7905,15.1058,10555.498169991482,0
BBT,D,20211222,000000,15.2282,15.7883,14.9656,15.7532,28873.93794714071,0
BBT,D,20211223,000000,15.7708,16.8911,15.7708,16.7335,50436.2681014928,0
BBT,D,20211227,000000,16.7335,16.8911,16.1909,16.5935,17749.41638586808,0
BBT,D,20211228,000000,16.4535,17.2412,16.331,16.8911,25844.859613232016,0
BBT,D,20211229,000000,17.2412,17.7662,16.7335,17.5037,18569.815572494652,0
BBT,D,20211230,000000,17.8099,17.8537,17.4162,17.7224,23249.975834918892,0
BBT,D,20220103,000000,17.6787,18.3789,17.2412,17.6787,17269.517140209762,0
BBT,D,20220104,000000,18.2914,18.2914,17.3636,17.8099,18279.590790595943,0
BBT,D,20220105,000000,17.8099,17.8099,17.3287,17.7224,7841.782197515851,0
BBT,D,20220107,000000,17.7224,18.1601,17.6787,17.6787,5110.926966266661,0
BBT,D,20220110,000000,17.8099,17.8099,17.1011,17.3287,9971.620754439864,0
BBT,D,20220111,000000,17.3287,17.6787,16.926,17.6787,13333.20070855475,0
BBT,D,20220112,000000,17.5037,18.1163,17.3111,17.8975,12742.467589493875,0
BBT,D,20220113,000000,17.9413,17.9413,17.2761,17.6787,5061.794424449287,0
BBT,D,20220114,000000,17.5037,17.5037,17.2761,17.4862,3333.0145228258016,0
BBT,D,20220117,000000,17.5037,17.5037,17.3111,17.5037,2650.8720236393283,0
BBT,D,20220118,000000,17.3462,17.8537,17.2412,17.4162,4781.853197814883,0
BBT,D,20220119,000000,17.1537,17.5037,17.0661,17.5037,6045.5878780498915,0
BBT,D,20220120,000000,17.7662,17.7662,16.7685,17.2412,8960.404486801612,0
BBT,D,20220121,000000,16.996,17.2761,15.9283,17.031,21398.935887378164,0
BBT,D,20220124,000000,17.031,17.031,15.4032,16.4535,14770.61321102788,0
BBT,D,20220125,000000,15.7532,16.366,15.7532,16.1734,5831.918452006523,0
BBT,D,20220126,000000,16.1734,16.2785,15.9283,16.2785,5105.213880008845,0
BBT,D,20220127,000000,16.296,16.366,16.1209,16.1209,5674.237271290099,0
BBT,D,20220128,000000,16.1209,16.1209,15.4032,15.4208,4496.198884922766,0
BBT,D,20220131,000000,15.7532,16.3134,15.7532,15.9283,3115.917245027806,0
BBT,D,20220201,000000,15.5782,16.0859,15.5782,16.0859,9695.10737956019,0
BBT,D,20220202,000000,15.6483,16.0859,15.6483,16.0859,4829.843122380821,0
BBT,D,20220203,000000,15.7883,16.0509,15.5782,16.0158,9856.216412031452,0
BBT,D,20220204,000000,16.0158,16.2785,15.8408,15.8408,2578.8871367904753,0
BBT,D,20220207,000000,16.1734,16.2785,15.7183,16.1034,4205.97410302427,0
BBT,D,20220208,000000,15.9283,16.2435,15.5782,15.5782,3841.4791997739417,0
BBT,D,20220209,000000,15.8408,16.1034,15.7532,15.7532,2050.9979665658,0
BBT,D,20220210,000000,15.7708,15.9283,15.7008,15.9108,1290.014877021009,0
BBT,D,20220211,000000,15.7532,16.1034,15.6483,16.0859,3539.8282453598113,0
BBT,D,20220214,000000,15.7708,15.7708,15.3157,15.7183,5731.36813386848,0
BBT,D,20220215,000000,15.6657,15.8408,15.4032,15.7708,6166.705306716119,0
BBT,D,20220216,000000,15.8233,15.8408,15.5782,15.7532,2103.558360137906,0
BBT,D,20220217,000000,15.5083,15.7532,15.3157,15.5782,4111.136871144149,0
BBT,D,20220218,000000,15.3157,15.5608,14.9131,15.2282,5160.059508084141,0
BBT,D,20220221,000000,14.9656,14.9656,14.4405,14.9656,10757.74142351869,0
BBT,D,20220222,000000,14.5106,14.9656,14.353,14.9656,3716.9339193528767,0
BBT,D,20220223,000000,14.9656,14.9656,14.563,14.5981,3826.6251755034696,0
BBT,D,20220224,000000,14.003,14.4405,12.6901,13.7403,32979.361732027355,0
BBT,D,20220225,000000,12.8826,15.2632,12.8826,15.2632,9508.860767554575,0
BBT,D,20220228,000000,14.7905,15.4032,14.7905,15.0532,5674.237271290099,0
BBT,D,20220301,000000,15.0357,15.3857,14.0555,14.9656,13823.38350947758,0
BBT,D,20220302,000000,14.493,15.0182,14.493,14.703,4809.276011852531,0
BBT,D,20220303,000000,14.528,14.703,14.0205,14.2655,3969.4523319496334,0
BBT,D,20220304,000000,14.038,14.528,14.003,14.528,4129.4187471692485,0
BBT,D,20220307,000000,14.143,14.353,11.5699,13.1278,39438.5770551439,0
BBT,D,20220308,000000,13.3553,13.7579,12.5151,13.4078,2295.518058401444,0
BBT,D,20220309,000000,13.0053,13.7403,13.0053,13.7403,2931.955867525276,0
BBT,D,20220310,000000,14.003,14.003,13.1452,13.8279,2656.5851098971452,0
BBT,D,20220311,000000,13.4778,13.7579,12.7777,13.7579,20447.135716821063,0
BBT,D,20220314,000000,13.7403,13.7403,13.0928,13.2153,13513.734234302863,0
BBT,D,20220315,000000,13.2153,13.5479,13.1278,13.3378,4229.969065307292,0
BBT,D,20220316,000000,13.2328,13.5303,13.1278,13.5128,11421.602046679958,0
BBT,D,20220317,000000,13.5128,13.5128,13.1103,13.3028,15013.990685612931,0
BBT,D,20220318,000000,13.4078,13.4078,12.9528,13.0753,9219.778602907621,0
BBT,D,20220321,000000,13.0403,13.3028,12.9528,13.1278,4545.331426740247,0
BBT,D,20220322,000000,12.9878,13.1103,12.8652,13.0403,5643.386605497718,0
BBT,D,20220323,000000,13.1278,13.3028,12.8652,12.9177,4192.262696005446,0
BBT,D,20220324,000000,13.1978,13.2853,13.0403,13.2153,4756.715618280425,0
BBT,D,20220325,000000,13.3378,13.3903,13.2153,13.2153,1812.190960987973,0
BBT,D,20220328,000000,13.2153,13.4078,13.2153,13.2678,1015.7867366445583,0
BBT,D,20220329,000000,13.4778,13.4778,13.3203,13.4778,1494.5433650518285,0
BBT,D,20220330,000000,13.5128,13.5128,13.3553,13.4604,1271.73300099591,0
BBT,D,20220331,000000,13.5128,13.5128,13.2853,13.2853,2332.0818104516416,0
BBT,D,20220401,000000,13.2853,13.2853,12.9702,13.0577,1799.6221712206914,0
BBT,D,20220404,000000,13.0577,13.4604,12.6026,13.1978,4925.82297151259,0
BBT,D,20220405,000000,13.1278,13.7928,13.1278,13.5653,7924.050639628796,0
BBT,D,20220406,000000,13.5653,13.5653,12.9528,13.1803,5291.460492014565,0
BBT,D,20220407,000000,13.1278,13.1278,12.9702,13.1278,989.5065398584735,0
BBT,D,20220408,000000,12.9702,13.1103,12.8301,13.1103,1582.52489342259,0
BBT,D,20220411,000000,12.8826,12.8826,12.8652,12.8826,1258.021593977086,0
BBT,D,20220412,000000,12.7602,13.0403,12.7076,12.7076,1416.8453919451583,0
BBT,D,20220413,000000,12.7076,12.7076,12.4276,12.6901,4284.814693382588,0
BBT,D,20220414,000000,12.7076,13.3903,12.7076,13.3903,2004.1506592515107,0
BBT,D,20220419,000000,13.5653,13.5653,12.7951,13.3028,680.999881934931,0
BBT,D,20220420,000000,13.1278,13.1278,12.8826,12.9702,1056.9209577010308,0
BBT,D,20220421,000000,13.0403,13.3553,12.9528,13.0228,1210.0316694112544,0
BBT,D,20220422,000000,12.9528,12.9528,12.7951,12.7951,1048.9226369400446,0
BBT,D,20220425,000000,13.1278,13.1278,13.0403,13.0577,1512.825241076927,0
BBT,D,20220426,000000,13.0577,13.2153,12.8826,13.1278,3183.331662870384,0
BBT,D,20220427,000000,13.1103,13.1103,12.7951,13.0753,3256.4591669707797,0
BBT,D,20220428,000000,13.1103,13.1452,13.0928,13.1103,10349.827064709121,0
BBT,D,20220429,000000,13.1628,13.1628,12.3225,12.9352,3142.197441813912,0
BBT,D,20220502,000000,12.9352,13.1628,12.9352,13.1628,1879.6053788304457,0
BBT,D,20220504,000000,13.1628,13.3903,12.9528,13.3903,5854.770797037897,0
BBT,D,20220505,000000,13.3903,13.3903,13.1278,13.1978,1881.8906133336359,0
BBT,D,20220506,000000,13.1978,13.3028,12.7777,12.9528,2486.3351394134393,0
BBT,D,20220509,000000,13.0928,13.3378,12.8301,13.0928,1004.3605641288715,0
BBT,D,20220510,000000,13.0928,13.0928,12.7252,13.0228,860.3907904312184,0
BBT,D,20220511,000000,13.0753,13.1103,12.7777,13.0928,1391.7078124107004,0
BBT,D,20220512,000000,13.0928,13.0928,12.6901,12.7076,3067.9273204618685,0
BBT,D,20220513,000000,12.7076,12.9528,12.7076,12.9528,1720.781580862479,0
BBT,D,20220516,000000,12.9528,13.0403,12.9528,13.0228,2241.8150475777957,0
BBT,D,20220517,000000,13.0228,13.0403,12.9878,13.0228,1684.2178288122816,0
BBT,D,20220518,000000,13.0228,13.0403,12.8652,13.0228,3273.598425744231,0
BBT,D,20220519,000000,12.8652,12.9528,12.6201,12.9528,1987.0114004779543,0
BBT,D,20220520,000000,12.9528,12.9878,12.6201,12.9878,768.9814103057244,0
BBT,D,20220523,000000,13.0053,13.0053,12.7951,12.8652,1022.6424401539704,0
BBT,D,20220524,000000,12.7777,12.9528,12.6901,12.8826,1485.402427039279,0
BBT,D,20220525,000000,12.6901,12.6901,12.4977,12.6026,2015.5768317671448,0
BBT,D,20220526,000000,12.8301,12.8301,12.6026,12.7951,798.6894588465099,0
BBT,D,20220527,000000,12.6901,12.6901,12.4626,12.5151,2328.653958697015,0
BBT,D,20220530,000000,12.6727,12.6727,12.5676,12.6727,2963.9491505691985,0
BBT,D,20220531,000000,12.6727,12.7951,12.5151,12.5151,1959.588586440306,0
BBT,D,20220601,000000,12.0426,12.5151,12.0426,12.2526,6195.270738005414,0
BBT,D,20220602,000000,12.0776,12.095,11.7274,12.0776,4325.948914439061,0
BBT,D,20220603,000000,11.7974,11.815,10.7297,11.3949,13185.803083103052,0
BBT,D,20220606,000000,11.5524,12.06,11.2899,11.5524,5644.52922274926,0
BBT,D,20220607,000000,11.5524,11.5875,11.0624,11.3599,6948.2555067890935,0
BBT,D,20220608,000000,11.0973,11.3599,10.9924,11.0274,2663.4408134066107,0
BBT,D,20220609,000000,10.8873,11.1848,10.5897,11.0098,12050.041535042994,0
BBT,D,20220610,000000,10.6947,10.8523,10.6772,10.6772,3213.039711411117,0
BBT,D,20220613,000000,10.6947,10.8873,9.66203,10.4847,5244.613184700276,0
BBT,D,20220614,000000,10.0647,10.4847,9.74954,10.4147,3731.787943623349,0
BBT,D,20220615,000000,9.94216,10.3972,9.59203,10.3972,16463.97197785345,0
BBT,D,20220617,000000,10.3272,10.3272,9.71454,10.0647,1296.8705805304737,0
BBT,D,20220620,000000,10.3797,10.3797,9.10191,9.32949,39047.801955108196,0
BBT,D,20220621,000000,9.11941,9.60953,8.94438,9.01439,18035.070698759984,0
BBT,D,20220622,000000,9.27691,9.27691,8.71682,8.73432,18135.621016898025,0
BBT,D,20220623,000000,8.75184,9.18943,8.66432,9.08441,25194.710397089042,0
BBT,D,20220624,000000,9.23227,9.68512,8.78867,9.50026,12374.597672141495,0
BBT,D,20220627,000000,9.5188,9.90687,9.5188,9.5188,13004.364710020036,0
BBT,D,20220628,000000,9.50026,9.79599,9.50026,9.74056,3402.040493285432,0
BBT,D,20220629,000000,9.77755,10.0547,9.64813,10.0547,8041.973583364291,0
BBT,D,20220630,000000,9.72211,9.96231,9.70356,9.74056,4593.4039103042805,0
BBT,D,20220701,000000,10.0363,10.9974,9.9993,10.8865,26850.582951776098,0
BBT,D,20220704,000000,10.9974,12.8642,10.9974,12.6609,32523.896662429994,0
BBT,D,20220705,000000,12.5685,12.5685,11.0898,11.3671,25334.597350283766,0
BBT,D,20220706,000000,11.2747,11.7921,11.2747,11.2931,6794.342321036649,0
BBT,D,20220707,000000,11.3116,11.3116,10.4429,11.2747,4896.384615813161,0
BBT,D,20220708,000000,11.0898,11.2561,10.9049,11.1638,2938.912843436143,0
BBT,D,20220711,000000,11.1638,11.1822,10.9235,11.1638,6010.920782506543,0
BBT,D,20220712,000000,11.0528,11.0528,10.4429,10.868,4509.002142341092,0
BBT,D,20220713,000000,10.6832,10.8311,10.1842,10.7016,7769.290948406298,0
BBT,D,20220714,000000,10.5353,10.5538,10.1842,10.4244,1772.4371272269523,0
BBT,D,20220715,000000,10.2026,10.4799,10.2026,10.4799,169.88560987462242,0
BBT,D,20220718,000000,10.5353,10.8126,10.2396,10.7016,9792.769231626322,0
BBT,D,20220719,000000,10.5723,10.5723,10.2026,10.4613,1887.1369657410282,0
BBT,D,20220720,000000,10.4799,10.4983,10.3505,10.4059,3468.047004128438,0
BBT,D,20220721,000000,10.369,10.4429,10.2766,10.4429,5346.527378283499,0
BBT,D,20220722,000000,10.4799,10.5723,10.258,10.5353,10286.194952026499,0
BBT,D,20220725,000000,10.4613,10.7941,10.4613,10.7756,5633.276974568689,0
BBT,D,20220726,000000,10.7756,10.7941,10.5538,10.5538,3228.9086615660713,0
BBT,D,20220727,000000,10.5723,10.7202,10.4983,10.4983,4212.5138805216875,0
BBT,D,20220728,000000,10.6278,10.9974,10.6278,10.9974,2804.7356738536387,0
BBT,D,20220729,000000,10.7202,11.2561,10.7202,11.1822,3775.356005430303,0
BBT,D,20220801,000000,11.2747,11.6258,11.1638,11.6258,5501.263952882677,0
BBT,D,20220802,000000,11.6258,11.6258,11.515,11.6074,1400.2036890303273,0
BBT,D,20220803,000000,11.5518,12.2912,11.5518,12.2727,6467.555988666358,0
BBT,D,20220804,000000,12.476,12.476,12.014,12.2912,6101.814994159208,0
BBT,D,20220805,000000,12.2912,12.2912,11.2747,11.8661,6858.184683983164,0
BBT,D,20220808,000000,11.8476,12.1803,11.4225,12.014,3223.4982918248415,0
BBT,D,20220809,000000,12.014,12.014,11.5704,11.7552,1601.4694434040837,0
BBT,D,20220810,000000,11.7552,11.7552,11.4595,11.7367,2574.25392287724,0
BBT,D,20220811,000000,11.7183,12.1064,11.5518,12.014,1781.0937188129203,0
BBT,D,20220812,000000,12.014,12.1803,12.014,12.014,502.08231198614516,0
BBT,D,20220816,000000,11.6628,11.9954,11.4595,11.9586,3570.8440292118084,0
BBT,D,20220817,000000,11.9954,11.9954,11.6258,11.8107,1946.6510328945585,0
BBT,D,20220818,000000,11.8107,12.014,11.6443,12.014,2044.0376882366986,0
BBT,D,20220819,000000,12.1249,12.1249,11.6443,11.7367,2315.6382492464454,0
BBT,D,20220822,000000,11.6997,11.7921,11.3301,11.7737,2134.9318998893627,0
BBT,D,20220823,000000,11.7921,11.8291,11.1268,11.6443,4670.231160629747,0
BBT,D,20220824,000000,11.6258,11.6258,11.1083,11.4595,2657.573616892182,0
BBT,D,20220825,000000,11.4595,11.4595,11.2747,11.4225,605.9614110177614,0
BBT,D,20220826,000000,11.2747,11.4595,11.1268,11.4595,1332.0330302908292,0
BBT,D,20220829,000000,11.1268,11.4595,10.3875,11.4595,6468.638062614603,0
BBT,D,20220830,000000,10.6278,11.5518,10.5723,11.4225,9547.13844537448,0
BBT,D,20220831,000000,11.5518,11.9954,11.5518,11.8291,8809.164012670706,0
BBT,D,20220901,000000,11.6443,11.6813,11.478,11.5518,4484.114441531435,0
BBT,D,20220902,000000,11.4595,11.6074,11.4595,11.6074,152.57242670268636,0
BBT,D,20220905,000000,11.1452,11.6074,11.1452,11.5888,484.7691288142091,0
BBT,D,20220906,000000,11.6074,11.6074,11.1268,11.1268,1803.8172717260863,0
BBT,D,20220907,000000,11.0898,11.5704,11.0898,11.4964,2598.0595497386516,0
BBT,D,20220908,000000,11.478,11.478,11.1083,11.3116,2357.8391332280394,0
BBT,D,20220909,000000,11.1452,11.4225,11.0898,11.4225,2045.1197621849449,0
BBT,D,20220912,000000,11.4225,11.4225,11.1083,11.1452,2195.5280409911393,0
BBT,D,20220913,000000,11.1083,11.1822,10.6647,11.0528,3589.2392863319906,0
BBT,D,20220914,000000,10.8126,11.0528,10.8126,10.868,2596.977475790406,0
BBT,D,20220915,000000,10.7202,11.0528,10.369,10.369,8021.414178347617,0
BBT,D,20220916,000000,10.1657,10.3875,9.86997,9.86997,6813.819652105078,0
BBT,D,20220919,000000,10.1102,10.1102,9.68512,9.79599,4224.416693952394,0
BBT,D,20220920,000000,10.0547,10.0733,9.79599,9.79599,1452.1432385461353,0
BBT,D,20220921,000000,9.53725,10.0363,9.25999,10.0363,4424.600374377904,0
BBT,D,20220922,000000,9.66667,10.0178,9.66667,9.98085,660.0651084300615,0
BBT,D,20220923,000000,9.66667,10.0547,9.66667,10.0363,463.12764984928907,0
BBT,D,20220926,000000,9.68512,9.79599,9.35241,9.5557,4088.0753764733972,0
BBT,D,20220927,000000,9.74056,9.74056,9.05668,9.24152,5381.1537446273705,0
BBT,D,20220928,000000,9.40786,9.40786,8.85337,9.00123,4489.524811272665,0
BBT,D,20220929,000000,9.61114,9.74056,9.01047,9.07517,8243.239337738047,0
BBT,D,20220930,000000,9.07517,9.48181,8.68702,9.18606,5983.868933800394,0
BBT,D,20221003,000000,8.8164,8.95503,8.68702,8.77944,5823.721989459985,0
BBT,D,20221004,000000,9.12137,9.12137,8.76096,8.87185,6732.664105986628,0
BBT,D,20221005,000000,8.95503,8.96427,8.82565,8.83489,1424.0093158917393,0
BBT,D,20221006,000000,8.87185,9.53725,8.87185,9.06592,6976.130744341978,0
BBT,D,20221007,000000,9.21379,9.48181,9.21379,9.33393,1259.534075758347,0
BBT,D,20221010,000000,9.33393,10.1842,9.33393,9.98085,15646.789291637197,0
BBT,D,20221011,000000,9.98085,10.0733,9.5557,9.61114,12434.111739294498,0
BBT,D,20221012,000000,9.85143,10.0547,9.70356,9.70356,6144.015878140802,0
BBT,D,20221013,000000,9.86997,9.86997,9.44482,9.46327,916.5166341643641,0
BBT,D,20221014,000000,9.48181,9.74056,9.29696,9.46327,3167.2304465160496,0
BBT,D,20221017,000000,9.31544,9.61114,9.10289,9.61114,1976.9491034454466,0
BBT,D,20221018,000000,9.62968,9.62968,9.33393,9.42635,2384.8909819341893,0
BBT,D,20221019,000000,9.42635,9.42635,9.42635,9.42635,616.7821505002214,0
BBT,D,20221020,000000,9.72211,9.72211,8.79792,9.42635,5214.514356597486,0
BBT,D,20221021,000000,8.98275,9.33393,8.98275,9.24152,803.9809435467799,0
BBT,D,20221024,000000,9.24152,9.31544,9.13061,9.31544,96.30458139389422,0
BBT,D,20221025,000000,9.11213,9.24152,9.11213,9.13061,1585.2383341803938,0
BBT,D,20221026,000000,8.89958,9.21379,8.89958,9.21379,5692.791041722219,0
BBT,D,20221027,000000,9.21379,9.21379,9.21379,9.21379,111.45361666933826,0
BBT,D,20221028,000000,9.1953,9.68512,8.99199,9.68512,2835.0337444045267,0
BBT,D,20221031,000000,10.1287,10.8865,9.79599,10.6278,16139.1329380886,0
BBT,D,20221102,000000,10.6278,10.6278,10.369,10.5908,4486.278589427926,0
BBT,D,20221103,000000,10.5723,10.5723,10.3505,10.3505,1564.6789291637197,0
BBT,D,20221104,000000,10.4429,10.5908,10.3505,10.5908,1642.5882534374318,0
BBT,D,20221107,000000,10.3875,10.8495,10.2396,10.369,11686.398641056827,0
BBT,D,20221108,000000,10.3875,10.868,10.3875,10.6278,1499.7544922689594,0
BBT,D,20221109,000000,10.4613,10.8311,10.3505,10.7756,3252.7142884274836,0
BBT,D,20221110,000000,10.5353,10.868,10.5353,10.868,3000.591058486165,0
BBT,D,20221114,000000,10.868,10.9235,10.868,10.868,2510.411559930726,0
BBT,D,20221115,000000,10.6278,10.7202,10.6092,10.7016,2709.5131664079904,0
BBT,D,20221116,000000,10.5908,10.7756,10.332,10.7756,6736.992401779612,0
BBT,D,20221117,000000,10.4429,10.7571,10.4429,10.7571,2456.3078625184253,0
BBT,D,20221118,000000,10.4613,10.8126,10.4613,10.8126,1796.2427540883643,0
BBT,D,20221121,000000,10.6462,10.7941,10.6278,10.6278,2815.5564133360986,0
BBT,D,20221122,000000,10.3875,10.7016,10.3875,10.4799,2841.526188094003,0
BBT,D,20221123,000000,10.4613,10.6832,10.4613,10.6278,5038.136303033388,0
BBT,D,20221124,000000,10.5169,10.5723,10.3505,10.4429,4814.146995746465,0
BBT,D,20221125,000000,10.4429,10.6278,10.3505,10.5908,9075.354203939223,0
BBT,D,20221128,000000,10.5723,10.5723,10.3875,10.4429,1039.8730642644084,0
BBT,D,20221129,000000,10.5723,10.9235,10.5723,10.7016,7075.681547580611,0
BBT,D,20221130,000000,10.6278,11.3116,10.5723,11.2931,20839.66216927008,0
BBT,D,20221201,000000,11.4595,11.4964,11.1083,11.3485,7065.942882046396,0
BBT,D,20221202,000000,11.404,11.404,11.1822,11.2007,3787.258818861009,0
BBT,D,20221205,000000,11.3485,11.441,11.1452,11.2747,4024.2330135268835,0
BBT,D,20221206,000000,11.3301,11.7367,11.0159,11.6443,9654.263766250835,0
BBT,D,20221207,000000,11.6443,11.6443,11.1452,11.2931,5307.572716146642,0
BBT,D,20221208,000000,11.0898,11.3671,11.0159,11.0714,8538.645525609205,0
BBT,D,20221209,000000,11.0714,11.2561,11.0714,11.2192,5707.940076997664,0
BBT,D,20221212,000000,11.1822,11.1822,11.1083,11.1822,8367.677841786337,0
BBT,D,20221213,000000,11.3336,11.3525,11.1822,11.2012,6244.958174714,0
BBT,D,20221214,000000,11.3147,11.3525,11.1822,11.3147,2791.6273763405,0
BBT,D,20221215,000000,11.2012,11.2012,10.4443,10.8417,2764.1444866075003,0
BBT,D,20221216,000000,10.8606,11.0687,10.6335,10.7471,1301.2091254355,0
BBT,D,20221219,000000,10.7849,10.8227,10.6903,10.7849,3568.5475284080003,0
BBT,D,20221220,000000,10.7471,10.9363,10.7471,10.766,2367.75665392,0
BBT,D,20221221,000000,10.8795,10.993,10.8795,10.8795,1765.2471482350002,0
BBT,D,20221222,000000,10.8795,10.9363,10.7281,10.8038,5420.471482724,0
BBT,D,20221223,000000,10.7849,10.7849,10.6335,10.7281,2680.638783188,0
BBT,D,20221227,000000,10.4443,10.7281,10.4443,10.6714,8727.9315586685,0
BBT,D,20221228,000000,10.6714,11.0309,10.6146,10.6903,9986.859315284,0
BBT,D,20221229,000000,10.6903,11.0498,10.6903,11.0498,2448.091254678,0
BBT,D,20221230,000000,11.0498,11.3525,10.8038,11.1633,2865.6197717755003,0
BBT,D,20230102,000000,11.3525,11.3525,11.2579,11.2579,715.6121672785,0
BBT,D,20230103,000000,11.3525,11.6931,11.2579,11.3525,5887.680608185,0
BBT,D,20230104,000000,11.3525,11.6174,10.7092,11.3336,8181.444866670001,0
BBT,D,20230105,000000,11.4471,12.5445,11.4471,12.2986,24645.809885178,0
BBT,D,20230109,000000,12.4878,12.7527,12.1094,12.1283,14009.931558507002,0
BBT,D,20230110,000000,12.204,12.2986,12.0337,12.204,7708.950570106501,0
BBT,D,20230111,000000,12.2986,12.7148,12.204,12.4499,11223.589353269,0
BBT,D,20230112,000000,12.4499,12.4499,12.1094,12.1094,5908.821292595,0
BBT,D,20230113,000000,12.204,12.4121,12.0147,12.2986,7674.06844083,0
BBT,D,20230116,000000,12.2986,12.3553,12.0337,12.2986,8584.1749046805,0
BBT,D,20230117,000000,12.2986,12.2986,12.0526,12.2418,1730.3650189585,0
BBT,D,20230118,000000,12.2418,12.3932,12.2418,12.2986,7081.072243129501,0
BBT,D,20230119,000000,12.2986,12.3742,12.0526,12.2986,9152.8593153095,0
BBT,D,20230120,000000,12.4878,12.7148,12.431,12.7148,8095.8250948095,0
BBT,D,20230123,000000,12.7716,13.623,12.677,13.2446,17901.931558388,0
BBT,D,20230124,000000,13.4527,13.5663,13.2635,13.2635,11478.3346004095,0
BBT,D,20230125,000000,13.8312,13.8312,13.15,13.1878,19161.916349224,0
BBT,D,20230126,000000,13.1878,13.2446,13.15,13.1689,2233.5133079165003,0
BBT,D,20230127,000000,13.0554,13.5284,13.0554,13.1878,3226.0684409660003,0
BBT,D,20230130,000000,14.096,14.096,13.5095,13.6987,12645.300379841501,0
BBT,D,20230131,000000,13.5473,13.9068,13.5473,13.5852,5871.8250948775,0
BBT,D,20230201,000000,13.5852,13.5852,13.2635,13.4149,9184.5703419245,0
BBT,D,20230202,000000,13.4338,14.5691,13.4338,13.8122,9320.927756369001,0
BBT,D,20230203,000000,14.1339,14.1717,13.8122,14.0014,6433.1102659630005,0
BBT,D,20230206,000000,14.0014,14.0014,13.5663,13.5663,2825.4524713965,0
BBT,D,20230207,000000,13.8122,13.8122,13.4149,13.5095,8381.2243343445,0
BBT,D,20230208,000000,13.2635,13.6419,13.0554,13.623,9032.3574141725,0
BBT,D,20230209,000000,13.2635,13.8122,13.2635,13.7555,3902.5703420860004,0
BBT,D,20230210,000000,13.7365,13.7744,13.4338,13.5284,6585.323193715,0
BBT,D,20230213,000000,13.7176,13.7176,13.3392,13.6987,2123.5817489845003,0
BBT,D,20230214,000000,13.396,13.6609,13.3392,13.3771,660.6463878125,0
BBT,D,20230215,000000,13.3771,13.396,13.2635,13.3771,1273.7262357025002,0
BBT,D,20230216,000000,13.2824,13.2824,12.2986,12.8283,11146.425855172502,0
BBT,D,20230217,000000,12.8473,14.3609,12.5824,14.1339,24047.528516375,0
BBT,D,20230220,000000,14.1339,14.1339,13.7933,13.9258,12258.425855138501,0
BBT,D,20230221,000000,13.9068,14.0204,13.9068,13.9068,2883.589353524,0
BBT,D,20230222,000000,13.9068,14.115,13.7744,13.9447,2549.566539846,0
BBT,D,20230223,000000,14.0771,14.5312,14.0014,14.4555,7221.657794456,0
BBT,D,20230224,000000,14.6637,15.1367,14.5691,14.5691,23231.498098149,0
BBT,D,20230227,000000,14.7583,15.307,14.3231,15.2313,12174.920151719001,0
BBT,D,20230228,000000,15.2313,16.0638,15.2313,15.9503,14031.072242917,0
BBT,D,20230301,000000,15.9881,16.4612,14.7583,15.5719,38946.4258543225,0
BBT,D,20230302,000000,15.6097,15.8935,15.534,15.7043,10667.589353286001,0
BBT,D,20230303,000000,15.7043,15.9881,15.4773,15.4773,9021.787071967501,0
BBT,D,20230306,000000,15.6097,15.6097,14.7772,15.1367,18661.9391629275,0
BBT,D,20230307,000000,15.2313,15.2313,14.834,14.8529,9678.205322898,0
BBT,D,20230308,000000,14.8529,14.8529,14.4934,14.6258,6230.1596956270005,0
BBT,D,20230309,000000,14.6069,14.9096,14.2853,14.8529,16378.7452466475,0
BBT,D,20230310,000000,15.0232,15.0232,14.2285,14.2663,23246.296577236,0
BBT,D,20230313,000000,14.1717,14.1717,12.904,13.2635,44069.870721086,0
BBT,D,20230314,000000,13.396,14.0771,13.396,13.9258,6188.9353610275,0
BBT,D,20230315,000000,13.9258,13.9636,13.4149,13.4906,5609.6806081935,0
BBT,D,20230316,000000,13.3771,13.9068,13.3014,13.8122,2194.403041758,0
BBT,D,20230317,000000,13.6609,13.9825,13.6609,13.7555,3355.026615867,0
BBT,D,20230320,000000,13.7555,13.9636,13.15,13.7555,3548.4638782185,0
BBT,D,20230321,000000,13.7744,13.8501,13.5284,13.623,2163.7490493635,0
BBT,D,20230322,000000,13.869,14.2663,13.5473,13.8122,4314.813688081001,0
BBT,D,20230323,000000,13.8122,14.1906,13.8122,13.9447,2358.2433459355,0
BBT,D,20230324,000000,13.7176,13.7176,13.5473,13.623,5061.079847754,0
BBT,D,20230327,000000,13.5284,13.869,13.3581,13.7933,3189.0722432485004,0
BBT,D,20230328,000000,13.623,13.7933,13.2257,13.3581,11238.387832356,0
BBT,D,20230329,000000,13.3581,13.3771,13.1878,13.1878,16598.6083645115,0
BBT,D,20230330,000000,13.2257,13.3771,13.2068,13.2446,5118.159695661,0
BBT,D,20230331,000000,13.2446,13.3392,13.1689,13.1878,2878.3041824215,0
BBT,D,20230403,000000,13.1878,13.7744,13.1878,13.5284,10984.699619436,0
BBT,D,20230404,000000,13.7176,14.0014,13.623,13.6609,3111.9087451520004,0
BBT,D,20230405,000000,13.6419,13.7176,13.396,13.4338,2618.2737641785,0
BBT,D,20230406,000000,13.9825,13.9825,13.4527,13.4527,1116.228136848,0
BBT,D,20230411,000000,13.6987,13.9258,13.6987,13.9258,3847.6045626200003,0
BBT,D,20230412,000000,13.9068,13.9068,13.3392,13.8879,7526.083649960001,0
BBT,D,20230413,000000,13.8879,14.0393,13.6419,13.7365,1675.3992394925,0
BBT,D,20230414,000000,13.7555,14.0393,13.7555,14.0393,2432.2357413705004,0
BBT,D,20230417,000000,14.0393,14.096,13.7933,14.096,2023.1634980370002,0
BBT,D,20230418,000000,14.0014,14.096,13.8122,13.8879,1041.1787071925,0
BBT,D,20230419,000000,14.0014,14.0771,13.8122,13.9258,1734.5931558405,0
BBT,D,20230420,000000,13.9068,14.0014,13.7176,13.9068,2507.285171026,0
BBT,D,20230421,000000,14.096,14.8056,14.096,14.4745,10937.1330795135,0
BBT,D,20230424,000000,14.4745,14.8529,14.4745,14.5691,3343.3992394415004,0
BBT,D,20230425,000000,14.8529,14.8529,14.2379,14.2379,7361.186311562001,0
BBT,D,20230426,000000,14.1906,14.5691,14.096,14.096,3227.1254751865004,0
BBT,D,20230427,000000,14.4745,14.4745,13.4338,14.0487,6586.3802279355,0
BBT,D,20230428,000000,13.9541,13.9541,13.623,13.8595,3082.3117869780003,0
BBT,D,20230502,000000,13.8595,13.9068,13.623,13.8595,3008.319391543,0
BBT,D,20230504,000000,13.6703,13.8122,12.7243,13.2446,11358.889733493,0
BBT,D,20230505,000000,13.2446,13.623,13.1027,13.2446,2850.8212926885003,0
BBT,D,20230508,000000,13.2446,13.623,13.2446,13.4338,3115.0798478135002,0
BBT,D,20230509,000000,13.5284,13.5284,13.3392,13.5284,1654.2585550825002,0
BBT,D,20230510,000000,13.5284,13.5757,13.3392,13.3392,2283.19391628,0
BBT,D,20230511,000000,13.3865,13.3865,13.15,13.15,3146.7908744285,0
BBT,D,20230512,000000,13.15,13.4338,13.15,13.4338,2181.718631112,0
BBT,D,20230515,000000,13.4338,13.7176,13.3865,13.6703,9130.661596679001,0
BBT,D,20230516,000000,13.7649,14.096,13.7176,14.096,3646.7680607250004,0
BBT,D,20230517,000000,14.0014,14.0487,13.4811,14.0487,3493.4980987525,0
BBT,D,20230518,000000,13.9541,13.9541,13.4811,13.623,5791.4904941195,0
BBT,D,20230519,000000,13.4338,13.8595,13.4338,13.8595,1918.5171102075,0
BBT,D,20230522,000000,14.0014,14.0014,13.2919,13.5757,8242.752851459001,0
BBT,D,20230523,000000,13.4811,13.7649,13.4338,13.7649,2040.0760455650002,0
BBT,D,20230524,000000,13.4811,14.0014,13.4811,13.8122,1513.673003756,0
BBT,D,20230525,000000,13.8122,13.8595,13.5284,13.8595,4181.627376298,0
BBT,D,20230526,000000,13.623,13.623,12.677,12.8662,17122.8973378795,0
BBT,D,20230529,000000,12.8662,12.8662,12.4878,12.7243,9389.634980701501,0
BBT,D,20230530,000000,12.677,12.677,12.2513,12.4878,5951.1026614150005,0
BBT,D,20230531,000000,12.5824,12.8189,12.4878,12.7716,2414.266159622,0
BBT,D,20230601,000000,12.7243,12.7243,11.9201,12.4405,2915.300380139,0
BBT,D,20230602,000000,12.4405,12.4405,12.0147,12.2513,5509.262357246001,0
BBT,D,20230605,000000,12.1094,12.2986,12.0147,12.204,6797.7870720355,0
BBT,D,20230606,000000,12.1094,12.2986,11.9201,12.2986,3853.9467679430004,0
BBT,D,20230607,000000,12.2986,12.4878,12.1094,12.2986,2452.31939156,0
BBT,D,20230609,000000,12.2986,12.2986,12.1094,12.204,3593.9163497000004,0
BBT,D,20230612,000000,12.204,12.2513,12.1094,12.1567,2568.593155815,0
BBT,D,20230613,000000,12.2513,12.4405,12.0621,12.2986,2813.825094971,0
BBT,D,20230614,000000,12.2986,12.2986,12.1567,12.2513,1531.6425855045002,0
BBT,D,20230615,000000,12.2513,12.2513,11.8728,12.204,4719.657794532501,0
BBT,D,20230616,000000,12.1567,12.4878,12.0147,12.4878,7165.6349807695005,0
BBT,D,20230619,000000,12.7716,12.7716,12.4878,12.7243,3897.2851709835004,0
BBT,D,20230620,000000,12.7243,12.8189,12.6297,12.677,2912.1292774775,0
BBT,D,20230621,000000,12.9135,12.9608,12.5824,12.5824,4790.479087306,0
BBT,D,20230622,000000,12.8662,12.9135,12.6297,12.9135,5695.300380054,0
BBT,D,20230623,000000,12.9135,12.9608,12.8189,12.9608,2654.2129276755,0
BBT,D,20230626,000000,12.9608,13.2446,12.9608,13.15,12520.5703418225,0
BBT,D,20230627,000000,12.9,13.25,12.9,13.25,4288,0
BBT,D,20230628,000000,13.3,13.55,13.25,13.25,3430,0
BBT,D,20230629,000000,13,13.1,13,13,357,0
BBT,D,20230630,000000,13.05,13.05,12.85,12.85,2171,0
BBT,D,20230703,000000,12.9,13.2,12.9,12.95,1195,0
BBT,D,20230704,000000,12.85,13.15,12.6,12.95,2623,0
BBT,D,20230705,000000,12.95,13,12.7,12.9,952,0
BBT,D,20230706,000000,12.9,13.05,12.9,12.9,1251,0
BBT,D,20230707,000000,12.9,12.9,12,12.9,4091,0
BBT,D,20230710,000000,12.9,12.9,12.5,12.9,1515,0
BBT,D,20230711,000000,12.9,12.9,12.5,12.5,1533,0
BBT,D,20230712,000000,12.5,12.85,12.5,12.8,3317,0
BBT,D,20230713,000000,12.75,12.8,12.65,12.65,1898,0
BBT,D,20230714,000000,12.65,12.7,12.6,12.6,699,0
BBT,D,20230717,000000,12.6,12.7,12.25,12.7,2063,0
BBT,D,20230718,000000,12.65,12.65,12.25,12.45,2583,0
BBT,D,20230719,000000,12.4,12.5,11.9,12,9851,0
BBT,D,20230720,000000,12.3,12.3,12,12.05,5938,0
BBT,D,20230721,000000,12.2,12.5,12.2,12.2,2220,0
BBT,D,20230724,000000,12.2,12.6,11.7,12.15,4152,0
BBT,D,20230725,000000,12.25,12.25,12.2,12.25,1477,0
BBT,D,20230726,000000,12.3,12.55,12.15,12.2,3001,0
BBT,D,20230727,000000,12.25,12.25,12,12.2,2195,0
BBT,D,20230728,000000,12.2,12.2,12,12.15,1118,0
BBT,D,20230731,000000,12.2,12.2,11.85,12.05,2023,0
BBT,D,20230801,000000,12,12.15,11.9,12.1,1771,0
BBT,D,20230802,000000,11.95,12.1,11.75,12,7446,0
BBT,D,20230803,000000,11.95,12,11.85,12,5429,0
BBT,D,20230804,000000,11.95,11.95,11.8,11.95,1974,0
BBT,D,20230807,000000,11.9,11.9,11.8,11.8,4962,0
BBT,D,20230808,000000,11.85,11.9,11.75,11.75,2844,0
BBT,D,20230809,000000,11.8,11.9,11.65,11.65,1469,0
BBT,D,20230810,000000,11.85,11.85,11.65,11.85,689,0
BBT,D,20230811,000000,11.9,12.5,11.7,12,2400,0
BBT,D,20230814,000000,12.1,12.2,11.95,11.95,1781,0
BBT,D,20230816,000000,12,12.05,11.9,11.9,1006,0
BBT,D,20230817,000000,11.9,12.05,11.75,11.75,3666,0
BBT,D,20230818,000000,11.75,11.8,11.7,11.7,519,0
BBT,D,20230821,000000,11.7,12,11.7,11.7,924,0
BBT,D,20230822,000000,11.8,12,11.8,12,540,0
BBT,D,20230823,000000,12.05,12.05,11.7,11.7,2291,0
BBT,D,20230824,000000,11.75,11.95,11.7,11.75,150,0
BBT,D,20230825,000000,11.75,11.95,11.75,11.8,95,0
BBT,D,20230828,000000,11.95,12,11.9,11.9,1074,0
BBT,D,20230829,000000,11.9,12.2,11.8,12.2,1266,0
BBT,D,20230830,000000,12.1,12.5,12.1,12.5,1651,0
BBT,D,20230831,000000,12.25,12.5,12.25,12.3,518,0
BBT,D,20230901,000000,12.4,12.4,12.3,12.4,1121,0
BBT,D,20230904,000000,12.4,12.5,12.15,12.5,3854,0
BBT,D,20230905,000000,12.5,12.55,12.2,12.4,2110,0
BBT,D,20230906,000000,12.2,12.3,12.1,12.1,1887,0
BBT,D,20230907,000000,12.1,12.2,11.9,11.9,1892,0
BBT,D,20230908,000000,11.85,12.35,11.85,12.2,7138,0
BBT,D,20230911,000000,12.35,12.35,11.75,11.9,1851,0
BBT,D,20230912,000000,11.9,12,11.65,12,2114,0
BBT,D,20230913,000000,11.75,11.75,11.6,11.6,1591,0
BBT,D,20230914,000000,11.6,11.8,11.5,11.6,2495,0
BBT,D,20230915,000000,11.5,11.6,11.4,11.4,1951,0
BBT,D,20230918,000000,11.65,11.65,11.55,11.6,582,0
BBT,D,20230919,000000,11.45,12.25,11.4,11.8,4148,0
BBT,D,20230920,000000,11.55,12,11.45,11.55,1467,0
BBT,D,20230921,000000,11.9,11.95,11.55,11.95,667,0
BBT,D,20230922,000000,11.9,11.95,11.55,11.55,956,0
BBT,D,20230925,000000,11.8,11.8,11.6,11.6,129,0
BBT,D,20230926,000000,11.4,11.75,11.4,11.5,5420,0
BBT,D,20230927,000000,11.7,11.75,11.5,11.5,916,0
BBT,D,20230928,000000,11.5,11.5,11.3,11.4,3389,0
BBT,D,20230929,000000,11.4,11.5,11.1,11.2,4422,0
BBT,D,20231002,000000,11.5,11.7,11.25,11.4,1286,0
BBT,D,20231003,000000,11.1,11.75,11.1,11.2,3911,0
BBT,D,20231004,000000,11.4,11.45,11.1,11.2,1008,0
BBT,D,20231005,000000,11.35,11.4,11.35,11.4,185,0
BBT,D,20231006,000000,11.2,11.25,11.15,11.15,1267,0
BBT,D,20231009,000000,11.4,11.7,11.1,11.2,2938,0
BBT,D,20231010,000000,11.5,11.7,11.25,11.65,789,0
BBT,D,20231011,000000,11.65,11.75,11.65,11.75,1074,0
BBT,D,20231012,000000,11.75,11.75,11.7,11.7,871,0
BBT,D,20231013,000000,11.7,11.7,11.3,11.3,3085,0
BBT,D,20231016,000000,11.3,11.6,11.3,11.6,57,0
BBT,D,20231017,000000,11.6,11.6,11.4,11.45,1302,0
BBT,D,20231018,000000,11.45,11.65,11.45,11.65,1037,0
BBT,D,20231019,000000,11.6,11.6,11.4,11.4,1372,0
BBT,D,20231020,000000,11.6,11.6,11.3,11.5,1395,0
BBT,D,20231023,000000,11.4,11.5,11.25,11.5,311,0
BBT,D,20231024,000000,11.2,11.4,11.1,11.25,3925,0
BBT,D,20231025,000000,11.25,11.25,11,11.05,935,0
BBT,D,20231026,000000,11,11.25,11,11.25,1269,0
BBT,D,20231027,000000,11.2,11.2,10.9,11.2,2282,0
BBT,D,20231030,000000,11.1,11.3,11.1,11.25,2258,0
BBT,D,20231031,000000,11.25,11.3,10.9,11.25,2782,0
BBT,D,20231102,000000,11.1,11.25,11.1,11.1,1363,0
BBT,D,20231103,000000,11.1,11.3,10.7,10.85,7523,0
BBT,D,20231106,000000,11.15,11.3,11.1,11.1,7747,0
BBT,D,20231107,000000,11.1,11.35,11.1,11.3,8543,0
BBT,D,20231108,000000,11.65,12.5,11.65,12.35,26746,0
BBT,D,20231109,000000,12.55,12.85,12.4,12.7,8107,0
BBT,D,20231110,000000,12.8,12.8,12.25,12.25,3088,0
BBT,D,20231113,000000,12.4,12.6,12.1,12.3,10368,0
BBT,D,20231114,000000,12.3,12.5,12.2,12.5,1773,0
BBT,D,20231115,000000,12.5,12.7,12.15,12.45,2105,0
BBT,D,20231116,000000,12.5,12.5,11.8,12.15,7214,0
BBT,D,20231117,000000,12.05,12.45,12,12.45,2371,0
BBT,D,20231120,000000,12.4,12.75,12.4,12.75,6760,0
BBT,D,20231121,000000,12.6,12.6,12.25,12.3,3521,0
BBT,D,20231122,000000,12.2,12.25,12.1,12.1,22930,0
BBT,D,20231123,000000,12.15,12.5,12.15,12.15,4149,0
BBT,D,20231124,000000,12.3,12.5,11.9,12.45,10950,0
BBT,D,20231127,000000,12.45,13.1,12.45,12.6,10519,0
BBT,D,20231128,000000,13,13.05,12.85,12.9,9422,0
BBT,D,20231129,000000,12.8,12.8,12.4,12.55,2553,0
BBT,D,20231130,000000,12.55,12.55,12.05,12.15,6027,0
BBT,D,20231201,000000,12.45,12.65,12.2,12.55,2128,0
BBT,D,20231204,000000,12.55,12.6,12.4,12.55,1503,0
BBT,D,20231205,000000,12.55,12.55,12.15,12.55,3533,0
BBT,D,20231206,000000,12.45,12.55,12.35,12.55,1775,0
BBT,D,20231207,000000,12.3,12.3,11.85,12.2,9590,0
BBT,D,20231208,000000,11.9,11.95,11.5,11.95,8822,0
BBT,D,20231211,000000,11.95,12.2,11.6,12,3879,0
BBT,D,20231212,000000,12,12,11.65,11.8,4697,0
BBT,D,20231213,000000,11.7,11.95,11.7,11.9,654,0
BBT,D,20231214,000000,11.8,12,11.7,11.95,1455,0
BBT,D,20231215,000000,11.8,12,11.75,12,14555,0
BBT,D,20231218,000000,11.8,11.95,11.65,11.7,3966,0
BBT,D,20231219,000000,11.9,11.9,11.6,11.75,6934,0
BBT,D,20231220,000000,11.75,11.75,11.05,11.15,9735,0
BBT,D,20231221,000000,11.15,11.4,11,11.3,10617,0
BBT,D,20231222,000000,11.3,11.35,11,11,10129,0
BBT,D,20231227,000000,11,11,10.5,10.6,36049,0
BBT,D,20231228,000000,10.7,10.9,10.7,10.8,4405,0
BBT,D,20231229,000000,10.8,11,10.8,10.95,2924,0
BBT,D,20240102,000000,10.85,11.3,10.85,11.25,2357,0
BBT,D,20240103,000000,11.2,11.25,11.05,11.2,1672,0
BBT,D,20240104,000000,11.25,11.25,11,11.25,1027,0
BBT,D,20240105,000000,11.05,11.7,11,11.7,2936,0
BBT,D,20240108,000000,11.65,12.15,11.65,11.95,9584,0
BBT,D,20240109,000000,11.95,11.95,11.8,11.85,2351,0
BBT,D,20240110,000000,11.8,11.9,11.7,11.85,1937,0
BBT,D,20240111,000000,11.85,11.9,11.55,11.65,2699,0
BBT,D,20240112,000000,11.65,11.7,11.45,11.45,2387,0
BBT,D,20240115,000000,11.4,11.4,10.6,11,6102,0
BBT,D,20240116,000000,10.95,11,10.6,10.95,6982,0
BBT,D,20240117,000000,10.75,10.9,10.55,10.7,10628,0
BBT,D,20240118,000000,10.65,10.65,10.25,10.55,7633,0
BBT,D,20240119,000000,10.7,10.7,10.5,10.5,5448,0
BBT,D,20240122,000000,10.5,10.9,10.45,10.5,5783,0
BBT,D,20240123,000000,10.5,10.8,10.4,10.8,4674,0
BBT,D,20240124,000000,10.8,10.9,10.6,10.85,3236,0
BBT,D,20240125,000000,10.95,11,10.9,11,2217,0
BBT,D,20240126,000000,11,11.15,10.65,10.7,2249,0
BBT,D,20240129,000000,10.95,10.95,10.7,10.9,1102,0
BBT,D,20240130,000000,10.9,10.9,10.7,10.8,1850,0
BBT,D,20240131,000000,10.9,11.1,10.9,11.1,1669,0
BBT,D,20240201,000000,11.1,11.35,11.1,11.2,3351,0
BBT,D,20240202,000000,11.35,11.75,11.35,11.55,10556,0
BBT,D,20240205,000000,11.7,11.9,11.6,11.7,6570,0
BBT,D,20240206,000000,11.7,11.8,11.55,11.6,8673,0
BBT,D,20240207,000000,12,12.1,11.65,11.9,13245,0
BBT,D,20240208,000000,11.9,11.9,11.7,11.9,1524,0
BBT,D,20240209,000000,11.85,11.9,11.75,11.75,2811,0
BBT,D,20240212,000000,11.75,12.4,11.75,12.3,18616,0
BBT,D,20240213,000000,12.25,12.9,12.25,12.7,18567,0
BBT,D,20240214,000000,12.8,12.9,12.25,12.5,3506,0
BBT,D,20240215,000000,12.45,12.8,12.25,12.4,741,0
BBT,D,20240216,000000,12.4,12.6,11.9,12.2,2563,0
BBT,D,20240219,000000,12.6,12.8,12.25,12.65,3984,0
BBT,D,20240220,000000,12.35,12.5,12.2,12.5,2562,0
BBT,D,20240221,000000,12.25,12.45,12,12.15,2968,0
BBT,D,20240222,000000,12.15,12.3,12,12.3,3562,0
BBT,D,20240223,000000,12.25,12.7,12.2,12.7,3998,0
BBT,D,20240226,000000,12.7,12.7,12.3,12.5,2551,0
BBT,D,20240227,000000,12.55,12.55,12.1,12.1,3715,0
BBT,D,20240228,000000,12.1,12.4,12,12.05,2394,0
BBT,D,20240229,000000,12.05,12.05,11.3,11.9,4978,0
BBT,D,20240301,000000,11.9,12.2,11.45,12.05,4223,0
BBT,D,20240304,000000,11.8,12.1,11.7,12,1920,0
BBT,D,20240305,000000,12.05,12.1,11.7,11.8,3821,0
BBT,D,20240306,000000,11.9,11.95,11.8,11.95,1994,0
BBT,D,20240307,000000,11.85,11.85,11.5,11.7,2397,0
BBT,D,20240308,000000,11.6,11.6,11.3,11.5,2443,0
BBT,D,20240311,000000,11.4,11.4,11.1,11.1,3736,0
BBT,D,20240312,000000,11.1,11.15,11,11,3569,0
BBT,D,20240313,000000,11.3,11.3,11.05,11.1,1933,0
BBT,D,20240314,000000,11.25,11.3,11.25,11.25,2544,0
BBT,D,20240315,000000,11.1,11.3,10.9,10.95,2491,0
