<TICKER>,<PER>,<DATE>,<TIME>,<OPEN>,<HIGH>,<LOW>,<CLOSE>,<VOL>,<OPENINT>
BCS,D,20211207,000000,28.6342,31.1397,28.1868,30.8712,55136.332091134,0
BCS,D,20211208,000000,30.8712,30.8712,29.7975,30.4149,28431.469783946,0
BCS,D,20211209,000000,29.6363,30.4238,27.8468,30.3791,21537.332875131,0
BCS,D,20211210,000000,29.708,30.4238,29.2606,30.1553,6552.1680493407,0
BCS,D,20211213,000000,28.9206,30.2001,28.312,30.2001,6405.7696160363,0
BCS,D,20211214,000000,30.2001,30.2001,28.5895,29.8869,6100.6797512111,0
BCS,D,20211215,000000,29.0369,29.8869,28.6521,29.8869,5455.8561174964,0
BCS,D,20211216,000000,28.831,29.8869,28.831,29.8869,2503.3014549758,0
BCS,D,20211217,000000,29.793,30.3343,28.8489,30.3343,3756.0697277561,0
BCS,D,20211220,000000,29.1263,30.0211,29.0816,30.0167,3492.3290387497,0
BCS,D,20211221,000000,29.1352,30.4238,29.1263,30.4238,4874.7325654484,0
BCS,D,20211222,000000,30.4059,30.4238,29.708,30.3299,1515.3914164943,0
BCS,D,20211223,000000,29.9765,29.9765,29.35,29.9765,5597.7843696311,0
BCS,D,20211227,000000,29.529,30.1911,29.3858,30.1911,4030.9858696865,0
BCS,D,20211228,000000,29.708,30.3299,29.4932,30.3299,5179.8224302736,0
BCS,D,20211229,000000,29.869,31.5871,29.6453,31.5871,6429.2380671767,0
BCS,D,20211230,000000,31.3187,32.1956,30.7236,32.1956,9058.8221401937,0
BCS,D,20220103,000000,32.1956,32.6609,31.8377,32.3924,9875.747748938,0
BCS,D,20220104,000000,32.4013,35.5869,32.4013,35.4348,15066.745632135,0
BCS,D,20220105,000000,35.4795,37.135,34.9024,36.1059,11886.211729965,0
BCS,D,20220107,000000,36.2357,36.2357,35.1932,35.4169,4837.8535707992,0
BCS,D,20220110,000000,35.7928,36.1417,35.2559,35.4795,1860.7129118458,0
BCS,D,20220111,000000,35.6138,35.7928,34.4863,34.9874,2142.3343255306,0
BCS,D,20220112,000000,35.3453,35.5243,34.8084,35.3453,4831.1482990448,0
BCS,D,20220113,000000,35.3453,35.3453,34.4505,34.8979,2168.0378672558,0
BCS,D,20220114,000000,34.4505,35.2559,34.0031,35.2559,5194.3505190748,0
BCS,D,20220117,000000,35.3453,37.3139,35.3453,37.135,14202.883121111,0
BCS,D,20220118,000000,37.135,37.4481,35.9717,36.0612,5180.939975566,0
BCS,D,20220119,000000,36.0612,36.0612,34.2716,34.8979,3245.3515291293,0
BCS,D,20220120,000000,35.7032,37.4615,34.8979,36.5802,12640.554802335,0
BCS,D,20220121,000000,36.6428,36.6428,34.9874,35.7032,4750.685037992,0
BCS,D,20220124,000000,34.8979,34.8979,32.3208,33.9091,9256.6276569484,0
BCS,D,20220125,000000,32.7503,33.6093,32.7056,32.9293,2898.9124884854,0
BCS,D,20220126,000000,32.974,33.6407,32.2134,33.6407,4508.1777095412,0
BCS,D,20220127,000000,32.4417,34.2537,32.4417,34.2537,1847.3023683371,0
BCS,D,20220128,000000,34.0031,34.54,33.0188,34.54,1995.9358922262,0
BCS,D,20220131,000000,34.54,34.54,33.4304,34.4505,1918.8252670506,0
BCS,D,20220201,000000,34.0926,34.4505,33.7347,34.4505,2384.8416539814,0
BCS,D,20220202,000000,34.4505,34.4505,33.6631,34.361,2535.7102684554,0
BCS,D,20220203,000000,34.361,34.4505,34.0031,34.4058,1501.9808729855,0
BCS,D,20220204,000000,34.4058,34.4058,33.8241,34.0031,814.69051815953,0
BCS,D,20220207,000000,34.1821,34.1821,33.5914,33.8241,302.85477424038,0
BCS,D,20220208,000000,33.8241,33.8241,32.9786,33.8197,2868.7387655906,0
BCS,D,20220209,000000,33.3767,34.8844,33.3767,34.2716,2444.0715544786,0
BCS,D,20220210,000000,34.1866,34.54,34.0031,34.097,3882.3523457973,0
BCS,D,20220211,000000,34.1821,34.4505,34.0031,34.4505,1650.6143968747,0
BCS,D,20220214,000000,34.446,34.446,32.3029,33.493,1347.7596226343,0
BCS,D,20220215,000000,33.1083,34.2716,33.1083,34.2447,1533.2721411727,0
BCS,D,20220216,000000,34.0031,34.6294,33.247,34.625,499.54274570276,0
BCS,D,20220217,000000,34.4952,34.4952,33.1128,33.9137,1737.7829296819,0
BCS,D,20220218,000000,33.6452,33.6452,33.1083,33.6183,821.39578991393,0
BCS,D,20220221,000000,32.3746,33.4662,31.5871,31.5871,1460.6316971667,0
BCS,D,20220222,000000,30.5222,33.4662,30.5222,32.2134,2998.374019509,0
BCS,D,20220223,000000,31.9898,32.6609,31.3187,32.1956,899.62396038193,0
BCS,D,20220224,000000,28.9921,31.3008,27.2294,29.1711,2073.0465174018,0
BCS,D,20220225,000000,28.0078,31.7616,28.0078,31.6273,4123.7421289557,0
BCS,D,20220228,000000,29.1711,31.6721,29.1711,30.8712,3090.0127334857,0
BCS,D,20220301,000000,30.8712,30.8712,29.5603,30.1061,3829.8277170545,0
BCS,D,20220302,000000,29.6185,30.3343,27.7394,29.5246,5512.8509274088,0
BCS,D,20220303,000000,29.529,29.529,28.6342,29.529,1418.1649760555,0
BCS,D,20220304,000000,28.1868,29.4306,28.1868,29.4306,2166.9203219634,0
BCS,D,20220307,000000,28.1868,30.7818,27.7394,30.7818,3560.4993015861,0
BCS,D,20220308,000000,28.7416,31.0502,28.7416,29.5335,1642.7915798279,0
BCS,D,20220309,000000,28.6431,30.6922,28.6431,30.4238,620.23763728195,0
BCS,D,20220310,000000,29.529,31.3008,29.529,31.2023,781.16415938754,0
BCS,D,20220311,000000,29.529,31.3187,29.0816,31.3187,2802.803593339,0
BCS,D,20220314,000000,31.7213,31.766,31.3187,31.766,554.30246503036,0
BCS,D,20220315,000000,30.5133,31.5871,30.3343,31.5871,612.41482023515,0
BCS,D,20220316,000000,31.5871,32.03,30.5178,31.9002,1621.5582192723,0
BCS,D,20220317,000000,32.124,32.3924,31.766,32.3924,2541.2979949174,0
BCS,D,20220318,000000,32.2134,32.7682,31.6766,32.7324,757.69570824714,0
BCS,D,20220321,000000,32.7503,32.7503,31.3187,31.426,1256.1209086575,0
BCS,D,20220322,000000,31.4976,32.6564,31.4976,32.6564,168.74933915239,0
BCS,D,20220323,000000,32.6609,32.6609,31.766,32.6609,845.98178634673,0
BCS,D,20220324,000000,31.8556,32.6519,31.8556,32.6519,963.32404204872,0
BCS,D,20220325,000000,32.0345,32.6609,31.6677,32.5713,542.00946681396,0
BCS,D,20220328,000000,32.2134,32.2134,31.766,32.2134,569.94809912395,0
BCS,D,20220329,000000,31.9181,33.1038,31.596,33.1038,1737.7829296819,0
BCS,D,20220330,000000,33.0546,33.0993,32.2179,33.0993,899.62396038193,0
BCS,D,20220331,000000,32.2179,32.6519,31.8556,32.6519,309.56004599477,0
BCS,D,20220401,000000,31.86,32.5535,31.86,32.5535,2696.636790561,0
BCS,D,20220404,000000,31.86,32.4371,31.86,32.4371,1452.8088801199,0
BCS,D,20220405,000000,31.9763,33.6362,31.9763,33.6362,1791.4251037171,0
BCS,D,20220406,000000,32.6609,33.1083,32.6609,33.0188,178.80724678399,0
BCS,D,20220407,000000,33.5557,34.0031,33.0188,34.0031,2791.628140415,0
BCS,D,20220408,000000,35.7928,36.6875,34.8979,36.6786,10808.898068091,0
BCS,D,20220411,000000,35.7928,36.6786,34.9427,36.4907,4028.7507791017,0
BCS,D,20220412,000000,35.7032,36.9381,35.1663,36.3297,3227.4708044509,0
BCS,D,20220413,000000,36.6875,36.6875,35.7928,36.6875,2162.4501407938,0
BCS,D,20220414,000000,36.6875,36.6875,35.8464,36.2312,290.56177602398,0
BCS,D,20220419,000000,35.8732,36.2268,35.3498,35.7972,1769.0741978691,0
BCS,D,20220420,000000,36.2222,36.5175,35.4661,36.3297,977.85213084992,0
BCS,D,20220421,000000,36.3341,36.522,35.7972,35.7972,1440.5158819035,0
BCS,D,20220422,000000,35.7928,35.7928,33.5557,34.0031,2654.1700694498,0
BCS,D,20220425,000000,34.8084,34.8084,34.0031,34.0031,238.03714728118,0
BCS,D,20220426,000000,34.7637,35.7928,33.6899,35.7614,1215.8892781311,0
BCS,D,20220427,000000,34.719,35.3453,33.5647,35.3453,1813.7760095651,0
BCS,D,20220428,000000,35.3319,35.3409,34.719,35.2469,107.28434807039,0
BCS,D,20220429,000000,34.719,35.2559,34.719,35.1663,220.15642260278,0
BCS,D,20220502,000000,35.1663,36.6607,34.0031,36.6607,2995.0213836318,0
BCS,D,20220504,000000,36.616,36.6428,35.7928,36.6428,2958.1423889826,0
BCS,D,20220505,000000,36.5981,36.5981,34.9606,35.1663,2733.5157852102,0
BCS,D,20220506,000000,34.8979,35.7032,34.097,35.6853,1182.3629193591,0
BCS,D,20220509,000000,35.6853,36.0567,35.5243,35.5243,118.45980099439,0
BCS,D,20220510,000000,35.7882,35.7882,34.4192,35.2559,1120.8979282771,0
BCS,D,20220511,000000,35.22,35.2559,34.361,35.2021,671.64472073235,0
BCS,D,20220512,000000,34.361,35.1888,33.6452,34.4863,401.19875997157,0
BCS,D,20220513,000000,34.0031,34.4192,33.3812,34.2,405.66894114117,0
BCS,D,20220516,000000,34.2,35.7749,34.2,35.6943,908.56432272113,0
BCS,D,20220517,000000,35.6227,35.6227,34.2,34.54,526.36383272036,0
BCS,D,20220518,000000,34.54,35.5153,34.54,35.3363,424.66721111197,0
BCS,D,20220519,000000,35.2917,35.3006,35.2917,35.3006,186.63006383078,0
BCS,D,20220520,000000,34.9874,35.3363,34.9874,35.3363,556.53755561515,0
BCS,D,20220523,000000,35.0187,35.7928,34.8979,35.748,2418.3680127534,0
BCS,D,20220524,000000,35.7032,35.7032,34.9874,35.3453,1199.1260987451,0
BCS,D,20220525,000000,34.9874,35.3453,34.9874,35.3453,124.04752745639,0
BCS,D,20220526,000000,35.0769,35.748,35.0769,35.569,462.66375105356,0
BCS,D,20220527,000000,35.2559,36.2401,35.2559,35.9717,4394.1880897164,0
BCS,D,20220530,000000,35.9717,36.1954,35.7928,36.1507,2563.6489007654,0
BCS,D,20220531,000000,36.1059,36.2312,35.9717,36.1551,1508.6861447399,0
BCS,D,20220601,000000,36.1551,36.2401,35.7928,36.2043,3661.0783779021,0
BCS,D,20220602,000000,36.0164,36.2312,35.7972,36.2312,428.01984698917,0
BCS,D,20220603,000000,36.0612,36.2312,35.7928,35.8017,1604.7950398863,0
BCS,D,20220606,000000,36.2312,36.2312,35.7972,36.2312,620.23763728195,0
BCS,D,20220607,000000,36.2312,36.5712,36.2312,36.5712,543.12701210636,0
BCS,D,20220608,000000,36.5712,36.6786,36.2491,36.6339,664.93944897795,0
BCS,D,20220609,000000,36.5623,36.6786,36.3297,36.5085,282.73895897718,0
BCS,D,20220610,000000,36.3297,36.5981,36.2491,36.5085,421.31457523477,0
BCS,D,20220613,000000,36.5085,36.5085,34.1821,34.1821,3503.5044916737,0
BCS,D,20220614,000000,35.5959,35.739,34.2716,35.1663,196.68797146238,0
BCS,D,20220615,000000,35.2513,35.2513,34.1821,35.1619,1429.3404289795,0
BCS,D,20220617,000000,34.1821,35.1663,34.1821,34.8979,67.052717543995,0
BCS,D,20220620,000000,34.54,34.8979,34.54,34.8979,183.27742795359,0
BCS,D,20220621,000000,34.8979,34.8979,34.54,34.54,375.49521824637,0
BCS,D,20220622,000000,34.0926,34.8979,34.0926,34.8979,710.75880596634,0
BCS,D,20220623,000000,34.0031,34.8398,33.9583,34.8398,1353.3473490963,0
BCS,D,20220624,000000,33.8241,34.7144,33.0903,34.5221,743.16761944594,0
BCS,D,20220627,000000,33.3767,34.5221,33.1083,34.5221,381.08294470837,0
BCS,D,20220628,000000,34.4505,34.5355,34.4505,34.5131,385.55312587797,0
BCS,D,20220629,000000,34.4505,34.5266,34.0031,34.5221,414.60930348037,0
BCS,D,20220630,000000,34.5355,34.54,34.0031,34.54,215.68624143318,0
BCS,D,20220701,000000,34.54,34.54,34.0031,34.54,648.17626959195,0
BCS,D,20220704,000000,34.0031,34.54,34.0031,34.54,2886.619490269,0
BCS,D,20220705,000000,35.2559,35.2559,33.9137,34.361,454.84093400676,0
BCS,D,20220706,000000,34.361,34.361,34.361,34.361,3.3526358771997,0
BCS,D,20220707,000000,33.9275,34.3045,33.1924,34.116,1741.2420815289,0
BCS,D,20220708,000000,33.9275,36.9433,33.4563,36.9433,1834.6176471441,0
BCS,D,20220711,000000,35.8124,37.5841,35.8124,36.7359,553.8868778538,0
BCS,D,20220712,000000,35.8595,36.6983,34.8699,36.6983,873.2737556967,0
BCS,D,20220713,000000,34.9171,36.6983,34.8699,36.3778,1643.6221720221,0
BCS,D,20220715,000000,34.8699,37.603,34.8699,36.7501,649.3846154148,0
BCS,D,20220718,000000,36.7548,37.4145,36.0951,36.7312,2748.212669811,0
BCS,D,20220719,000000,36.0197,36.7548,35.8312,36.7454,1000.6040724447,0
BCS,D,20220720,000000,36.7454,36.7548,35.9255,36.7407,1473.8484163581,0
BCS,D,20220721,000000,36.7454,36.7548,36.2365,36.3637,918.9004525314,0
BCS,D,20220722,000000,36.7501,36.7548,36.3872,36.7548,3864.4751133018,0
BCS,D,20220725,000000,36.7548,36.7548,36.4721,36.4721,1038.8031674691,0
BCS,D,20220726,000000,36.1893,36.2836,36.1893,36.2836,78.5203619946,0
BCS,D,20220727,000000,36.7548,39.4878,36.7548,39.4878,12306.475113694,0
BCS,D,20220728,000000,38.9224,40.2229,38.9224,39.2994,2801.266968456,0
BCS,D,20220729,000000,39.4878,41.09,38.9224,40.9769,121590.90272058,0
BCS,D,20220801,000000,40.958,40.958,39.7847,40.336,2580.5610860928,0
BCS,D,20220802,000000,40.5716,41.9193,39.8648,40.4303,24100.445702478,0
BCS,D,20220803,000000,41.1654,41.1654,39.78,39.8036,8727.4321271025,0
BCS,D,20220804,000000,40.5245,40.7036,39.1156,39.8083,5233.2760183428,0
BCS,D,20220805,000000,40.4114,42.1267,40.0533,40.8072,18987.072399073,0
BCS,D,20220808,000000,41.368,41.5612,40.336,40.8072,9799.1289597315,0
BCS,D,20220809,000000,40.991,40.991,40.1475,40.6188,6653.009050083,0
BCS,D,20220810,000000,40.713,40.713,40.1523,40.5151,8117.307692685,0
BCS,D,20220811,000000,40.5151,41.1842,40.0533,40.8072,5283.1470590691,0
BCS,D,20220812,000000,40.8072,41.3727,40.713,40.9957,3580.1040725646,0
BCS,D,20220816,000000,40.9015,40.9015,39.2051,39.6386,6350.5995478065,0
BCS,D,20220817,000000,40.5245,40.5245,38.8281,39.5821,4295.2760182992,0
BCS,D,20220818,000000,39.5821,39.5821,38.0742,38.3946,6608.4434392212,0
BCS,D,20220819,000000,39.1062,40.1711,39.0261,39.3418,14027.556561738,0
BCS,D,20220822,000000,39.3371,39.3371,38.0554,38.6208,8844.1515841215,0
BCS,D,20220823,000000,38.1684,38.6208,37.7255,38.3758,8972.5429868424,0
BCS,D,20220824,000000,38.3758,38.3758,36.7548,37.603,10359.382353423,0
BCS,D,20220825,000000,37.6595,37.6972,37.0941,37.6595,1047.2918552523,0
BCS,D,20220826,000000,37.6972,38.1684,37.5087,37.9564,5094.2737558929,0
BCS,D,20220829,000000,38.0742,38.6302,37.3768,38.6302,2534.9343892581,0
BCS,D,20220830,000000,38.6302,38.6302,37.3203,37.6878,1422.9162896589,0
BCS,D,20220831,000000,38.3239,38.3239,36.7548,37.1789,2951.9411766078,0
BCS,D,20220901,000000,36.9433,36.9433,34.2102,35.8029,13233.864254009,0
BCS,D,20220902,000000,35.0584,35.6192,33.5505,35.0537,16131.690045999,0
BCS,D,20220905,000000,35.2469,35.6239,35.0584,35.6239,4419.4230771285,0
BCS,D,20220906,000000,35.6239,35.6239,34.5165,35.2469,1730.6312217999,0
BCS,D,20220907,000000,34.8888,35.3412,34.3987,34.4553,7939.0452492378,0
BCS,D,20220908,000000,35.1527,35.2469,34.6061,35.2469,2924.3529413124,0
BCS,D,20220909,000000,35.3412,35.6239,34.8134,35.6239,3753.0610861473,0
BCS,D,20220912,000000,35.6239,35.6239,34.9642,35.0678,2034.1018100493,0
BCS,D,20220913,000000,35.3883,35.3883,34.1537,34.8699,5546.2963803483,0
BCS,D,20220914,000000,34.3987,35.4354,34.3045,35.2469,2718.5022625698,0
BCS,D,20220915,000000,35.3883,35.4354,34.3987,34.8511,2372.5882354044,0
BCS,D,20220916,000000,34.8511,34.8511,34.0217,34.7521,4850.2239821259,0
BCS,D,20220919,000000,34.3987,34.493,33.56,34.493,4700.610859947,0
BCS,D,20220920,000000,33.9464,35.148,33.362,34.116,8779.4253397746,0
BCS,D,20220921,000000,33.5647,34.0217,32.5139,33.8333,5686.3597287711,0
BCS,D,20220922,000000,33.2772,33.9275,32.7966,33.6071,18039.522625273,0
BCS,D,20220923,000000,32.8955,33.4563,32.1652,32.6081,6530.9841631995,0
BCS,D,20220926,000000,32.0426,32.0426,30.874,31.4772,10089.866516306,0
BCS,D,20220927,000000,31.3829,32.9851,31.1191,32.0426,18505.339367376,0
BCS,D,20220928,000000,32.2783,34.5684,32.2783,34.5684,7985.7330320454,0
BCS,D,20220929,000000,33.9369,34.3752,33.0793,34.3752,2999.6900453883,0
BCS,D,20220930,000000,33.739,35.8124,33.1736,35.8124,7076.3823532701,0
BCS,D,20221003,000000,34.5307,35.4165,33.7861,34.0217,4925.5610862018,0
BCS,D,20221004,000000,34.6767,34.6767,33.5505,33.9275,2279.2126697892,0
BCS,D,20221005,000000,33.9275,34.9406,33.5505,34.9406,2514.773755773,0
BCS,D,20221006,000000,34.3987,35.5296,34.0265,35.5296,2615.5769231985,0
BCS,D,20221007,000000,35.4354,35.4354,34.5307,35.3317,2343.9389141361,0
BCS,D,20221010,000000,35.7134,35.7134,34.8699,34.8699,3919.6515838926,0
BCS,D,20221011,000000,34.5872,34.5872,33.5505,33.5505,4502.1877830147,0
BCS,D,20221012,000000,33.5505,33.9181,33.0322,33.4374,2095.6447964775,0
BCS,D,20221013,000000,33.4374,33.4563,32.806,33.249,3947.239819188,0
BCS,D,20221014,000000,33.249,33.2772,32.7966,33.2207,4144.6018101474,0
BCS,D,20221017,000000,33.2207,33.2678,32.7023,33.1688,3028.3393666566,0
BCS,D,20221018,000000,32.9851,33.2207,32.0615,32.8908,6886.447964121,0
BCS,D,20221019,000000,32.6081,32.9851,32.1604,32.5139,2035.1628960222,0
BCS,D,20221020,000000,32.5139,32.9804,32.4667,32.9757,1851.5950227105,0
BCS,D,20221021,000000,32.5139,33.5505,32.3819,33.5505,2025.6131222661,0
BCS,D,20221024,000000,32.9851,32.9945,32.6364,32.9851,2024.5520362932,0
BCS,D,20221025,000000,32.9851,32.9851,32.2688,32.872,812.7918552414,0
BCS,D,20221026,000000,32.872,34.493,32.872,34.2055,3209.7850680225,0
BCS,D,20221027,000000,34.1914,34.4788,33.2678,34.4788,2855.3823530739,0
BCS,D,20221028,000000,34.4883,35.3223,33.5977,34.2338,2819.3054299953,0
BCS,D,20221031,000000,34.2338,34.738,33.4751,34.738,1824.0067874151,0
BCS,D,20221102,000000,34.3893,35.4165,33.8333,35.4165,6789.8891405871,0
BCS,D,20221103,000000,34.3987,35.3364,34.0783,35.3364,6799.4389143432,0
BCS,D,20221104,000000,34.8699,35.4354,34.6061,35.2281,7978.3054302351,0
BCS,D,20221107,000000,35.1527,35.1527,34.2102,34.7286,4213.5723983859,0
BCS,D,20221108,000000,34.5118,37.9517,34.5118,37.504,17627.821267788,0
BCS,D,20221109,000000,37.6972,37.6972,36.6606,36.8679,3906.9185522178,0
BCS,D,20221110,000000,36.849,37.5087,36.4014,36.9433,6672.1085975952,0
BCS,D,20221114,000000,36.9433,38.6397,36.9433,38.258,11426.83484216,0
BCS,D,20221115,000000,38.258,39.2899,37.6972,38.1543,7177.1855206956,0
BCS,D,20221116,000000,37.9705,37.9705,37.5087,37.7349,2634.6764707107,0
BCS,D,20221117,000000,37.537,37.5559,36.5522,37.3485,2267.5407240873,0
BCS,D,20221118,000000,37.3438,37.3438,36.0951,36.7501,4426.8506789388,0
BCS,D,20221121,000000,37.1648,37.6972,36.7736,36.7736,4077.7533938547,0
BCS,D,20221122,000000,37.1318,37.6972,36.8585,37.603,2471.2692308841,0
BCS,D,20221123,000000,37.5888,37.5936,37.1318,37.5087,2480.8190046402,0
BCS,D,20221124,000000,37.815,37.815,37.226,37.6972,742.76018103,0
BCS,D,20221125,000000,37.504,37.603,36.3967,36.4674,6747.4457016711,0
BCS,D,20221128,000000,36.7548,36.7548,36.2082,36.2836,3288.3054300171,0
BCS,D,20221129,000000,36.6606,36.7548,35.9066,36.7077,2045.7737557512,0
BCS,D,20221130,000000,36.3307,37.471,36.3307,36.7548,2854.321267101,0
BCS,D,20221201,000000,37.1129,37.1129,36.3307,36.5663,2569.9502263638,0
BCS,D,20221202,000000,36.3448,36.9433,36.2412,36.2412,8155.5067877094,0
BCS,D,20221205,000000,36.2836,38.1684,36.2836,37.226,9488.2307696718,0
BCS,D,20221206,000000,37.1789,37.5841,36.5192,36.7548,3471.8733033288,0
BCS,D,20221207,000000,36.7548,37.1318,36.3024,36.7642,5815.8122174649,0
BCS,D,20221208,000000,36.4721,37.5087,36.0009,37.5087,15802.7533944,0
BCS,D,20221209,000000,37.4145,38.1213,36.9433,37.4805,20264.619910444,0
BCS,D,20221212,000000,37.4805,39.2994,37.4805,37.8857,28933.692309037,0
BCS,D,20221213,000000,37.9046,39.1109,37.8857,39.1109,18436.368779137,0
BCS,D,20221214,000000,39.1109,40.5245,39.0166,40.5245,18893.696833457,0
BCS,D,20221215,000000,40.5198,40.5198,39.1297,39.2051,8470.6493216607,0
BCS,D,20221216,000000,39.1109,40.8544,38.4794,40.4774,6440.791855503,0
BCS,D,20221219,000000,40.5057,40.8025,39.8271,40.5245,2937.0859729872,0
BCS,D,20221220,000000,40.336,40.5245,39.846,40.5245,2143.393665258,0
BCS,D,20221221,000000,40.5245,42.2209,39.9119,41.9287,10864.459276523,0
BCS,D,20221222,000000,41.6554,42.645,41.467,42.0418,12178.083710973,0
BCS,D,20221223,000000,42.4094,42.4094,41.8439,41.8439,7471.1063351889,0
BCS,D,20221227,000000,41.8439,42.2209,40.9486,41.3444,4906.4615386896,0
BCS,D,20221228,000000,41.1889,43.1586,41.1889,43.1445,17343.45022705,0
BCS,D,20221229,000000,43.823,45.2367,43.823,44.9539,27850.323530706,0
BCS,D,20221230,000000,45.0011,45.0011,43.9173,44.2942,8971.4819008695,0
BCS,D,20230102,000000,44.3696,44.6241,43.4461,44.1953,15727.416290324,0
BCS,D,20230103,000000,44.1953,46.8388,43.3707,46.622,17383.771494021,0
BCS,D,20230104,000000,47.1215,47.5928,45.7079,46.6503,25567.927602998,0
BCS,D,20230105,000000,46.6456,47.0226,45.2414,46.1744,11382.269231298,0
BCS,D,20230109,000000,47.0084,47.1215,45.7927,46.1791,11413.040724512,0
BCS,D,20230110,000000,46.1791,46.2733,45.7079,46.1791,9195.3710411514,0
BCS,D,20230111,000000,46.1791,46.4618,45.4676,46.1226,4111.7081449875,0
BCS,D,20230112,000000,46.1226,46.1791,45.6608,45.8917,2628.3099548733,0
BCS,D,20230113,000000,46.132,46.132,45.4252,46.0754,3436.8574662231,0
BCS,D,20230116,000000,46.0754,46.1273,44.2942,45.1519,12589.785068458,0
BCS,D,20230117,000000,45.1424,45.2555,44.2471,44.2471,7057.2828057579,0
BCS,D,20230118,000000,43.9173,45.1236,43.5921,45.1236,5179.1606337249,0
BCS,D,20230119,000000,45.2367,45.7079,44.2942,45.6136,3207.6628960767,0
BCS,D,20230120,000000,45.0482,46.0849,44.2,45.4252,8183.0950230048,0
BCS,D,20230123,000000,45.4252,45.4252,43.823,44.4827,10369.993213152,0
BCS,D,20230124,000000,44.2942,44.4827,42.9748,44.2942,17848.527150151,0
BCS,D,20230125,000000,43.823,44.2,42.7864,43.2576,6448.2194573133,0
BCS,D,20230126,000000,43.5403,43.9173,42.8806,43.823,13654.054299277,0
BCS,D,20230127,000000,43.3518,43.823,43.1633,43.3518,3372.1312218762,0
BCS,D,20230130,000000,43.823,44.1058,42.4094,42.7864,6175.520362278,0
BCS,D,20230131,000000,42.5036,43.3518,42.5036,42.8806,3149.3031675672,0
BCS,D,20230201,000000,43.3518,44.2942,42.8806,44.2942,6274.2013577577,0
BCS,D,20230202,000000,44.7655,45.2367,44.2942,44.6712,2707.8914028408,0
BCS,D,20230203,000000,44.8597,45.0482,44.2942,44.2942,1795.3574661468,0
BCS,D,20230206,000000,44.9539,45.1424,43.7288,44.2942,7749.1108600887,0
BCS,D,20230207,000000,44.2942,44.2942,43.4461,43.7288,3824.1538463316,0
BCS,D,20230208,000000,44.2942,45.1424,44.1058,44.6712,9054.2466067557,0
BCS,D,20230209,000000,44.3885,44.8597,43.823,44.2942,5281.0248871233,0
BCS,D,20230210,000000,44.2942,44.2942,43.4461,44.0115,3916.4683259739,0
BCS,D,20230213,000000,44.0115,44.0115,42.7864,43.823,6912.9751134435,0
BCS,D,20230214,000000,43.823,43.823,43.1633,43.3518,863.7239819406,0
BCS,D,20230215,000000,43.1633,44.0115,42.7864,43.9173,1297.7081448567,0
BCS,D,20230216,000000,43.823,44.6712,42.9748,44.577,3670.2963802611,0
BCS,D,20230217,000000,44.577,46.1791,44.577,45.7079,6369.6990953187,0
BCS,D,20230220,000000,45.7079,46.1791,44.6712,44.8597,4438.5226246407,0
BCS,D,20230221,000000,44.9539,45.1424,44.1058,44.2942,6112.9162898769,0
BCS,D,20230222,000000,44.2942,44.7655,43.4461,44.0115,5480.5090500285,0
BCS,D,20230223,000000,43.6345,44.6712,43.6345,43.7288,1374.1063349055,0
BCS,D,20230224,000000,43.6345,43.823,43.1633,43.6345,6489.6018102564,0
BCS,D,20230227,000000,43.6345,43.6345,43.0691,43.1633,5920.859728782,0
BCS,D,20230228,000000,43.3518,43.5403,43.1633,43.3518,5351.0565613347,0
BCS,D,20230301,000000,44.2,44.2,42.8806,43.3518,6815.3552039367,0
BCS,D,20230302,000000,43.4461,43.823,43.0691,43.2576,2004.3914028081,0
BCS,D,20230303,000000,43.3518,43.6345,43.0691,43.5403,3879.3303169224,0
BCS,D,20230306,000000,43.5403,43.6345,42.9748,43.1633,7525.2217198068,0
BCS,D,20230307,000000,43.4461,43.4461,42.8806,43.0691,2929.6583711769,0
BCS,D,20230308,000000,43.2576,43.6345,42.8806,43.3518,19208.839367409,0
BCS,D,20230309,000000,43.5403,46.6503,43.1633,46.3676,52264.850681162,0
BCS,D,20230310,000000,45.7079,45.9906,45.3309,45.7079,6377.126697129,0
BCS,D,20230313,000000,46.1791,48.064,44.4827,45.8964,15222.339367223,0
BCS,D,20230314,000000,46.1791,46.1791,45.4252,46.1791,4337.7194572152,0
BCS,D,20230315,000000,46.1791,46.1791,44.7655,44.8597,3981.1945703208,0
BCS,D,20230316,000000,44.8597,45.8964,43.7288,45.8964,5764.8800907657,0
BCS,D,20230317,000000,46.1791,46.1791,44.7655,45.3309,5548.4185522941,0
BCS,D,20230320,000000,45.4252,45.4252,44.0115,44.9539,2702.5859729763,0
BCS,D,20230321,000000,44.7655,45.8021,44.4827,45.1424,5693.7873305814,0
BCS,D,20230322,000000,44.577,45.2367,44.4827,45.2367,2507.3461539627,0
BCS,D,20230323,000000,45.1424,45.2367,44.2942,45.1424,4002.4162897788,0
BCS,D,20230324,000000,44.8597,45.2367,43.6345,44.2,6939.502262766,0
BCS,D,20230327,000000,44.2942,44.9539,43.5403,44.2,7083.8099550804,0
BCS,D,20230328,000000,44.1058,45.0482,44.1058,44.8597,1786.8687783636,0
BCS,D,20230329,000000,44.8597,45.7079,44.577,45.5194,3477.1787331933,0
BCS,D,20230330,000000,45.6136,45.7079,44.9539,45.7079,3306.3438915564,0
BCS,D,20230331,000000,45.6136,46.933,45.2367,45.9906,5522.9524889445,0
BCS,D,20230403,000000,45.9906,47.31,45.9906,47.1215,17268.113122975,0
BCS,D,20230404,000000,47.1215,47.4985,46.1791,47.0273,10066.522624902,0
BCS,D,20230405,000000,47.0273,47.31,46.4618,46.8388,8616.018099948,0
BCS,D,20230406,000000,47.1215,47.1215,46.7446,47.0273,6602.0769233838,0
BCS,D,20230411,000000,47.31,49.9488,47.31,49.9488,39878.794119501,0
BCS,D,20230412,000000,51.0797,52.2107,50.3258,51.6452,18554.149322129,0
BCS,D,20230413,000000,51.6452,51.8337,50.1373,51.0797,18705.884616254,0
BCS,D,20230414,000000,50.7028,51.0797,49.5719,51.0797,3948.3009051609,0
BCS,D,20230417,000000,50.8913,51.2682,49.5719,50.7028,7445.6402718393,0
BCS,D,20230418,000000,50.3258,50.7028,49.7603,49.9488,2296.1900453556,0
BCS,D,20230419,000000,49.9488,49.9488,48.2525,49.1949,5922.9819007278,0
BCS,D,20230420,000000,49.9488,50.5143,49.1949,49.9488,6916.1583713622,0
BCS,D,20230421,000000,49.1949,50.1373,48.2525,49.0064,4468.2330318819,0
BCS,D,20230424,000000,49.0064,49.5719,48.2525,49.0064,3262.8393666675,0
BCS,D,20230425,000000,49.0064,49.0064,48.064,48.064,3136.5701358924,0
BCS,D,20230426,000000,47.687,49.0064,47.31,48.6294,14604.787330996,0
BCS,D,20230427,000000,48.6294,50.7028,48.6294,50.5143,7116.7036202403,0
BCS,D,20230428,000000,50.5143,51.2682,48.4409,49.0064,6897.05882385,0
BCS,D,20230502,000000,45.2367,46.6503,42.5979,44.6712,49721.427604121,0
BCS,D,20230504,000000,43.823,44.6712,43.1633,44.0115,33193.952490231,0
BCS,D,20230505,000000,44.0115,44.6712,43.6345,44.6712,5167.488688023,0
BCS,D,20230508,000000,44.6712,46.0849,43.823,46.0849,13789.873303808,0
BCS,D,20230509,000000,46.1791,46.933,45.9906,45.9906,7497.6334845114,0
BCS,D,20230510,000000,46.7446,46.7446,45.0482,45.6136,5895.3936654324,0
BCS,D,20230511,000000,45.2367,45.7079,44.7655,45.2367,3618.303167589,0
BCS,D,20230512,000000,45.2367,45.9906,44.577,45.8021,3771.0995476866,0
BCS,D,20230515,000000,45.3309,48.6294,45.2367,47.8755,24576.87330431,0
BCS,D,20230516,000000,48.2525,48.2525,47.31,48.064,14023.312217846,0
BCS,D,20230517,000000,48.064,49.3834,47.4985,49.0064,12090.013575223,0
BCS,D,20230518,000000,48.6294,49.3834,44.3885,45.8964,64852.513577675,0
BCS,D,20230519,000000,45.8964,45.8964,42.8806,45.8964,56892.246608979,0
BCS,D,20230522,000000,44.2942,45.7079,44.0115,45.5194,18185.952489533,0
BCS,D,20230523,000000,45.2367,46.4618,44.3885,46.4618,13992.540724632,0
BCS,D,20230524,000000,46.1791,46.1791,44.9539,45.8021,7725.7669686849,0
BCS,D,20230525,000000,45.7079,46.4618,44.7655,45.2367,6582.9773758716,0
BCS,D,20230526,000000,45.2367,45.2367,44.2942,44.9539,9052.1244348099,0
BCS,D,20230529,000000,44.577,44.6712,43.4461,44.0115,13165.954751743,0
BCS,D,20230530,000000,43.6345,43.9173,41.8439,42.8806,14877.486426031,0
BCS,D,20230531,000000,42.2209,45.2367,41.5612,45.2367,25457.574661817,0
BCS,D,20230601,000000,45.1424,45.5194,42.8806,45.5194,12333.002263017,0
BCS,D,20230602,000000,45.4252,45.9906,44.2942,45.8964,8414.411765097,0
BCS,D,20230605,000000,45.5194,45.8964,44.2942,44.2942,7364.9977378989,0
BCS,D,20230606,000000,44.2942,44.2942,43.823,44.2942,1425.0384616047,0
BCS,D,20230607,000000,43.1633,44.6712,43.1633,43.7288,6816.4162899096,0
BCS,D,20230609,000000,43.7288,43.7288,43.1633,43.3518,3700.0067875023,0
BCS,D,20230612,000000,43.3518,43.4461,42.4094,43.1633,10641.631222214,0
BCS,D,20230613,000000,43.1633,43.1633,42.3151,42.4094,4479.9049775838,0
BCS,D,20230614,000000,42.3151,42.4094,40.4303,41.1842,17595.988688601,0
BCS,D,20230615,000000,41.2785,44.1058,40.9015,42.9748,37938.067875067,0
BCS,D,20230616,000000,43.3518,44.577,43.1633,44.577,8069.5588239045,0
BCS,D,20230619,000000,44.7655,45.6136,43.7288,45.2367,13858.843892047,0
BCS,D,20230620,000000,45.2367,45.2367,44.4827,45.2367,16904.16063427,0
BCS,D,20230621,000000,44.9539,45.0482,44.4827,45.0482,2965.7352942555,0
BCS,D,20230622,000000,44.8597,44.8597,44.1058,44.7655,2351.3665159464,0
BCS,D,20230623,000000,44.2,44.8597,44.2,44.8597,846.7466063742,0
BCS,D,20230626,000000,44.8597,44.8597,43.823,43.9173,1993.7805430791,0
BCS,D,20230627,000000,43.7288,44.8597,43.5403,44.0115,4841.7352943427,0
BCS,D,20230628,000000,44.0115,44.7655,43.7288,44.0115,2196.447963903,0
BCS,D,20230629,000000,44.0115,44.7655,43.5403,43.9173,1981.0475114043,0
BCS,D,20230630,000000,44.0115,44.6712,43.823,44.2942,3217.2126698328,0
BCS,D,20230703,000000,44.1058,44.577,43.823,44.1058,4401.3846155892,0
BCS,D,20230704,000000,44.3885,44.3885,43.9173,44.0115,3402.9027150903,0
BCS,D,20230705,000000,44.2,44.2,43.5403,44.2,7568.7262446957,0
BCS,D,20230706,000000,44.9,44.9,43,44.9,3859,0
BCS,D,20230707,000000,44.9,45.1,44,45.1,1141,0
BCS,D,20230710,000000,45.1,45.5,45,45.5,1433,0
BCS,D,20230711,000000,45.8,45.8,44.8,45,5264,0
BCS,D,20230712,000000,45.4,45.8,45.1,45.6,1426,0
BCS,D,20230713,000000,45.6,45.9,45.6,45.9,2504,0
BCS,D,20230714,000000,45.9,46.7,45,46,5391,0
BCS,D,20230717,000000,46.2,46.2,44.8,45.3,5261,0
BCS,D,20230718,000000,45,46.4,43.8,46.4,8119,0
BCS,D,20230719,000000,47,47.9,46,47,11060,0
BCS,D,20230720,000000,47.2,49.9,47.2,49.9,9671,0
BCS,D,20230721,000000,50,51.6,49.9,51,9996,0
BCS,D,20230724,000000,51.6,52.4,48.4,49,19455,0
BCS,D,20230725,000000,49.4,49.8,48.6,49,4213,0
BCS,D,20230726,000000,48,48.3,46,46.9,9700,0
BCS,D,20230727,000000,47.4,48,45.8,46,7147,0
BCS,D,20230728,000000,45.8,45.8,44.3,44.5,13769,0
BCS,D,20230731,000000,44.5,44.9,43.5,43.8,7838,0
BCS,D,20230801,000000,43.8,44.9,43.8,44.3,4028,0
BCS,D,20230802,000000,44.6,44.6,43.8,44.5,2066,0
BCS,D,20230803,000000,44,44.8,43.9,44.6,9110,0
BCS,D,20230804,000000,44.6,45.4,43.5,45,4470,0
BCS,D,20230807,000000,43.7,44.9,43.7,44.6,942,0
BCS,D,20230808,000000,44.7,44.9,44.2,44.9,1078,0
BCS,D,20230809,000000,44.9,44.9,42.9,43,3902,0
BCS,D,20230810,000000,42.8,44.5,42,44.3,3375,0
BCS,D,20230811,000000,44.4,44.9,44,44.1,1486,0
BCS,D,20230814,000000,41,41,39.4,39.7,39000,0
BCS,D,20230816,000000,39.7,39.9,37.6,38,15575,0
BCS,D,20230817,000000,38,38.5,37.8,38,3465,0
BCS,D,20230818,000000,38,38,36,36.3,17023,0
BCS,D,20230821,000000,36.3,37.5,36,37.3,5671,0
BCS,D,20230822,000000,37.3,38.9,37.3,38.5,7868,0
BCS,D,20230823,000000,38.4,38.6,37.1,38.1,7457,0
BCS,D,20230824,000000,38.3,39.4,38.3,39.3,1867,0
BCS,D,20230825,000000,39.1,40.3,38.1,39.3,2707,0
BCS,D,20230828,000000,39.7,40,39.3,39.7,905,0
BCS,D,20230829,000000,39.5,39.7,39.1,39.3,1449,0
BCS,D,20230830,000000,39.2,39.3,37.8,39,4310,0
BCS,D,20230831,000000,39.3,39.9,37.8,39.9,3616,0
BCS,D,20230901,000000,39.9,40.2,39.3,40.2,1065,0
BCS,D,20230904,000000,40.3,40.3,39.3,40.3,1334,0
BCS,D,20230905,000000,40.3,40.5,39.3,39.6,2884,0
BCS,D,20230906,000000,39.7,39.7,37.6,37.9,2525,0
BCS,D,20230907,000000,38.1,38.3,37.1,37.4,3696,0
BCS,D,20230908,000000,38.4,38.4,36.6,37.4,5669,0
BCS,D,20230911,000000,37.4,37.5,37,37.3,1918,0
BCS,D,20230912,000000,33.5,33.9,31,31.1,120394,0
BCS,D,20230913,000000,30.5,31.6,30.2,31.5,36616,0
BCS,D,20230914,000000,31.6,32.5,31,31.4,11109,0
BCS,D,20230915,000000,31.4,31.4,30.8,31.3,7253,0
BCS,D,20230918,000000,30.5,31,30.2,30.3,7133,0
BCS,D,20230919,000000,30.3,31.4,30.3,31.3,6369,0
BCS,D,20230920,000000,31.4,31.6,30.3,31.1,10317,0
BCS,D,20230921,000000,30.8,31.2,30.8,31.2,4196,0
BCS,D,20230922,000000,31.1,31.1,30.4,30.6,2579,0
BCS,D,20230925,000000,31,31,30,30,6137,0
BCS,D,20230926,000000,30,30.5,28.2,29.2,9163,0
BCS,D,20230927,000000,29,31.1,29,30.5,6833,0
BCS,D,20230928,000000,30.1,30.1,27.1,28.2,12159,0
BCS,D,20230929,000000,28.2,31,26.7,31,24949,0
BCS,D,20231002,000000,31.2,31.2,29.1,30.5,3653,0
BCS,D,20231003,000000,30,30.8,29,30.8,6083,0
BCS,D,20231004,000000,30.2,30.4,29.5,30.4,5508,0
BCS,D,20231005,000000,30.3,30.5,29.7,30.3,2253,0
BCS,D,20231006,000000,30.3,30.7,30,30.4,3826,0
BCS,D,20231009,000000,30,30.6,29,29.7,14808,0
BCS,D,20231010,000000,30,30.9,28.2,28.7,8068,0
BCS,D,20231011,000000,28.7,29,27.8,28.4,4021,0
BCS,D,20231012,000000,28.1,28.7,27.8,27.8,3150,0
BCS,D,20231013,000000,27.7,27.8,26.8,27,6935,0
BCS,D,20231016,000000,26.8,27,25.6,26.6,8148,0
BCS,D,20231017,000000,26.1,27,26,26.5,4419,0
BCS,D,20231018,000000,26.5,27.4,25.8,25.9,52302,0
BCS,D,20231019,000000,25.5,26.1,24.5,26,28110,0
BCS,D,20231020,000000,25.9,26.3,25.9,26.3,6131,0
BCS,D,20231023,000000,26.4,26.8,26.4,26.8,4661,0
BCS,D,20231024,000000,26.8,27,25.7,25.7,28960,0
BCS,D,20231025,000000,25.9,26,25.5,25.8,771,0
BCS,D,20231026,000000,25.8,25.8,25.1,25.7,3373,0
BCS,D,20231027,000000,25,25.8,24,24.9,19404,0
BCS,D,20231030,000000,24.2,25,24.2,24.5,18112,0
BCS,D,20231031,000000,24.1,25.7,24,25.1,12013,0
BCS,D,20231102,000000,25.3,26.7,25.3,26.2,4030,0
BCS,D,20231103,000000,26.8,28.9,26.8,28.8,5905,0
BCS,D,20231106,000000,28.5,29,28.1,28.5,10914,0
BCS,D,20231107,000000,29,29,28.2,28.4,2472,0
BCS,D,20231108,000000,28.5,29,28.2,28.5,2830,0
BCS,D,20231109,000000,28.9,29.5,28.5,28.9,10452,0
BCS,D,20231110,000000,28.7,28.7,28.6,28.6,678,0
BCS,D,20231113,000000,28.9,28.9,28.1,28.6,5968,0
BCS,D,20231114,000000,28.6,28.6,27.3,27.9,7973,0
BCS,D,20231115,000000,27.9,27.9,26.4,26.9,2210,0
BCS,D,20231116,000000,26.8,26.8,26.3,26.7,2300,0
BCS,D,20231117,000000,26.7,26.7,26.1,26.1,1167,0
BCS,D,20231120,000000,24.2,25.8,24,25.4,18267,0
BCS,D,20231121,000000,25.3,25.4,24.8,24.8,12411,0
BCS,D,20231122,000000,25,25,23.8,24.1,15724,0
BCS,D,20231123,000000,24,24.3,23.4,23.4,10060,0
BCS,D,20231124,000000,23.1,23.1,21.9,22.2,13249,0
BCS,D,20231127,000000,22,22.1,21,21.3,14960,0
BCS,D,20231128,000000,21,21.6,20.2,20.6,3530,0
BCS,D,20231129,000000,20.5,23.9,20.5,23.7,18786,0
BCS,D,20231130,000000,23.1,23.7,22.5,23,7256,0
BCS,D,20231201,000000,23,24,23,24,2157,0
BCS,D,20231204,000000,23,23,22,22.7,3722,0
BCS,D,20231205,000000,22.8,22.8,22,22.8,3318,0
BCS,D,20231206,000000,22.3,22.6,22,22.1,3636,0
BCS,D,20231207,000000,22,22.2,21.4,21.5,1485,0
BCS,D,20231208,000000,21.8,21.9,21.4,21.7,1871,0
BCS,D,20231211,000000,20.6,22,19.9,22,35713,0
BCS,D,20231212,000000,22,22,21,21.3,18065,0
BCS,D,20231213,000000,21.3,21.3,20.3,20.4,9422,0
BCS,D,20231214,000000,20.8,20.8,20.3,20.5,6531,0
BCS,D,20231215,000000,20.9,22.5,20.6,22.2,12752,0
BCS,D,20231218,000000,22.8,22.8,21.1,21.4,5263,0
BCS,D,20231219,000000,21.4,21.5,21.2,21.5,3425,0
BCS,D,20231220,000000,21.4,21.4,21,21,2815,0
BCS,D,20231221,000000,20.8,21.3,20.7,21.1,9529,0
BCS,D,20231222,000000,21.1,21.1,20.3,20.6,12672,0
BCS,D,20231227,000000,20.7,21.7,20.6,21.3,16789,0
BCS,D,20231228,000000,21.5,22.8,21.2,22.7,7444,0
BCS,D,20231229,000000,22.5,23.5,22.4,23.5,3654,0
BCS,D,20240102,000000,23.6,26,23.6,25.8,15105,0
BCS,D,20240103,000000,25.8,26.4,24.1,24.8,7924,0
BCS,D,20240104,000000,24.4,24.7,23.8,24.6,4143,0
BCS,D,20240105,000000,24.6,24.6,23.2,23.9,3881,0
BCS,D,20240108,000000,23.9,24.3,23,23.8,28810,0
BCS,D,20240109,000000,23.8,23.8,22.7,23,4083,0
BCS,D,20240110,000000,23,23,21.5,21.7,6463,0
BCS,D,20240111,000000,21.9,22,20.6,21.1,12581,0
BCS,D,20240112,000000,21.1,21.6,20.3,20.6,17976,0
BCS,D,20240115,000000,20.6,20.9,20.3,20.8,3153,0
BCS,D,20240116,000000,20.9,21,20.1,20.7,4690,0
BCS,D,20240117,000000,20.4,20.9,20.4,20.9,1498,0
BCS,D,20240118,000000,20.8,22,20.5,21.8,4750,0
BCS,D,20240119,000000,22,22.3,21.3,21.9,3254,0
BCS,D,20240122,000000,22.2,22.6,21.7,22,3096,0
BCS,D,20240123,000000,22.4,22.4,22.1,22.1,1016,0
BCS,D,20240124,000000,22.3,22.4,21.9,22.4,2054,0
BCS,D,20240125,000000,22.5,22.6,21.5,22.5,2673,0
BCS,D,20240126,000000,21.5,22,21.5,22,937,0
BCS,D,20240129,000000,21.9,22.6,21.9,22.4,1279,0
BCS,D,20240130,000000,22.8,22.8,22.2,22.8,1292,0
BCS,D,20240131,000000,22.7,22.8,22.3,22.4,1046,0
BCS,D,20240201,000000,22.8,22.8,22,22.3,1816,0
BCS,D,20240202,000000,22.7,23.1,22.7,22.8,3628,0
BCS,D,20240205,000000,23.1,23.4,22.8,22.8,3209,0
BCS,D,20240206,000000,23,23,22.6,22.9,836,0
BCS,D,20240207,000000,22.9,23,22.7,22.8,296,0
BCS,D,20240208,000000,22.8,23.4,22.7,23.4,1687,0
BCS,D,20240209,000000,23.3,23.3,23,23.3,1270,0
BCS,D,20240212,000000,23,23.4,22.2,22.9,1794,0
BCS,D,20240213,000000,22.9,23,22,22,1074,0
BCS,D,20240214,000000,22,22.8,22,22.6,730,0
BCS,D,20240215,000000,22.6,22.6,22,22.5,1705,0
BCS,D,20240216,000000,22.5,22.5,22,22.2,1165,0
BCS,D,20240219,000000,22,22.7,22,22.4,798,0
BCS,D,20240220,000000,22.7,22.7,22.2,22.7,1613,0
BCS,D,20240221,000000,22.3,22.7,22.3,22.6,5405,0
BCS,D,20240222,000000,22.4,23,22.4,23,2916,0
BCS,D,20240223,000000,22.4,23.2,22.4,23,1093,0
BCS,D,20240226,000000,23,23,22.5,23,1144,0
BCS,D,20240227,000000,22.9,22.9,22.3,22.8,1340,0
BCS,D,20240228,000000,22.3,22.8,22.2,22.8,1689,0
BCS,D,20240229,000000,22.8,22.8,22,22,1307,0
BCS,D,20240301,000000,22.1,22.2,21.2,21.8,3332,0
BCS,D,20240304,000000,21.8,22,21.1,21.8,786,0
BCS,D,20240305,000000,21,21.4,20.5,21,3943,0
BCS,D,20240306,000000,21,21.5,20.7,21.2,1139,0
BCS,D,20240307,000000,21.3,21.3,20.8,21.2,2212,0
BCS,D,20240308,000000,21,21.2,21,21,1853,0
BCS,D,20240311,000000,20.8,21,20,20.5,3201,0
BCS,D,20240312,000000,20.6,20.6,20,20.4,1651,0
BCS,D,20240313,000000,20.6,21,20.2,20.2,2396,0
BCS,D,20240314,000000,20.2,21,20.1,21,1096,0
BCS,D,20240315,000000,20.7,20.9,20,20.6,1861,0
