<TICKER>,<PER>,<DATE>,<TIME>,<OPEN>,<HIGH>,<LOW>,<CLOSE>,<VOL>,<OPENINT>
CRJ,D,20180806,000000,90.6927,103.389,81.6235,89.5863,36452.74521490823,0
CRJ,D,20180807,000000,89.5138,93.7763,84.3442,84.5256,5337.80216531672,0
CRJ,D,20180808,000000,85.9767,89.6861,82.4488,88.4164,2713.5573494824307,0
CRJ,D,20180809,000000,89.6951,89.6951,83.4373,83.4373,1785.148049090636,0
CRJ,D,20180810,000000,83.528,83.7095,76.1819,79.7189,2235.0185889479426,0
CRJ,D,20180813,000000,76.1819,86.1581,74.368,83.4373,1306.609288556148,0
CRJ,D,20180814,000000,84.3442,89.3324,83.4373,85.2512,806.0180505776744,0
CRJ,D,20180816,000000,89.3324,101.122,89.3324,97.0417,6139.409720405597,0
CRJ,D,20180817,000000,99.762,110.645,97.0417,106.564,3742.30542224436,0
CRJ,D,20180820,000000,107.924,112.459,104.297,104.297,1952.7468776649266,0
CRJ,D,20180821,000000,103.843,104.751,97.0417,101.576,2190.9136340599716,0
CRJ,D,20180822,000000,99.762,102.482,96.1346,100.669,2151.2191746607973,0
CRJ,D,20180823,000000,97.9478,102.482,96.1346,98.8549,778.4524537726924,0
CRJ,D,20180824,000000,96.1346,98.7639,93.4135,98.7639,404.66296109713613,0
CRJ,D,20180827,000000,100.578,100.578,88.0626,93.4135,3157.914769978741,0
CRJ,D,20180828,000000,96.1346,97.0417,90.6927,92.5066,4312.3619641713885,0
CRJ,D,20180829,000000,90.6927,107.018,84.4349,88.8789,26584.261558724666,0
CRJ,D,20180830,000000,87.7906,87.9719,74.8216,77.1795,17496.43560405819,0
CRJ,D,20180831,000000,78.7213,83.8908,68.4821,79.8096,10810.124443041752,0
CRJ,D,20180903,000000,95.2275,114.273,92.5066,107.924,25309.6283624623,0
CRJ,D,20180904,000000,109.738,147.829,107.018,127.877,32728.08177461906,0
CRJ,D,20180905,000000,126.879,140.574,118.898,126.97,14349.547072801444,0
CRJ,D,20180906,000000,126.988,134.225,117.901,124.249,7436.0953941119515,0
CRJ,D,20180907,000000,125.156,131.505,120.621,131.505,4117.197538792116,0
CRJ,D,20180910,000000,139.666,144.202,133.319,140.846,4429.240094624512,0
CRJ,D,20180911,000000,144.202,168.689,137.853,163.972,8818.785729849851,0
CRJ,D,20180912,000000,158.713,161.343,151.457,154.178,3451.2127199837496,0
CRJ,D,20180913,000000,152.364,158.713,137.853,150.55,5153.66397865944,0
CRJ,D,20180914,000000,150.55,153.271,143.295,152.817,2048.6751545462644,0
CRJ,D,20180917,000000,146.922,151.457,143.748,146.922,2207.4529921429607,0
CRJ,D,20180918,000000,149.644,149.644,140.774,147.375,2035.4436680798729,0
CRJ,D,20180919,000000,147.829,175.943,147.829,167.782,9290.708747151142,0
CRJ,D,20180920,000000,167.782,176.833,163.338,165.967,959.2827688133746,0
CRJ,D,20180921,000000,163.338,167.782,158.713,161.433,1006.6955953179436,0
CRJ,D,20180924,000000,163.247,166.874,161.433,163.247,713.3976453129347,0
CRJ,D,20180925,000000,163.247,176.833,163.247,175.037,1722.298488375277,0
CRJ,D,20180926,000000,172.316,176.851,167.782,176.797,427.818062413321,0
CRJ,D,20180927,000000,176.851,176.851,168.689,175.037,513.822724444865,0
CRJ,D,20180928,000000,168.689,169.958,164.172,167.782,627.3929832813909,0
CRJ,D,20181001,000000,163.247,163.247,149.644,149.644,2517.2903002309586,0
CRJ,D,20181002,000000,152.364,161.433,152.364,155.538,641.7270936199816,0
CRJ,D,20181003,000000,154.178,157.805,149.644,155.991,415.68919981912893,0
CRJ,D,20181004,000000,154.178,156.898,149.644,155.991,262.42448158342887,0
CRJ,D,20181005,000000,149.644,154.631,147.829,149.644,991.2588611071537,0
CRJ,D,20181008,000000,155.084,155.084,141.481,149.625,562.3381748216334,0
CRJ,D,20181009,000000,146.469,147.829,138.034,147.829,768.5288389228988,0
CRJ,D,20181010,000000,145.108,165.061,145.108,160.254,6953.146138088667,0
CRJ,D,20181011,000000,163.247,163.247,147.847,152.364,1445.5398964532574,0
CRJ,D,20181012,000000,144.202,158.713,138.306,158.713,1105.931743815879,0
CRJ,D,20181015,000000,158.713,158.713,152.364,154.178,230.44838928964973,0
CRJ,D,20181016,000000,154.178,154.178,142.388,145.108,786.1708208780874,0
CRJ,D,20181017,000000,146.015,154.178,140.574,140.665,487.3597515120822,0
CRJ,D,20181018,000000,149.099,156.898,140.756,155.991,1261.4017097959775,0
CRJ,D,20181019,000000,155.991,156.898,146.922,154.087,1302.198793067351,0
CRJ,D,20181022,000000,146.469,154.178,140.047,145.29,5582.58466494496,0
CRJ,D,20181023,000000,147.829,149.644,140.12,141.136,1623.0623398773416,0
CRJ,D,20181024,000000,140.12,144.202,136.946,139.213,1207.3731400582128,0
CRJ,D,20181025,000000,136.674,136.674,127.877,131.596,1387.1008312266956,0
CRJ,D,20181026,000000,135.132,135.132,121.528,127.061,1760.890323902252,0
CRJ,D,20181029,000000,123.343,128.693,121.546,124.703,427.818062413321,0
CRJ,D,20181030,000000,123.343,126.063,116.45,120.621,776.2472060282938,0
CRJ,D,20181031,000000,120.621,126.97,119.714,126.97,692.4477917411485,0
CRJ,D,20181102,000000,119.75,136.13,119.75,136.039,701.2687827187427,0
CRJ,D,20181105,000000,136.946,144.564,133.337,133.772,316.45305132119364,0
CRJ,D,20181106,000000,132.412,145.562,127.061,141.771,1872.2553349943794,0
CRJ,D,20181107,000000,151.457,155.084,140.574,140.574,1358.4326105495143,0
CRJ,D,20181108,000000,140.574,145.108,136.946,136.946,771.8367105394967,0
CRJ,D,20181109,000000,136.946,154.087,115.18,131.505,830.2757757660586,0
CRJ,D,20181113,000000,122.436,146.741,122.436,126.988,736.5527466291198,0
CRJ,D,20181114,000000,125.156,140.211,125.156,132.412,132.31486466391374,0
CRJ,D,20181115,000000,132.412,132.412,127.877,127.877,753.092104712109,0
CRJ,D,20181116,000000,128.421,128.421,120.621,126.97,672.6005620415615,0
CRJ,D,20181119,000000,126.063,127.877,122.436,127.877,399.1498417361397,0
CRJ,D,20181120,000000,127.877,128.058,122.454,122.49,658.2664517029707,0
CRJ,D,20181121,000000,125.156,126.063,122.436,123.433,534.7725780166513,0
CRJ,D,20181122,000000,122.526,126.97,121.528,126.063,231.55101316184903,0
CRJ,D,20181123,000000,125.7,131.505,124.34,126.063,190.75392989047563,0
CRJ,D,20181126,000000,127.877,141.934,127.877,135.132,501.6938618506729,0
CRJ,D,20181127,000000,134.225,140.574,132.412,132.412,447.6652921129081,0
CRJ,D,20181128,000000,132.049,136.039,132.049,134.225,309.837308087998,0
CRJ,D,20181129,000000,137.853,143.295,137.853,143.295,475.2308889178901,0
CRJ,D,20181130,000000,144.202,144.202,137.853,137.853,202.8827924846677,0
CRJ,D,20181203,000000,143.204,143.204,134.225,139.757,530.3620825278542,0
CRJ,D,20181204,000000,139.358,139.358,133.772,133.772,69.4653039485547,0
CRJ,D,20181205,000000,133.772,136.039,132.412,134.135,160.98308534109503,0
CRJ,D,20181206,000000,136.039,136.039,129.69,129.69,295.5031977494073,0
CRJ,D,20181207,000000,130.597,130.688,126.97,129.69,521.5410915502599,0
CRJ,D,20181210,000000,129.69,131.505,124.34,130.597,173.11194793528713,0
CRJ,D,20181211,000000,129.69,136.039,129.69,129.708,191.8565537626749,0
CRJ,D,20181212,000000,129.708,132.412,128.783,132.412,100.33877237013458,0
CRJ,D,20181213,000000,127.877,135.477,127.877,135.477,12.128862594192091,0
CRJ,D,20181214,000000,135.386,136.946,133.319,133.319,189.65130601827636,0
CRJ,D,20181217,000000,133.319,135.132,128.783,135.132,177.52244342408426,0
CRJ,D,20181219,000000,129.69,133.319,129.69,133.319,104.7492678589317,0
CRJ,D,20181220,000000,128.783,134.225,128.783,128.783,156.5725898522979,0
CRJ,D,20181221,000000,128.783,133.319,120.712,127.877,173.11194793528713,0
CRJ,D,20181227,000000,126.97,127.877,120.621,120.621,335.19765714858147,0
CRJ,D,20181228,000000,127.605,127.877,127.605,127.877,132.31486466391374,0
CRJ,D,20190102,000000,128.765,144.202,128.765,135.114,395.84197011954194,0
CRJ,D,20190103,000000,135.132,135.132,134.225,134.225,12.128862594192091,0
CRJ,D,20190104,000000,134.316,134.316,134.225,134.225,115.77550658092451,0
CRJ,D,20190107,000000,134.679,134.679,133.319,134.679,138.9306078971094,0
CRJ,D,20190108,000000,134.679,136.039,131.505,134.225,314.2478035767951,0
CRJ,D,20190109,000000,134.225,134.225,130.597,130.597,320.8635468099908,0
CRJ,D,20190110,000000,129.781,134.189,129.69,134.189,72.77317556515256,0
CRJ,D,20190111,000000,134.189,142.388,134.189,137.853,296.60582162160665,0
CRJ,D,20190114,000000,134.407,134.407,132.412,134.407,26.462972932782744,0
CRJ,D,20190115,000000,132.502,135.132,129.69,135.132,169.80407631868928,0
CRJ,D,20190116,000000,135.586,135.586,132.412,132.412,248.09037124483825,0
CRJ,D,20190117,000000,133.319,135.767,132.412,133.319,661.5743233195686,0
CRJ,D,20190118,000000,132.502,135.132,130.597,132.412,140.0332317693087,0
CRJ,D,20190121,000000,129.69,134.225,129.69,134.225,94.82565300913818,0
CRJ,D,20190122,000000,134.225,142.388,133.319,138.76,452.07578760170526,0
CRJ,D,20190123,000000,138.669,146.469,135.132,142.932,414.58657594692966,0
CRJ,D,20190124,000000,143.204,155.538,143.204,154.16,481.8466321510858,0
CRJ,D,20190125,000000,154.16,169.596,145.108,162.34,735.4501227569205,0
CRJ,D,20190128,000000,163.156,163.156,156.898,156.898,151.0594704913015,0
CRJ,D,20190129,000000,155.084,156.898,149.825,150.097,471.92301730129225,0
CRJ,D,20190130,000000,153.271,162.34,151.094,155.991,404.66296109713613,0
CRJ,D,20190131,000000,155.991,158.713,151.457,151.911,146.6489750025044,0
CRJ,D,20190201,000000,155.991,158.713,154.178,154.196,78.28629492614895,0
CRJ,D,20190204,000000,155.084,167.274,155.084,167.274,503.8991095950714,0
CRJ,D,20190205,000000,167.782,169.414,163.247,164.789,58.439065226561894,0
CRJ,D,20190206,000000,165.061,167.782,161.433,163.247,327.47929004318644,0
CRJ,D,20190207,000000,158.713,162.159,142.841,153.271,243.6798757560411,0
CRJ,D,20190208,000000,153.361,162.159,153.361,153.361,40.7970832713734,0
CRJ,D,20190211,000000,147.829,169.505,147.103,163.247,989.0536133627551,0
CRJ,D,20190212,000000,166.239,172.316,159.801,159.801,350.63439135937136,0
CRJ,D,20190213,000000,154.722,165.061,154.722,163.247,131.21224079171444,0
CRJ,D,20190214,000000,161.433,164.607,161.433,163.247,40.7970832713734,0
CRJ,D,20190215,000000,158.713,158.713,157.805,158.622,76.08104718175039,0
CRJ,D,20190218,000000,159.62,159.62,153.271,159.62,33.078716165978435,0
CRJ,D,20190219,000000,159.62,167.274,158.713,158.713,287.78483064401235,0
CRJ,D,20190220,000000,158.713,163.247,158.713,158.713,126.80174530291733,0
CRJ,D,20190221,000000,157.352,163.247,156.898,163.247,235.96150865064612,0
CRJ,D,20190222,000000,159.62,165.061,156.898,160.526,63.9521845875583,0
CRJ,D,20190225,000000,163.247,163.247,158.713,158.713,115.77550658092451,0
CRJ,D,20190226,000000,161.433,165.061,161.433,165.061,113.57025883652595,0
CRJ,D,20190227,000000,159.166,163.247,159.166,163.247,8.82099097759425,0
CRJ,D,20190228,000000,163.247,166.874,163.247,166.874,242.57725188384185,0
CRJ,D,20190301,000000,163.428,164.154,159.62,159.62,72.77317556515256,0
CRJ,D,20190304,000000,163.156,163.247,160.073,160.073,159.88046146889576,0
CRJ,D,20190305,000000,161.433,175.037,157.805,162.34,993.4641088515523,0
CRJ,D,20190306,000000,164.154,168.326,158.713,162.34,518.2332199336621,0
CRJ,D,20190307,000000,163.156,168.87,159.076,163.247,922.8961810307982,0
CRJ,D,20190308,000000,163.7,163.7,156.898,158.713,1064.0320366723063,0
CRJ,D,20190311,000000,157.805,162.884,157.805,158.713,130.10961691951516,0
CRJ,D,20190312,000000,162.286,166.82,131.505,147.847,3584.6302085198627,0
CRJ,D,20190313,000000,146.015,149.444,146.015,146.015,498.38599023407505,0
CRJ,D,20190314,000000,147.738,150.097,147.738,149.644,183.03556278508066,0
CRJ,D,20190315,000000,149.189,161.433,149.189,161.433,430.0233101577196,0
CRJ,D,20190318,000000,161.415,161.415,155.084,158.713,104.7492678589317,0
CRJ,D,20190319,000000,161.234,161.252,155.266,155.266,36.38658778257628,0
CRJ,D,20190320,000000,155.538,161.343,155.538,161.343,88.20990977594249,0
CRJ,D,20190321,000000,156.173,156.173,154.178,154.178,132.31486466391374,0
CRJ,D,20190322,000000,154.214,154.214,154.214,154.214,219.42215056765693,0
CRJ,D,20190325,000000,154.178,157.805,152.364,152.727,90.41515752034104,0
CRJ,D,20190326,000000,152.944,158.713,152.944,154.178,78.28629492614895,0
CRJ,D,20190327,000000,155.991,157.805,154.214,157.533,56.23381748216333,0
CRJ,D,20190328,000000,154.178,154.178,151.004,154.178,1200.757396825017,0
CRJ,D,20190329,000000,154.178,154.178,150.55,153.271,174.2145718074864,0
CRJ,D,20190401,000000,150.55,156.898,150.55,155.991,317.5556751933929,0
CRJ,D,20190402,000000,155.991,161.433,154.178,155.084,682.524176891355,0
CRJ,D,20190403,000000,156.898,157.805,155.084,155.084,326.3766661709872,0
CRJ,D,20190404,000000,154.178,157.442,149.644,157.442,674.80580978596,0
CRJ,D,20190405,000000,157.261,188.641,157.261,172.135,1662.7567992765157,0
CRJ,D,20190408,000000,165.967,167.782,159.62,163.247,188.54868214607706,0
CRJ,D,20190409,000000,166.693,166.693,165.967,165.967,49.61807424896765,0
CRJ,D,20190410,000000,164.335,164.335,164.154,164.154,74.9784233095511,0
CRJ,D,20190411,000000,164.154,164.154,157.079,163.247,254.70611447803392,0
CRJ,D,20190412,000000,160.526,160.526,154.178,160.526,893.1253364814177,0
CRJ,D,20190415,000000,156.898,156.898,151.457,153.271,401.3550894805383,0
CRJ,D,20190416,000000,153.271,154.178,151.457,154.178,61.74693684315974,0
CRJ,D,20190417,000000,152.364,152.364,152.364,152.364,35.283963910377,0
CRJ,D,20190418,000000,153.271,153.271,149.644,150.188,240.37200413944328,0
CRJ,D,20190423,000000,150.913,154.178,150.55,154.178,216.11427895105908,0
CRJ,D,20190424,000000,152.908,153.996,149.644,153.996,304.32418872700157,0
CRJ,D,20190425,000000,149.825,149.825,146.197,149.644,439.94692500751313,0
CRJ,D,20190426,000000,151.457,151.457,149.644,150.55,22.052477443985623,0
CRJ,D,20190429,000000,147.829,151.457,147.829,150.55,131.21224079171444,0
CRJ,D,20190430,000000,149.099,150.55,147.829,149.644,271.2454725610231,0
CRJ,D,20190502,000000,148.736,152.364,148.736,150.55,168.70145244649,0
CRJ,D,20190506,000000,152.364,156.898,150.913,156.898,220.52477443985623,0
CRJ,D,20190507,000000,160.345,160.708,152.364,152.364,442.15217275191173,0
CRJ,D,20190508,000000,157.986,158.35,151.457,154.178,245.88512350043968,0
CRJ,D,20190509,000000,154.178,154.178,151.457,151.457,151.0594704913015,0
CRJ,D,20190510,000000,154.178,156.717,151.457,151.457,715.6028930573334,0
CRJ,D,20190513,000000,152.364,153.634,152.364,153.634,115.77550658092451,0
CRJ,D,20190514,000000,153.634,153.634,149.28,153.271,475.2308889178901,0
CRJ,D,20190515,000000,153.996,153.996,150.006,150.006,320.8635468099908,0
CRJ,D,20190516,000000,153.089,153.996,151.639,151.82,517.1305960614628,0
CRJ,D,20190517,000000,153.271,153.996,152.364,153.089,332.99240940418287,0
CRJ,D,20190520,000000,153.996,154.178,150.55,152.364,973.6168791519651,0
CRJ,D,20190521,000000,152.364,152.364,147.285,147.285,637.3165981311845,0
CRJ,D,20190522,000000,147.285,149.644,147.285,149.644,110.26238721992812,0
CRJ,D,20190523,000000,149.644,149.644,146.922,149.644,286.68220677181307,0
CRJ,D,20190524,000000,149.644,151.457,140.574,147.285,836.8915189992543,0
CRJ,D,20190527,000000,147.647,147.829,142.388,145.108,336.30028102078074,0
CRJ,D,20190528,000000,145.108,147.103,143.295,145.108,577.7749090324232,0
CRJ,D,20190529,000000,144.202,145.652,140.574,144.02,309.837308087998,0
CRJ,D,20190530,000000,144.927,145.108,140.756,144.202,70.567927820754,0
CRJ,D,20190531,000000,142.388,145.108,134.225,142.388,172.00932406308783,0
CRJ,D,20190603,000000,145.108,146.922,145.108,145.108,202.8827924846677,0
CRJ,D,20190604,000000,145.108,145.108,138.76,142.388,407.970832713734,0
CRJ,D,20190605,000000,145.108,145.108,140.574,140.574,178.62506729628353,0
CRJ,D,20190606,000000,138.76,145.108,138.76,145.108,71.67055169295327,0
CRJ,D,20190607,000000,145.108,148.554,138.76,140.574,1727.8116077362733,0
CRJ,D,20190610,000000,139.666,139.666,121.528,137.49,2161.142789510591,0
CRJ,D,20190611,000000,135.676,140.211,135.676,137.853,170.90670019088856,0
CRJ,D,20190612,000000,140.211,146.015,136.402,142.388,289.9900783884109,0
CRJ,D,20190613,000000,144.564,145.108,140.574,140.574,127.9043691751166,0
CRJ,D,20190614,000000,143.295,143.295,137.853,140.211,29.770844549380588,0
CRJ,D,20190617,000000,137.853,141.481,137.853,141.481,60.64431297096046,0
CRJ,D,20190618,000000,137.853,152.364,137.853,148.736,226.03789380085263,0
CRJ,D,20190619,000000,147.829,147.829,139.666,145.108,195.16442537927276,0
CRJ,D,20190621,000000,145.108,146.922,145.108,146.922,16.539358082989217,0
CRJ,D,20190624,000000,139.122,147.829,139.122,146.015,813.7364176830695,0
CRJ,D,20190625,000000,146.015,146.015,142.388,143.295,63.9521845875583,0
CRJ,D,20190626,000000,142.388,143.295,142.388,143.295,142.23847951370723,0
CRJ,D,20190627,000000,143.295,143.295,143.295,143.295,71.67055169295327,0
CRJ,D,20190628,000000,145.108,145.108,143.295,145.108,100.33877237013458,0
CRJ,D,20190701,000000,145.108,170.503,145.108,159.62,2024.4174293578799,0
CRJ,D,20190702,000000,163.066,165.786,162.703,163.247,383.7131075253498,0
CRJ,D,20190703,000000,161.433,165.967,161.433,165.061,288.8874545162116,0
CRJ,D,20190704,000000,165.061,165.967,165.061,165.967,218.31952669545765,0
CRJ,D,20190705,000000,165.967,165.967,165.786,165.786,198.4722969958706,0
CRJ,D,20190708,000000,165.786,165.786,163.247,164.879,271.2454725610231,0
CRJ,D,20190709,000000,162.159,164.154,161.433,164.154,94.82565300913818,0
CRJ,D,20190710,000000,163.247,163.247,162.34,162.34,78.28629492614895,0
CRJ,D,20190711,000000,162.34,162.34,161.433,161.615,174.2145718074864,0
CRJ,D,20190712,000000,161.796,162.159,158.713,162.159,169.80407631868928,0
CRJ,D,20190715,000000,162.34,162.34,159.62,162.34,186.34343440167848,0
CRJ,D,20190716,000000,163.066,163.247,157.805,157.805,1356.2273628051157,0
CRJ,D,20190717,000000,162.34,164.154,155.991,161.796,387.02097914194763,0
CRJ,D,20190718,000000,161.796,162.34,158.713,158.713,94.82565300913818,0
CRJ,D,20190719,000000,163.066,163.247,160.526,163.066,251.39824286143607,0
CRJ,D,20190722,000000,163.247,163.247,158.894,158.894,22.052477443985623,0
CRJ,D,20190723,000000,159.076,162.34,159.076,162.34,8.82099097759425,0
CRJ,D,20190724,000000,163.066,165.967,163.066,165.967,254.70611447803392,0
CRJ,D,20190725,000000,162.703,194.99,162.703,190.001,1859.0238485279879,0
CRJ,D,20190726,000000,183.653,192.268,180.479,181.385,1690.3223960814978,0
CRJ,D,20190729,000000,181.385,192.268,181.385,189.548,380.405235908752,0
CRJ,D,20190730,000000,187.734,190.455,181.385,181.385,2000.1597041694959,0
CRJ,D,20190731,000000,185.921,189.548,185.921,189.548,122.39124981412019,0
CRJ,D,20190801,000000,188.641,188.641,181.385,185.921,186.34343440167848,0
CRJ,D,20190802,000000,185.921,185.921,185.921,185.921,17.6419819551885,0
CRJ,D,20190805,000000,181.385,184.106,176.851,181.385,452.07578760170526,0
CRJ,D,20190806,000000,181.204,185.013,174.311,185.013,101.44139624233385,0
CRJ,D,20190807,000000,186.827,190.455,172.316,184.106,747.5789853511126,0
CRJ,D,20190808,000000,181.385,186.374,181.385,182.292,829.1731518938593,0
CRJ,D,20190809,000000,185.013,197.71,185.013,197.71,822.5574086606637,0
CRJ,D,20190812,000000,198.164,219.476,197.71,211.314,1101.5212483270818,0
CRJ,D,20190813,000000,212.221,217.663,208.593,208.593,309.837308087998,0
CRJ,D,20190814,000000,210.407,214.942,210.407,211.314,137.82798402491014,0
CRJ,D,20190816,000000,211.314,219.476,211.314,219.476,194.06180150707345,0
CRJ,D,20190819,000000,218.569,218.569,211.314,214.942,1023.2349534009328,0
CRJ,D,20190820,000000,214.942,217.663,194.536,207.686,524.8489631668577,0
CRJ,D,20190821,000000,204.059,214.489,204.059,211.314,486.2571276398829,0
CRJ,D,20190822,000000,213.128,223.105,211.314,223.105,151.0594704913015,0
CRJ,D,20190823,000000,222.198,224.918,204.059,215.849,855.636124826642,0
CRJ,D,20190826,000000,208.14,208.593,175.037,184.106,3452.315343855949,0
CRJ,D,20190827,000000,181.385,193.629,177.758,185.921,3163.4278893397372,0
CRJ,D,20190828,000000,186.827,188.641,180.479,186.827,1455.463511303051,0
CRJ,D,20190829,000000,185.467,189.548,179.572,188.641,2533.8296583139477,0
CRJ,D,20190830,000000,189.548,201.338,187.734,198.617,2133.577192705609,0
CRJ,D,20190902,000000,198.617,202.244,185.013,190.001,3602.272190475051,0
CRJ,D,20190903,000000,185.013,198.617,184.106,186.374,2563.600502863328,0
CRJ,D,20190904,000000,186.827,196.804,186.374,192.268,2252.660570903131,0
CRJ,D,20190905,000000,193.175,208.593,183.199,203.151,5401.754349904278,0
CRJ,D,20190906,000000,195.897,199.524,189.548,195.897,2528.3165389529518,0
CRJ,D,20190909,000000,208.593,215.849,205.419,210.407,2151.2191746607973,0
CRJ,D,20190910,000000,212.221,212.221,187.281,192.722,2002.3649519138942,0
CRJ,D,20190911,000000,190.455,197.71,182.746,187.734,1830.3556278508065,0
CRJ,D,20190912,000000,184.106,184.106,163.247,166.693,6482.3257446595735,0
CRJ,D,20190913,000000,170.503,179.39,167.419,176.851,2489.7247034259767,0
CRJ,D,20190916,000000,178.665,182.292,169.414,174.13,1323.1486466391373,0
CRJ,D,20190917,000000,169.596,176.851,166.693,172.316,749.7842330955111,0
CRJ,D,20190918,000000,169.596,175.037,162.34,174.493,1984.722969958706,0
CRJ,D,20190919,000000,174.13,176.488,169.596,171.409,297.70844549380587,0
CRJ,D,20190920,000000,174.13,174.13,165.967,171.409,635.1113503867858,0
CRJ,D,20190923,000000,174.13,174.13,171.409,172.316,438.84430113531386,0
CRJ,D,20190924,000000,172.135,172.316,167.782,170.503,224.93526992865333,0
CRJ,D,20190925,000000,169.596,170.503,162.34,167.601,834.6862712548557,0
CRJ,D,20190926,000000,163.247,171.409,163.247,170.503,405.7655849693354,0
CRJ,D,20190927,000000,170.503,172.316,165.061,171.228,402.4577133527376,0
CRJ,D,20190930,000000,170.503,178.484,165.061,168.689,1018.8244579121357,0
CRJ,D,20191001,000000,169.596,171.228,165.967,169.958,320.8635468099908,0
CRJ,D,20191002,000000,165.967,169.233,159.62,162.703,382.61048365315054,0
CRJ,D,20191003,000000,161.252,169.596,159.62,168.689,1416.8716757760762,0
CRJ,D,20191004,000000,169.596,171.591,167.782,168.689,308.7346842157987,0
CRJ,D,20191007,000000,170.503,172.316,168.87,168.87,265.73235320002675,0
CRJ,D,20191008,000000,172.135,178.121,169.596,176.488,584.390652265619,0
CRJ,D,20191009,000000,176.851,185.013,176.851,180.841,1425.6926667536702,0
CRJ,D,20191010,000000,180.841,185.467,180.841,184.106,712.2950214407355,0
CRJ,D,20191011,000000,185.921,187.734,185.921,187.281,459.7941547071002,0
CRJ,D,20191014,000000,189.548,193.175,188.188,189.548,548.0040644830427,0
CRJ,D,20191015,000000,190.455,192.268,183.653,188.641,529.259458655655,0
CRJ,D,20191016,000000,185.013,189.094,185.013,188.188,147.75159887470366,0
CRJ,D,20191017,000000,185.921,187.734,179.572,184.559,517.1305960614628,0
CRJ,D,20191018,000000,181.385,181.385,177.758,181.385,475.2308889178901,0
CRJ,D,20191021,000000,177.758,184.106,177.758,184.106,224.93526992865333,0
CRJ,D,20191022,000000,184.106,192.268,182.292,185.921,647.240212980978,0
CRJ,D,20191023,000000,185.921,185.921,175.218,175.218,1097.1107528382847,0
CRJ,D,20191024,000000,178.665,180.479,172.679,180.479,179.7276911684828,0
CRJ,D,20191025,000000,181.385,188.641,181.385,186.827,1113.6501109212738,0
CRJ,D,20191028,000000,185.921,187.734,175.943,184.559,566.7486703104304,0
CRJ,D,20191029,000000,183.653,183.653,174.13,175.037,688.0372962523513,0
CRJ,D,20191030,000000,172.316,172.316,165.242,167.782,1349.61161957192,0
CRJ,D,20191031,000000,169.596,169.596,163.247,168.689,495.0781186174772,0
CRJ,D,20191104,000000,169.596,169.596,163.247,168.689,952.6670255801788,0
CRJ,D,20191105,000000,168.689,168.689,156.354,158.713,1832.560875595205,0
CRJ,D,20191106,000000,156.354,170.503,156.354,165.061,727.7317556515255,0
CRJ,D,20191107,000000,170.865,170.865,150.188,166.693,1985.8255938309053,0
CRJ,D,20191108,000000,166.693,167.419,163.428,166.874,401.3550894805383,0
CRJ,D,20191112,000000,166.693,166.693,163.247,165.061,304.32418872700157,0
CRJ,D,20191113,000000,164.154,164.154,161.433,162.159,441.04954887971246,0
CRJ,D,20191114,000000,159.801,163.247,157.079,160.526,518.2332199336621,0
CRJ,D,20191115,000000,163.066,163.066,154.178,157.805,556.8250554606369,0
CRJ,D,20191118,000000,154.178,157.805,144.202,152.364,2053.0856500350615,0
CRJ,D,20191119,000000,150.55,160.345,150.55,152.364,639.521845875583,0
CRJ,D,20191120,000000,152.364,155.991,145.108,147.103,815.941665427468,0
CRJ,D,20191121,000000,148.736,155.991,148.736,155.991,406.86820884153474,0
CRJ,D,20191122,000000,157.624,165.967,157.624,165.786,553.5171838440391,0
CRJ,D,20191125,000000,166.693,167.419,163.247,167.419,187.44605827387778,0
CRJ,D,20191126,000000,166.149,166.33,137.309,164.154,754.1947285843082,0
CRJ,D,20191127,000000,159.62,163.972,157.805,158.713,723.3212601627283,0
CRJ,D,20191128,000000,158.713,161.433,154.178,161.433,251.39824286143607,0
CRJ,D,20191129,000000,161.252,161.252,150.006,154.178,640.6244697477823,0
CRJ,D,20191202,000000,155.084,157.805,154.178,154.178,309.837308087998,0
CRJ,D,20191203,000000,152.908,157.805,152.908,154.178,274.553344177621,0
CRJ,D,20191204,000000,157.805,161.433,154.178,155.991,312.0425558323965,0
CRJ,D,20191205,000000,155.991,158.713,153.271,158.713,349.5317674871721,0
CRJ,D,20191206,000000,158.713,163.247,158.713,163.247,254.70611447803392,0
CRJ,D,20191209,000000,163.247,163.247,158.713,163.066,63.9521845875583,0
CRJ,D,20191210,000000,158.713,162.34,158.713,162.34,45.20757876017052,0
CRJ,D,20191211,000000,161.433,161.433,155.991,160.526,238.1667563950447,0
CRJ,D,20191212,000000,160.526,163.247,154.178,161.977,410.17608045813256,0
CRJ,D,20191213,000000,158.713,161.977,157.805,161.977,68.36268007635542,0
CRJ,D,20191216,000000,158.713,159.62,156.898,159.62,571.1591657992276,0
CRJ,D,20191217,000000,163.247,165.061,157.805,165.061,946.051282346983,0
CRJ,D,20191218,000000,163.247,163.247,155.266,162.884,705.6792782075399,0
CRJ,D,20191219,000000,161.796,161.796,155.991,160.526,1240.4518562241913,0
CRJ,D,20191220,000000,158.713,159.62,152.364,155.084,1472.0028693860402,0
CRJ,D,20191223,000000,154.178,157.805,146.922,157.442,2483.108960192781,0
CRJ,D,20191227,000000,158.531,166.693,157.624,165.786,1630.7807069827368,0
CRJ,D,20191230,000000,166.511,171.409,160.708,163.247,939.4355391137875,0
CRJ,D,20200102,000000,163.247,169.596,148.01,169.596,576.672285160224,0
CRJ,D,20200103,000000,163.61,165.967,154.178,163.247,703.4740304631414,0
CRJ,D,20200107,000000,164.154,175.943,164.154,172.316,420.0996953079261,0
CRJ,D,20200108,000000,167.782,169.596,163.247,167.237,2827.127608318957,0
CRJ,D,20200109,000000,167.782,176.67,167.419,175.943,1926.283904732144,0
CRJ,D,20200110,000000,176.125,187.734,176.125,181.385,2260.3789380085263,0
CRJ,D,20200113,000000,185.013,186.827,181.385,185.013,427.818062413321,0
CRJ,D,20200114,000000,182.292,182.292,176.851,178.665,670.3953142971629,0
CRJ,D,20200115,000000,178.665,196.804,178.665,187.734,4467.831930151487,0
CRJ,D,20200116,000000,192.268,194.99,178.846,184.106,2495.237822786973,0
CRJ,D,20200117,000000,181.385,185.467,177.758,185.467,530.3620825278542,0
CRJ,D,20200120,000000,185.013,185.013,181.385,183.199,688.0372962523513,0
CRJ,D,20200121,000000,181.204,187.281,179.572,187.281,435.53642951871603,0
CRJ,D,20200122,000000,187.281,188.641,181.385,188.641,546.9014406108433,0
CRJ,D,20200123,000000,190.908,190.908,185.921,187.281,637.3165981311845,0
CRJ,D,20200124,000000,190.001,190.001,185.921,189.094,261.3218577112296,0
CRJ,D,20200127,000000,187.734,187.734,176.851,176.851,2560.2926312467307,0
CRJ,D,20200128,000000,177.758,185.013,176.851,181.385,1143.4209554706545,0
CRJ,D,20200129,000000,178.302,185.921,176.851,181.385,1956.0547492815244,0
CRJ,D,20200130,000000,185.921,185.921,173.223,173.223,2670.5550184666586,0
CRJ,D,20200131,000000,172.316,180.479,172.316,179.572,1129.086845132064,0
CRJ,D,20200203,000000,179.572,183.653,176.488,183.653,536.9778257610499,0
CRJ,D,20200204,000000,183.653,189.548,179.572,189.548,1520.5183197628087,0
CRJ,D,20200205,000000,189.548,197.71,189.548,191.362,1072.8530276499005,0
CRJ,D,20200206,000000,191.362,194.99,185.921,191.815,1103.7264960714804,0
CRJ,D,20200207,000000,191.362,191.362,185.921,189.548,181.93293891288138,0
CRJ,D,20200210,000000,188.641,188.641,185.921,185.921,460.89677857929945,0
CRJ,D,20200211,000000,188.641,190.455,188.641,190.455,618.5719923037967,0
CRJ,D,20200212,000000,192.268,192.722,185.921,185.921,271.2454725610231,0
CRJ,D,20200213,000000,185.921,192.722,185.921,192.268,391.4314746307448,0
CRJ,D,20200214,000000,185.921,190.455,179.572,190.455,1645.1148173213273,0
CRJ,D,20200217,000000,188.641,191.815,182.292,188.641,576.672285160224,0
CRJ,D,20200218,000000,185.921,190.455,185.921,190.455,178.62506729628353,0
CRJ,D,20200219,000000,190.455,203.151,189.548,199.524,1757.582452285654,0
CRJ,D,20200220,000000,199.524,201.338,194.99,194.99,217.21690282325835,0
CRJ,D,20200221,000000,196.804,207.233,196.804,205.873,1725.6063599918748,0
CRJ,D,20200224,000000,205.873,209.5,194.082,200.884,1680.3987812317043,0
CRJ,D,20200225,000000,198.617,198.617,179.572,185.921,4932.036580347384,0
CRJ,D,20200226,000000,181.385,186.374,165.967,185.921,5765.62022773004,0
CRJ,D,20200227,000000,185.467,185.467,171.228,180.297,1625.2675876217402,0
CRJ,D,20200228,000000,170.503,170.503,145.108,155.991,3871.3124152916757,0
CRJ,D,20200302,000000,164.154,172.316,150.55,163.247,2972.6739594492615,0
CRJ,D,20200303,000000,172.316,186.827,170.503,181.385,4863.673900271029,0
CRJ,D,20200304,000000,181.385,185.013,174.13,181.385,1172.0891761478358,0
CRJ,D,20200305,000000,181.385,185.921,175.399,177.577,1314.3276556615428,0
CRJ,D,20200306,000000,173.767,180.841,169.596,173.223,935.0250436249903,0
CRJ,D,20200309,000000,156.898,161.977,152.364,155.084,3836.0284513812985,0
CRJ,D,20200310,000000,163.247,167.782,158.894,158.894,495.0781186174772,0
CRJ,D,20200311,000000,163.247,163.247,136.039,136.039,4291.412110599602,0
CRJ,D,20200312,000000,118.807,136.039,98.8549,100.669,5311.339192383936,0
CRJ,D,20200313,000000,117.901,141.481,110.645,122.436,7850.681970058881,0
CRJ,D,20200316,000000,120.44,143.295,113.366,142.388,8229.984582095434,0
CRJ,D,20200317,000000,155.991,167.782,131.505,155.084,2973.776583321461,0
CRJ,D,20200318,000000,161.433,165.061,148.736,149.825,2106.0115959006266,0
CRJ,D,20200319,000000,154.178,162.34,151.457,162.34,984.643117873958,0
CRJ,D,20200320,000000,163.247,167.782,150.55,155.991,3927.546232773839,0
CRJ,D,20200323,000000,153.089,157.805,138.76,153.271,963.6932643021717,0
CRJ,D,20200324,000000,159.62,162.884,146.015,157.261,4891.239497076011,0
CRJ,D,20200325,000000,157.805,178.484,136.946,159.62,7520.997432271296,0
CRJ,D,20200326,000000,159.62,160.526,157.442,160.345,919.5883094142004,0
CRJ,D,20200327,000000,160.345,160.345,155.084,156.535,1191.9364058474227,0
CRJ,D,20200330,000000,156.535,156.535,149.644,151.457,2168.8611566159857,0
CRJ,D,20200331,000000,154.722,162.34,152.364,152.364,2818.3066173413627,0
CRJ,D,20200401,000000,160.526,168.689,155.084,165.061,1120.2658541544697,0
CRJ,D,20200402,000000,167.782,188.641,160.526,185.921,7793.345528704518,0
CRJ,D,20200403,000000,190.455,202.244,189.548,194.99,8890.456281542803,0
CRJ,D,20200406,000000,203.151,215.849,194.082,204.059,10360.253903184444,0
CRJ,D,20200407,000000,200.431,213.128,193.175,207.686,14265.7476585143,0
CRJ,D,20200408,000000,228.545,326.494,221.29,317.425,23169.435426523494,0
CRJ,D,20200409,000000,376.375,376.375,309.262,333.749,18055.465907263228,0
CRJ,D,20200414,000000,385.445,407.21,308.355,349.168,26633.879632973636,0
CRJ,D,20200415,000000,347.353,347.353,283.868,288.403,22260.873355831285,0
CRJ,D,20200416,000000,291.124,311.983,282.961,311.983,8397.583410669724,0
CRJ,D,20200417,000000,317.425,323.773,276.613,290.217,15206.285821500285,0
CRJ,D,20200420,000000,316.518,379.096,306.542,371.84,16305.601822082968,0
CRJ,D,20200421,000000,371.84,380.003,338.284,370.933,8533.206146950235,0
CRJ,D,20200422,000000,369.12,435.325,368.213,424.442,9466.025942830827,0
CRJ,D,20200423,000000,445.301,445.301,401.768,418.093,6764.5974559425895,0
CRJ,D,20200424,000000,408.117,417.187,396.328,399.955,3483.1888122775285,0
CRJ,D,20200427,000000,413.559,466.161,413.559,447.115,9714.116314075665,0
CRJ,D,20200428,000000,473.416,484.3,455.277,471.602,6762.392208198191,0
CRJ,D,20200429,000000,507.879,507.879,462.533,471.602,6015.915846719277,0
CRJ,D,20200430,000000,480.671,489.741,464.347,489.741,5690.64180442049,0
CRJ,D,20200504,000000,498.81,535.087,498.81,524.204,10175.013092654966,0
CRJ,D,20200505,000000,535.087,536.901,500.624,515.135,6122.870362322607,0
CRJ,D,20200506,000000,520.577,526.018,498.81,506.066,3088.449466030186,0
CRJ,D,20200507,000000,506.066,513.321,486.113,504.252,1930.6944002209411,0
CRJ,D,20200508,000000,511.508,513.321,489.741,506.066,3231.7905694160927,0
CRJ,D,20200511,000000,513.321,544.156,513.321,535.087,6719.389877182419,0
CRJ,D,20200512,000000,535.087,535.087,498.81,509.693,5385.214991821289,0
CRJ,D,20200513,000000,498.81,515.135,477.044,486.113,4863.673900271029,0
CRJ,D,20200514,000000,486.113,489.741,433.511,462.533,14230.463694603923,0
CRJ,D,20200515,000000,475.231,480.671,464.347,477.044,3605.580062091649,0
CRJ,D,20200518,000000,480.671,511.508,480.671,504.252,3954.0092057066217,0
CRJ,D,20200519,000000,506.066,511.508,493.369,504.252,1099.3160005826833,0
CRJ,D,20200520,000000,504.252,524.204,496.996,522.391,1221.7072503968034,0
CRJ,D,20200521,000000,524.204,526.018,493.369,513.321,1691.425019953697,0
CRJ,D,20200522,000000,513.321,522.391,506.066,522.391,705.6792782075399,0
CRJ,D,20200525,000000,531.46,596.758,522.391,596.758,6164.77006946618,0
CRJ,D,20200526,000000,618.524,723.728,582.247,671.126,5274.952604601361,0
CRJ,D,20200527,000000,662.057,680.195,616.711,616.711,6138.307096533397,0
CRJ,D,20200528,000000,627.593,678.382,625.78,658.43,4141.4552639805,0
CRJ,D,20200529,000000,660.243,671.126,656.616,660.243,1004.490347573545,0
CRJ,D,20200601,000000,651.174,678.382,651.174,678.382,1193.039029719622,0
CRJ,D,20200602,000000,678.382,678.382,652.988,658.43,866.6623635486349,0
CRJ,D,20200603,000000,660.243,660.243,629.408,633.035,2783.0226534309854,0
CRJ,D,20200604,000000,633.035,654.801,627.593,634.849,1403.6401893096847,0
CRJ,D,20200605,000000,642.105,647.547,631.222,633.035,1065.1346605445056,0
CRJ,D,20200608,000000,638.477,649.36,607.641,638.477,4342.132808720769,0
CRJ,D,20200609,000000,634.849,649.36,623.966,649.36,1189.7311581030244,0
CRJ,D,20200610,000000,649.36,716.473,640.291,709.217,2855.7958289961375,0
CRJ,D,20200612,000000,667.499,696.52,643.918,691.078,2156.7322940217937,0
CRJ,D,20200615,000000,687.451,716.473,667.499,709.217,1369.458849271507,0
CRJ,D,20200616,000000,718.286,730.984,689.265,705.59,3445.699600622753,0
CRJ,D,20200617,000000,696.52,805.352,696.52,798.096,4026.7823812717743,0
CRJ,D,20200618,000000,781.771,886.975,781.771,886.975,3997.011536722394,0
CRJ,D,20200619,000000,886.975,906.927,827.118,881.533,4945.2680668137755,0
CRJ,D,20200622,000000,879.719,879.719,825.304,839.815,3560.3724833314786,0
CRJ,D,20200623,000000,828.932,848.884,810.794,825.304,1673.7830379985087,0
CRJ,D,20200624,000000,828.932,961.346,828.932,915.997,5142.637739937447,0
CRJ,D,20200625,000000,938.67,997.62,920.532,979.478,3250.5351752434804,0
CRJ,D,20200626,000000,970.417,1151.8,961.346,1052.04,6985.122230382446,0
CRJ,D,20200629,000000,1079.24,1129.12,993.09,1052.04,4412.700736541522,0
CRJ,D,20200630,000000,1070.18,1070.18,984.019,1006.69,2160.0401656383915,0
CRJ,D,20200701,000000,1024.82,1047.51,956.806,1042.97,1980.3124744699087,0
CRJ,D,20200702,000000,1042.97,1115.52,1033.89,1052.04,1503.9789616798193,0
CRJ,D,20200703,000000,1052.04,1052.04,979.478,1015.76,3467.752078066739,0
CRJ,D,20200706,000000,1079.24,1124.59,1015.76,1061.11,7125.155462151754,0
CRJ,D,20200707,000000,1042.97,1070.18,988.549,1015.76,6409.552569094421,0
CRJ,D,20200708,000000,1024.82,1056.57,1015.76,1015.76,4065.374216798749,0
CRJ,D,20200709,000000,1029.36,1029.36,952.275,952.275,6112.946747472814,0
CRJ,D,20200710,000000,952.275,1088.31,952.275,1056.57,13134.455565637836,0
CRJ,D,20200713,000000,1061.11,1138.2,1047.51,1124.59,3249.4325513712815,0
CRJ,D,20200714,000000,1133.66,1251.56,1101.92,1201.68,4532.886738611244,0
CRJ,D,20200715,000000,1201.68,1219.82,1138.2,1174.47,1954.9521254093252,0
CRJ,D,20200716,000000,1179.01,1183.54,1106.45,1183.54,2184.297890826776,0
CRJ,D,20200717,000000,1183.54,1256.1,1160.87,1237.96,5079.788179222088,0
CRJ,D,20200720,000000,1260.63,1269.7,1179.01,1228.89,2628.6553113230857,0
CRJ,D,20200721,000000,1228.89,1228.89,1169.94,1179.01,4710.409182035329,0
CRJ,D,20200722,000000,1169.94,1179.01,1115.52,1142.73,2188.708386315573,0
CRJ,D,20200723,000000,1115.52,1151.8,1061.11,1110.98,1942.8232628151334,0
CRJ,D,20200724,000000,1088.31,1088.31,1029.36,1065.64,3413.7235083289743,0
CRJ,D,20200727,000000,1065.64,1079.24,1024.82,1029.36,2957.237225238472,0
CRJ,D,20200728,000000,1029.36,1210.74,961.346,1006.69,11074.75417236958,0
CRJ,D,20200729,000000,952.275,1106.45,911.462,1029.36,10875.17925150151,0
CRJ,D,20200730,000000,1042.97,1070.18,894.231,911.462,7641.183434341018,0
CRJ,D,20200731,000000,952.275,1033.89,947.74,974.948,3809.5654784485164,0
CRJ,D,20200803,000000,965.877,1052.04,965.877,1024.82,2298.970773535501,0
CRJ,D,20200804,000000,1042.97,1061.11,961.346,997.62,2324.3311225960842,0
CRJ,D,20200805,000000,1006.69,1024.82,979.478,1011.22,1313.2250317893436,0
CRJ,D,20200806,000000,1015.76,1042.97,997.62,1015.76,2446.7223724102046,0
CRJ,D,20200807,000000,1015.76,1038.43,984.019,1033.89,2270.30255285832,0
CRJ,D,20200810,000000,1038.43,1042.97,1020.29,1029.36,707.8845259519385,0
CRJ,D,20200811,000000,1029.36,1029.36,1002.15,1011.22,626.2903594091916,0
CRJ,D,20200812,000000,1002.15,1011.22,965.877,993.09,1571.2390178839755,0
CRJ,D,20200813,000000,997.62,1088.31,979.478,1088.31,1985.8255938309053,0
CRJ,D,20200814,000000,1079.24,1079.24,1006.69,1070.18,2657.3235320002673,0
CRJ,D,20200817,000000,1056.57,1179.01,1042.97,1156.33,4116.094914919916,0
CRJ,D,20200818,000000,1151.8,1188.07,1124.59,1169.94,2609.910705495698,0
CRJ,D,20200819,000000,1174.47,1179.01,1120.05,1133.66,1088.2897618606903,0
CRJ,D,20200820,000000,1101.92,1124.59,1074.71,1115.52,972.5142552797658,0
CRJ,D,20200821,000000,1083.78,1129.12,1047.51,1047.51,2612.1159532400966,0
CRJ,D,20200824,000000,1061.11,1079.24,1038.43,1042.97,1507.2868332964172,0
CRJ,D,20200825,000000,1052.04,1056.57,1015.76,1042.97,1280.1463156233654,0
CRJ,D,20200826,000000,1042.97,1047.51,1024.82,1042.97,565.6460464382311,0
CRJ,D,20200827,000000,1047.51,1124.59,1047.51,1115.52,2005.6728235304922,0
CRJ,D,20200828,000000,1124.59,1151.8,1097.38,1138.2,2966.058216216066,0
CRJ,D,20200831,000000,1151.8,1174.47,1056.57,1079.24,2852.48795737954,0
CRJ,D,20200901,000000,1070.18,1079.24,997.62,1033.89,2188.708386315573,0
CRJ,D,20200902,000000,1038.43,1042.97,970.417,1002.15,3101.680952496578,0
CRJ,D,20200903,000000,1011.22,1052.04,993.09,993.09,4760.0272562842965,0
CRJ,D,20200904,000000,974.948,997.62,961.346,970.417,2369.538701356255,0
CRJ,D,20200907,000000,970.417,1033.89,965.877,988.549,1495.1579707022252,0
CRJ,D,20200908,000000,979.478,988.549,872.464,943.204,5481.143268702626,0
CRJ,D,20200909,000000,925.066,970.417,920.532,952.275,1141.215707726256,0
CRJ,D,20200910,000000,952.275,961.346,911.462,915.997,1724.5037361196755,0
CRJ,D,20200911,000000,929.601,979.478,897.858,947.74,2027.725300974478,0
CRJ,D,20200914,000000,961.346,997.62,961.346,997.62,1420.179547392674,0
CRJ,D,20200915,000000,997.62,1020.29,952.275,952.275,1584.470504350367,0
CRJ,D,20200916,000000,952.275,988.549,947.74,988.549,1226.1177458856005,0
CRJ,D,20200917,000000,988.549,988.549,920.532,943.204,2474.287969215187,0
CRJ,D,20200918,000000,938.67,952.275,934.135,943.204,799.4023073444787,0
CRJ,D,20200921,000000,943.204,943.204,894.231,906.927,1519.4156958906094,0
CRJ,D,20200922,000000,905.114,920.532,897.858,897.858,1420.179547392674,0
CRJ,D,20200923,000000,903.3,906.927,854.325,868.837,2511.777180869962,0
CRJ,D,20200924,000000,839.815,852.512,805.352,834.373,5935.42430404873,0
CRJ,D,20200925,000000,852.512,911.462,847.071,897.858,3188.788238400321,0
CRJ,D,20200928,000000,920.532,952.275,906.927,934.135,1291.172554345358,0
CRJ,D,20200929,000000,934.135,952.275,906.927,920.532,962.5906404299724,0
CRJ,D,20200930,000000,911.462,925.066,888.789,925.066,7218.878491288693,0
CRJ,D,20201001,000000,925.066,961.346,899.672,903.3,1220.604626524604,0
CRJ,D,20201002,000000,899.672,929.601,897.858,929.601,436.6390533909153,0
CRJ,D,20201005,000000,952.275,993.09,952.275,974.948,2771.9964147089927,0
CRJ,D,20201006,000000,974.948,997.62,925.066,925.066,1082.776642499694,0
CRJ,D,20201007,000000,925.066,952.275,920.532,934.135,638.4192220033838,0
CRJ,D,20201008,000000,943.204,952.275,915.997,934.135,3920.9304895406435,0
CRJ,D,20201009,000000,915.997,929.601,892.417,920.532,2865.7194438459314,0
CRJ,D,20201012,000000,943.204,947.74,920.532,929.601,1761.9929477744513,0
CRJ,D,20201013,000000,934.135,934.135,911.462,934.135,2211.863487631758,0
CRJ,D,20201014,000000,915.997,920.532,894.231,920.532,2348.5888477844687,0
CRJ,D,20201015,000000,905.114,920.532,863.395,888.789,2377.2570684616503,0
CRJ,D,20201016,000000,861.581,906.927,861.581,905.114,2673.8628900832564,0
CRJ,D,20201019,000000,901.486,1065.64,881.533,1052.04,8182.571755590865,0
CRJ,D,20201020,000000,1038.43,1042.97,979.478,1006.69,1408.050684798482,0
CRJ,D,20201021,000000,988.549,1020.29,925.066,961.346,832.4810235104571,0
CRJ,D,20201022,000000,952.275,988.549,925.066,965.877,1113.6501109212738,0
CRJ,D,20201023,000000,956.806,974.948,905.114,938.67,1046.3900547171177,0
CRJ,D,20201026,000000,911.462,943.204,906.927,920.532,1114.752734793473,0
CRJ,D,20201027,000000,915.997,915.997,885.161,915.997,620.7772400481953,0
CRJ,D,20201028,000000,906.927,911.462,816.235,870.65,5002.604508168139,0
CRJ,D,20201029,000000,868.837,905.114,841.629,903.3,2452.235491771201,0
CRJ,D,20201030,000000,886.975,888.789,852.512,879.719,703.4740304631414,0
CRJ,D,20201102,000000,888.789,903.3,883.348,897.858,447.6652921129081,0
CRJ,D,20201103,000000,894.231,915.997,874.279,897.858,912.9725661810047,0
CRJ,D,20201104,000000,905.114,905.114,890.602,901.486,231.55101316184903,0
CRJ,D,20201105,000000,901.486,970.417,901.486,956.806,2663.939275233463,0
CRJ,D,20201106,000000,952.275,961.346,911.462,947.74,624.085111664793,0
CRJ,D,20201109,000000,956.806,970.417,911.462,934.135,1114.752734793473,0
CRJ,D,20201110,000000,938.67,938.67,872.464,934.135,602.0326342208074,0
CRJ,D,20201112,000000,920.532,984.019,920.532,970.417,1330.8670137445322,0
CRJ,D,20201113,000000,974.948,974.948,938.67,956.806,317.5556751933929,0
CRJ,D,20201116,000000,965.877,979.478,934.135,947.74,442.15217275191173,0
CRJ,D,20201117,000000,870.65,920.532,870.65,892.417,2348.5888477844687,0
CRJ,D,20201118,000000,876.092,906.927,876.092,881.533,567.8512941826297,0
CRJ,D,20201119,000000,886.975,896.044,881.533,892.417,489.56499925648075,0
CRJ,D,20201120,000000,897.858,897.858,876.092,883.348,710.089773696337,0
CRJ,D,20201123,000000,888.789,888.789,856.14,883.348,794.9918118556817,0
CRJ,D,20201124,000000,883.348,885.161,867.023,879.719,555.7224315884376,0
CRJ,D,20201125,000000,874.279,877.906,856.14,861.581,560.1329270772349,0
CRJ,D,20201126,000000,870.65,886.975,852.512,852.512,707.8845259519385,0
CRJ,D,20201127,000000,859.767,859.767,834.373,850.698,632.9061026423873,0
CRJ,D,20201130,000000,843.442,850.698,816.235,823.49,1843.5871143171978,0
CRJ,D,20201201,000000,834.373,859.767,805.352,856.14,6473.504753681979,0
CRJ,D,20201202,000000,859.767,868.837,827.118,839.815,1173.191800020035,0
CRJ,D,20201203,000000,839.815,852.512,828.932,834.373,680.3189291469564,0
CRJ,D,20201204,000000,832.559,847.071,828.932,839.815,686.934672380152,0
CRJ,D,20201207,000000,877.906,952.275,854.325,947.74,5213.205667758201,0
CRJ,D,20201208,000000,925.066,938.67,911.462,925.066,646.1375891087787,0
CRJ,D,20201209,000000,952.275,952.275,879.719,879.719,2270.30255285832,0
CRJ,D,20201210,000000,888.789,920.532,879.719,906.927,2002.3649519138942,0
CRJ,D,20201211,000000,906.927,915.997,854.325,883.348,1978.1072267255101,0
CRJ,D,20201214,000000,883.348,888.789,843.442,852.512,2382.770187822646,0
CRJ,D,20201215,000000,876.092,938.67,863.395,905.114,1490.7474752134278,0
CRJ,D,20201216,000000,897.858,903.3,881.533,897.858,527.0542109112563,0
CRJ,D,20201217,000000,897.858,903.3,883.348,896.044,837.9941428714536,0
CRJ,D,20201218,000000,899.672,899.672,861.581,879.719,984.643117873958,0
CRJ,D,20201221,000000,865.209,877.906,843.442,870.65,614.1614968149995,0
CRJ,D,20201222,000000,872.464,877.906,852.512,863.395,1133.4973406208608,0
CRJ,D,20201223,000000,859.767,870.65,850.698,865.209,1136.8052122374586,0
CRJ,D,20201228,000000,852.512,877.906,850.698,877.906,3870.2097914194765,0
CRJ,D,20201229,000000,877.906,979.478,876.092,965.877,2972.6739594492615,0
CRJ,D,20201230,000000,970.417,1006.69,947.74,997.62,4628.8150154925825,0
CRJ,D,20210104,000000,997.62,1052.04,997.62,1020.29,1907.5392989047562,0
CRJ,D,20210105,000000,1020.29,1083.78,1015.76,1052.04,2465.4669782375927,0
CRJ,D,20210107,000000,1052.04,1074.71,1015.76,1042.97,965.8985120465702,0
CRJ,D,20210108,000000,1042.97,1047.51,997.62,1011.22,1551.3917881843884,0
CRJ,D,20210111,000000,1015.76,1061.11,970.417,1002.15,1225.0151220134012,0
CRJ,D,20210112,000000,1006.69,1033.89,952.275,988.549,2625.3474397064883,0
CRJ,D,20210113,000000,988.549,1006.69,979.478,997.62,850.1230054656457,0
CRJ,D,20210114,000000,1006.69,1029.36,979.478,1029.36,769.6314627950982,0
CRJ,D,20210115,000000,997.62,1020.29,974.948,997.62,887.6122171204212,0
CRJ,D,20210118,000000,974.948,1038.43,974.948,1011.22,639.521845875583,0
CRJ,D,20210119,000000,1015.76,1024.82,984.019,1024.82,349.5317674871721,0
CRJ,D,20210120,000000,1029.36,1106.45,1029.36,1070.18,3014.5736665928343,0
CRJ,D,20210121,000000,1101.92,1101.92,1065.64,1083.78,627.3929832813909,0
CRJ,D,20210122,000000,1083.78,1083.78,1020.29,1070.18,1101.5212483270818,0
CRJ,D,20210125,000000,1079.24,1092.85,1029.36,1038.43,824.7626564050623,0
CRJ,D,20210126,000000,1024.82,1052.04,1020.29,1042.97,597.6221387320103,0
CRJ,D,20210127,000000,1052.04,1074.71,993.09,997.62,1291.172554345358,0
CRJ,D,20210128,000000,997.62,1033.89,952.275,1015.76,1359.5352344217135,0
CRJ,D,20210129,000000,1029.36,1079.24,1024.82,1074.71,1573.444265628374,0
CRJ,D,20210201,000000,1074.71,1074.71,1020.29,1029.36,1466.4897500250438,0
CRJ,D,20210202,000000,1033.89,1061.11,984.019,1024.82,1274.633196262369,0
CRJ,D,20210203,000000,1015.76,1020.29,970.417,988.549,1790.6611684516324,0
CRJ,D,20210204,000000,993.09,993.09,938.67,947.74,1867.844839505582,0
CRJ,D,20210205,000000,947.74,988.549,947.74,961.346,1157.755065809245,0
CRJ,D,20210208,000000,956.806,988.549,938.67,952.275,1270.2227007735717,0
CRJ,D,20210209,000000,952.275,956.806,911.462,938.67,1879.9737020997743,0
CRJ,D,20210210,000000,925.066,979.478,885.161,961.346,3806.257606831918,0
CRJ,D,20210211,000000,965.877,970.417,943.204,965.877,810.4285460664715,0
CRJ,D,20210212,000000,965.877,974.948,906.927,929.601,3091.757337646784,0
CRJ,D,20210215,000000,920.532,943.204,911.462,934.135,1116.9579825378717,0
CRJ,D,20210216,000000,906.927,934.135,901.486,934.135,3868.004543675078,0
CRJ,D,20210217,000000,934.135,934.135,915.997,925.066,428.9206862855203,0
CRJ,D,20210218,000000,929.601,938.67,903.3,906.927,1292.2751782175574,0
CRJ,D,20210219,000000,906.927,934.135,906.927,925.066,766.3235911785004,0
CRJ,D,20210222,000000,934.135,934.135,897.858,906.927,1060.7241650557085,0
CRJ,D,20210223,000000,897.858,905.114,868.837,903.3,1316.5329034059414,0
CRJ,D,20210224,000000,897.858,938.67,897.858,929.601,1037.5690637395235,0
CRJ,D,20210225,000000,934.135,934.135,903.3,911.462,407.970832713734,0
CRJ,D,20210226,000000,897.858,901.486,879.719,897.858,893.1253364814177,0
CRJ,D,20210301,000000,890.602,911.462,890.602,905.114,777.3498299004931,0
CRJ,D,20210302,000000,905.114,905.114,890.602,897.858,335.19765714858147,0
CRJ,D,20210303,000000,897.858,903.3,852.512,863.395,1260.2990859237782,0
CRJ,D,20210304,000000,863.395,879.719,850.698,879.719,2228.402845714747,0
CRJ,D,20210305,000000,872.464,897.858,854.325,890.602,389.2262268863462,0
CRJ,D,20210308,000000,894.231,905.114,870.65,905.114,413.48395207473044,0
CRJ,D,20210309,000000,906.927,911.462,885.161,901.486,357.25013459256706,0
CRJ,D,20210310,000000,905.114,911.462,881.533,885.161,525.951587039057,0
CRJ,D,20210311,000000,888.789,899.672,885.161,894.231,839.0967667436529,0
CRJ,D,20210312,000000,888.789,899.672,872.464,888.789,358.35275846476634,0
CRJ,D,20210315,000000,886.975,894.231,876.092,877.906,576.672285160224,0
CRJ,D,20210316,000000,877.906,897.858,877.906,892.417,275.6559680498203,0
CRJ,D,20210317,000000,888.789,901.486,861.581,881.533,692.4477917411485,0
CRJ,D,20210318,000000,886.975,925.066,886.975,905.114,895.3305842258162,0
CRJ,D,20210319,000000,905.114,920.532,897.858,915.997,466.4098979402959,0
CRJ,D,20210322,000000,925.066,925.066,894.231,905.114,258.0139860946318,0
CRJ,D,20210323,000000,905.114,906.927,883.348,896.044,248.09037124483825,0
CRJ,D,20210324,000000,897.858,899.672,879.719,899.672,452.07578760170526,0
CRJ,D,20210325,000000,896.044,911.462,885.161,903.3,346.22389587057427,0
CRJ,D,20210326,000000,888.789,905.114,879.719,894.231,626.2903594091916,0
CRJ,D,20210329,000000,896.044,901.486,879.719,892.417,514.9253483170643,0
CRJ,D,20210330,000000,885.161,896.044,879.719,886.975,392.53409850294406,0
CRJ,D,20210331,000000,879.719,886.975,861.581,877.906,716.7055169295327,0
CRJ,D,20210401,000000,870.65,877.906,863.395,865.209,581.0827806490211,0
CRJ,D,20210406,000000,870.65,895.138,870.65,879.719,546.9014406108433,0
CRJ,D,20210407,000000,890.602,890.602,866.116,883.348,582.1854045212204,0
CRJ,D,20210408,000000,883.348,889.696,852.512,852.512,1185.3206626142273,0
CRJ,D,20210409,000000,825.304,852.512,818.956,849.791,991.2588611071537,0
CRJ,D,20210412,000000,854.325,854.325,816.235,816.235,1832.560875595205,0
CRJ,D,20210413,000000,815.328,829.839,808.072,828.025,1213.9888832914085,0
CRJ,D,20210414,000000,826.211,836.187,822.583,836.187,785.0681970058881,0
CRJ,D,20210415,000000,836.187,843.442,825.304,835.28,873.2781067818306,0
CRJ,D,20210416,000000,838.908,843.442,822.583,838.001,789.4786924946852,0
CRJ,D,20210419,000000,838.908,852.512,807.165,852.512,1551.3917881843884,0
CRJ,D,20210420,000000,852.512,856.14,826.211,852.512,832.4810235104571,0
CRJ,D,20210421,000000,837.095,843.442,817.141,834.373,1107.0343676880782,0
CRJ,D,20210422,000000,833.466,833.466,783.586,816.235,2500.750942147969,0
CRJ,D,20210423,000000,816.235,816.235,766.354,816.235,2506.264061508966,0
CRJ,D,20210426,000000,807.165,807.165,779.957,779.957,1013.3113385511393,0
CRJ,D,20210427,000000,770.888,775.423,741.867,761.819,2409.2331607554293,0
CRJ,D,20210428,000000,750.936,785.399,714.659,783.586,3806.257606831918,0
CRJ,D,20210429,000000,787.213,787.213,754.563,761.819,1010.0034669345414,0
CRJ,D,20210430,000000,792.655,792.655,761.819,770.888,892.0227126092184,0
CRJ,D,20210504,000000,779.957,785.399,725.542,734.611,1754.2745806690561,0
CRJ,D,20210505,000000,730.077,761.819,721.915,756.378,1276.8384440067675,0
CRJ,D,20210506,000000,760.005,760.005,731.891,735.518,1932.8996479653397,0
CRJ,D,20210507,000000,734.611,747.309,723.728,747.309,1849.1002336781944,0
CRJ,D,20210510,000000,747.309,766.354,734.611,734.611,796.094435727881,0
CRJ,D,20210511,000000,730.077,752.75,721.008,724.635,1279.043691751166,0
CRJ,D,20210512,000000,724.635,737.332,702.869,725.542,1890.9999408217668,0
CRJ,D,20210513,000000,723.728,723.728,682.009,689.265,3367.4133056966043,0
CRJ,D,20210514,000000,707.403,740.96,689.265,740.96,1172.0891761478358,0
CRJ,D,20210517,000000,757.285,796.282,750.029,772.702,1371.6640970159056,0
CRJ,D,20210518,000000,772.702,772.702,742.774,749.122,439.94692500751313,0
CRJ,D,20210519,000000,738.239,745.494,711.032,731.891,937.230291369389,0
CRJ,D,20210520,000000,729.17,779.957,726.449,764.54,2200.837248909765,0
CRJ,D,20210521,000000,765.447,796.282,764.54,789.027,789.4786924946852,0
CRJ,D,20210524,000000,789.027,794.469,764.54,770.888,686.934672380152,0
CRJ,D,20210525,000000,779.957,779.957,744.587,746.402,1383.7929596100978,0
CRJ,D,20210526,000000,760.912,787.213,754.563,769.981,1516.1078242740114,0
CRJ,D,20210527,000000,784.493,848.884,768.168,847.978,2754.354432753804,0
CRJ,D,20210528,000000,850.698,850.698,820.77,836.187,1127.9842212598646,0
CRJ,D,20210531,000000,845.256,857.047,834.373,857.047,2947.313610388678,0
CRJ,D,20210601,000000,853.418,854.325,829.839,834.373,857.8413725710406,0
CRJ,D,20210602,000000,838.908,842.536,820.77,837.095,1112.5474870490746,0
CRJ,D,20210604,000000,837.095,843.442,820.77,828.025,729.9370033959241,0
CRJ,D,20210607,000000,894.231,894.231,840.722,840.722,1506.184209424218,0
CRJ,D,20210608,000000,845.256,861.581,838.001,853.418,482.9492560232851,0
CRJ,D,20210609,000000,854.325,868.837,854.325,864.302,597.6221387320103,0
CRJ,D,20210610,000000,865.209,865.209,830.746,838.908,778.4524537726924,0
CRJ,D,20210611,000000,838.908,838.908,771.795,812.607,5847.214394272788,0
CRJ,D,20210614,000000,833.466,857.047,833.466,838.908,2766.4832953479963,0
CRJ,D,20210615,000000,849.791,856.14,842.536,847.071,665.9848188083657,0
CRJ,D,20210616,000000,858.86,858.86,818.048,838.001,1668.269918637512,0
CRJ,D,20210617,000000,842.536,842.536,816.235,821.677,643.9323413643801,0
CRJ,D,20210618,000000,822.583,832.559,812.607,828.025,501.6938618506729,0
CRJ,D,20210621,000000,816.235,819.863,781.771,800.818,1337.4827569777278,0
CRJ,D,20210622,000000,804.445,804.445,757.285,774.517,1853.5107291669915,0
CRJ,D,20210623,000000,770.888,770.888,729.17,742.774,4163.507741424485,0
CRJ,D,20210624,000000,735.518,764.54,729.17,746.402,1367.2536015271085,0
CRJ,D,20210625,000000,743.68,750.936,730.984,738.239,847.9177577212472,0
CRJ,D,20210628,000000,739.146,741.867,725.542,730.077,635.1113503867858,0
CRJ,D,20210629,000000,727.356,732.797,701.055,722.821,1305.5066646839489,0
CRJ,D,20210630,000000,722.821,739.146,694.707,721.008,2475.3905930873857,0
CRJ,D,20210701,000000,721.008,752.75,717.379,739.146,2483.108960192781,0
CRJ,D,20210702,000000,731.891,739.146,725.542,733.704,426.7154385411218,0
CRJ,D,20210705,000000,734.611,764.54,721.008,764.54,1422.3847951370724,0
CRJ,D,20210706,000000,768.168,789.027,761.819,773.61,919.5883094142004,0
CRJ,D,20210707,000000,770.888,773.61,763.633,769.075,329.68453778758504,0
CRJ,D,20210708,000000,765.447,770.888,754.563,760.912,1532.6471823570007,0
CRJ,D,20210709,000000,752.75,772.702,748.216,770.888,387.02097914194763,0
CRJ,D,20210712,000000,770.888,787.213,755.471,785.399,760.810471817504,0
CRJ,D,20210713,000000,786.306,799.91,783.586,796.282,439.94692500751313,0
CRJ,D,20210714,000000,789.027,803.538,771.795,771.795,767.4262150506996,0
CRJ,D,20210715,000000,771.795,771.795,734.611,753.656,604.237881965206,0
CRJ,D,20210716,000000,766.354,770.888,734.611,759.098,280.0664635386174,0
CRJ,D,20210719,000000,749.122,759.098,725.542,730.984,799.4023073444787,0
CRJ,D,20210720,000000,733.704,739.146,698.334,732.797,2551.4716402691365,0
CRJ,D,20210721,000000,731.891,732.797,707.403,711.032,739.8606182457177,0
CRJ,D,20210722,000000,719.194,734.611,711.938,734.611,492.8728708730786,0
CRJ,D,20210723,000000,734.611,734.611,688.358,701.962,2614.3212009844956,0
CRJ,D,20210726,000000,701.962,709.217,699.241,706.496,282.271711283016,0
CRJ,D,20210727,000000,711.032,721.008,698.334,702.869,609.7510013262024,0
CRJ,D,20210728,000000,707.403,707.403,691.078,694.707,357.25013459256706,0
CRJ,D,20210729,000000,711.938,711.938,645.732,645.732,5144.842987681845,0
CRJ,D,20210730,000000,657.523,662.057,649.36,651.174,1427.8979144980688,0
CRJ,D,20210802,000000,639.384,707.403,638.477,707.403,3413.7235083289743,0
CRJ,D,20210803,000000,700.148,721.008,665.685,668.406,974.7195030241644,0
CRJ,D,20210804,000000,672.94,674.755,657.523,666.592,1395.9218222042898,0
CRJ,D,20210805,000000,667.499,689.265,657.523,689.265,1672.6804141263094,0
CRJ,D,20210806,000000,690.172,697.427,671.126,686.544,237.06413252284543,0
CRJ,D,20210809,000000,674.755,698.334,674.755,691.986,260.2192338390303,0
CRJ,D,20210810,000000,692.893,702.869,680.195,689.265,258.0139860946318,0
CRJ,D,20210811,000000,681.102,685.637,680.195,685.637,592.1090193710139,0
CRJ,D,20210812,000000,682.917,724.635,682.917,698.334,1170.9865522756365,0
CRJ,D,20210813,000000,689.265,702.869,688.358,702.869,242.57725188384185,0
CRJ,D,20210816,000000,711.032,716.473,696.52,716.473,692.4477917411485,0
CRJ,D,20210817,000000,707.403,707.403,657.523,698.334,1789.5585445794331,0
CRJ,D,20210818,000000,700.148,701.055,681.102,687.451,166.49620470209143,0
CRJ,D,20210819,000000,681.102,701.962,663.871,701.962,825.8652802772616,0
CRJ,D,20210820,000000,691.078,698.334,690.172,697.427,169.80407631868928,0
CRJ,D,20210823,000000,692.893,715.566,678.382,694.707,755.2973524565075,0
CRJ,D,20210824,000000,707.403,715.566,695.614,702.869,1394.8191983320905,0
CRJ,D,20210825,000000,694.707,705.59,675.661,705.59,576.672285160224,0
CRJ,D,20210826,000000,707.403,707.403,680.195,705.59,620.7772400481953,0
CRJ,D,20210827,000000,685.637,700.148,682.009,684.731,799.4023073444787,0
CRJ,D,20210830,000000,689.265,696.52,674.755,696.52,337.40290489298,0
CRJ,D,20210831,000000,694.707,700.148,676.568,695.614,832.4810235104571,0
CRJ,D,20210901,000000,685.637,694.707,667.499,676.568,2505.1614376367665,0
CRJ,D,20210902,000000,669.313,684.731,666.592,681.102,350.63439135937136,0
CRJ,D,20210903,000000,681.102,681.102,670.219,672.94,5896.832468521756,0
CRJ,D,20210906,000000,669.313,684.731,652.081,684.731,5939.834799537527,0
CRJ,D,20210907,000000,680.195,685.637,670.219,676.568,477.4361366622887,0
CRJ,D,20210908,000000,669.313,671.126,658.43,662.057,540.2856973776477,0
CRJ,D,20210909,000000,662.964,670.219,657.523,670.219,400.252465608339,0
CRJ,D,20210910,000000,670.219,674.755,657.523,674.755,427.818062413321,0
CRJ,D,20210913,000000,670.219,672.033,658.43,667.499,616.3667445593982,0
CRJ,D,20210914,000000,668.406,679.289,647.547,679.289,1176.499671636633,0
CRJ,D,20210915,000000,680.195,680.195,663.871,672.94,754.1947285843082,0
CRJ,D,20210916,000000,671.126,671.126,652.988,668.406,688.0372962523513,0
CRJ,D,20210917,000000,659.336,668.406,652.988,667.499,873.2781067818306,0
CRJ,D,20210920,000000,654.801,662.057,633.942,662.057,2237.223836692341,0
CRJ,D,20210921,000000,653.894,653.894,623.966,634.849,1389.3060789710942,0
CRJ,D,20210922,000000,634.849,652.988,628.501,636.663,507.2069812116693,0
CRJ,D,20210923,000000,642.105,678.382,635.756,678.382,608.6483774540031,0
CRJ,D,20210924,000000,669.313,669.313,649.36,662.057,417.89444756352754,0
CRJ,D,20210927,000000,671.126,675.661,645.732,666.592,1186.4232864864266,0
CRJ,D,20210928,000000,670.219,670.219,652.988,668.406,369.3789971867592,0
CRJ,D,20210929,000000,669.313,669.313,652.988,661.15,513.822724444865,0
CRJ,D,20210930,000000,651.174,662.057,645.732,662.057,801.6075550888772,0
CRJ,D,20211001,000000,651.174,675.661,639.384,670.219,955.9748971967766,0
CRJ,D,20211004,000000,670.219,694.707,654.801,682.009,1443.3346487088588,0
CRJ,D,20211005,000000,687.451,687.451,637.57,669.313,3320.000479192035,0
CRJ,D,20211006,000000,658.43,665.685,650.267,658.43,1163.2681851702416,0
CRJ,D,20211007,000000,652.988,660.243,647.547,652.988,1059.6215411835092,0
CRJ,D,20211008,000000,651.174,670.219,649.36,670.219,867.7649874208341,0
CRJ,D,20211011,000000,670.219,670.219,650.267,652.988,509.41222895606785,0
CRJ,D,20211012,000000,655.709,655.709,632.129,632.129,1640.7043218325302,0
CRJ,D,20211013,000000,632.129,643.012,627.593,634.849,1614.2413488997474,0
CRJ,D,20211014,000000,634.849,639.384,613.99,634.849,2111.524715261623,0
CRJ,D,20211015,000000,633.942,633.942,618.524,629.408,745.3737376067139,0
CRJ,D,20211018,000000,626.687,626.687,613.083,621.246,1381.587711865699,0
CRJ,D,20211019,000000,618.524,619.431,607.641,619.431,964.7958881743709,0
CRJ,D,20211020,000000,619.431,638.477,609.455,636.663,2303.3812690242985,0
CRJ,D,20211021,000000,636.663,662.057,636.663,660.243,1485.2343558524315,0
CRJ,D,20211022,000000,660.243,665.685,642.105,665.685,680.3189291469564,0
CRJ,D,20211025,000000,665.685,665.685,647.547,662.057,567.8512941826297,0
CRJ,D,20211026,000000,657.523,660.243,650.267,659.336,765.2209673063011,0
CRJ,D,20211027,000000,661.15,661.15,630.315,650.267,1220.604626524604,0
CRJ,D,20211028,000000,648.454,655.709,635.756,654.801,461.9994024514987,0
CRJ,D,20211029,000000,647.547,662.057,630.315,662.057,1541.468173334595,0
CRJ,D,20211102,000000,646.639,654.801,640.291,653.894,382.61048365315054,0
CRJ,D,20211103,000000,646.639,652.988,638.477,652.988,953.7696494523781,0
CRJ,D,20211104,000000,647.547,665.685,645.732,662.057,573.3644135436261,0
CRJ,D,20211105,000000,657.523,678.382,654.801,678.382,2617.629072601093,0
CRJ,D,20211108,000000,677.475,698.334,672.94,690.172,1354.0221150607172,0
CRJ,D,20211109,000000,690.172,691.078,678.382,685.637,332.99240940418287,0
CRJ,D,20211110,000000,685.637,685.637,662.057,674.755,585.4932761378183,0
CRJ,D,20211112,000000,662.964,680.195,662.964,680.195,309.837308087998,0
CRJ,D,20211115,000000,679.289,689.265,674.755,674.755,203.985416356867,0
CRJ,D,20211116,000000,682.009,720.101,682.009,697.427,5961.8872769815125,0
CRJ,D,20211117,000000,698.334,712.845,690.172,692.893,802.7101789610766,0
CRJ,D,20211118,000000,693.8,743.68,668.406,742.774,3353.0791953580137,0
CRJ,D,20211119,000000,743.68,750.029,713.752,713.752,957.0775210689759,0
CRJ,D,20211122,000000,713.752,740.053,700.148,718.286,1208.475763930412,0
CRJ,D,20211123,000000,714.659,714.659,658.43,705.59,3665.12175119041,0
CRJ,D,20211124,000000,705.59,716.473,683.824,716.473,1008.9008430623421,0
CRJ,D,20211125,000000,716.473,720.101,694.707,720.101,888.7148409926205,0
CRJ,D,20211126,000000,706.496,706.496,683.824,702.869,1378.2798402491012,0
CRJ,D,20211129,000000,702.869,719.194,689.265,719.194,839.0967667436529,0
CRJ,D,20211130,000000,711.938,715.566,698.334,710.125,771.8367105394967,0
CRJ,D,20211201,000000,709.217,720.101,705.59,720.101,581.0827806490211,0
CRJ,D,20211202,000000,720.101,729.17,711.938,724.635,938.3329152415882,0
CRJ,D,20211203,000000,725.542,734.611,718.286,734.611,1780.7375536018387,0
CRJ,D,20211206,000000,734.611,739.146,725.542,734.611,943.8460346025845,0
CRJ,D,20211207,000000,734.611,737.332,721.915,725.542,783.9655731336888,0
CRJ,D,20211208,000000,722.821,729.17,719.194,721.008,529.259458655655,0
CRJ,D,20211209,000000,730.984,730.984,713.752,715.566,980.2326223851609,0
CRJ,D,20211210,000000,715.566,715.566,687.451,695.614,1208.475763930412,0
CRJ,D,20211213,000000,700.148,720.101,679.289,720.101,1120.2658541544697,0
CRJ,D,20211214,000000,716.473,725.542,685.637,713.752,1255.888590434981,0
CRJ,D,20211215,000000,713.752,716.473,672.033,692.893,1764.1981955188498,0
CRJ,D,20211216,000000,680.195,702.869,680.195,689.265,867.7649874208341,0
CRJ,D,20211217,000000,690.172,694.707,666.592,680.195,905.2541990756098,0
CRJ,D,20211220,000000,671.126,687.451,662.057,687.451,1397.024446076489,0
CRJ,D,20211221,000000,687.451,698.334,666.592,698.334,1239.349232351992,0
CRJ,D,20211222,000000,698.334,698.334,683.824,687.451,725.526507907127,0
CRJ,D,20211223,000000,687.451,698.334,656.616,698.334,5295.902458173147,0
CRJ,D,20211227,000000,698.334,698.334,675.661,680.195,1293.3778020897566,0
CRJ,D,20211228,000000,680.195,685.637,663.871,677.475,2656.220908128068,0
CRJ,D,20211229,000000,675.661,698.334,670.219,698.334,683.6268007635542,0
CRJ,D,20211230,000000,696.52,721.008,690.172,721.008,726.6291317793263,0
CRJ,D,20220103,000000,721.008,745.494,721.008,724.635,1533.7498062292,0
CRJ,D,20220104,000000,725.542,733.704,721.915,727.356,3535.0121342708953,0
CRJ,D,20220105,000000,725.542,725.542,714.659,719.194,232.6536370340483,0
CRJ,D,20220107,000000,718.286,730.984,711.938,729.17,488.4623753842815,0
CRJ,D,20220110,000000,732.797,764.54,732.797,752.75,3091.757337646784,0
CRJ,D,20220111,000000,758.192,769.075,754.563,767.261,2157.834917893993,0
CRJ,D,20220112,000000,770.888,778.144,757.285,764.54,2034.3410442076736,0
CRJ,D,20220113,000000,764.54,774.517,747.309,764.54,1735.5299748416683,0
CRJ,D,20220114,000000,764.54,772.702,758.192,766.354,508.3096050838686,0
CRJ,D,20220117,000000,761.819,768.168,751.843,765.447,2033.2384203354743,0
CRJ,D,20220118,000000,765.447,790.84,752.75,779.051,1802.7900310458244,0
CRJ,D,20220119,000000,774.517,778.144,752.75,761.819,2066.3171365014528,0
CRJ,D,20220120,000000,752.75,761.819,743.68,744.587,883.2017216316242,0
CRJ,D,20220121,000000,743.68,743.68,717.379,726.449,880.9964738872256,0
CRJ,D,20220124,000000,725.542,732.797,675.661,691.078,6697.337399738433,0
CRJ,D,20220125,000000,693.8,715.566,691.078,697.427,1948.3363821761295,0
CRJ,D,20220126,000000,694.707,714.659,690.172,698.334,1743.2483419470634,0
CRJ,D,20220127,000000,689.265,689.265,671.126,682.917,1270.2227007735717,0
CRJ,D,20220128,000000,680.195,683.824,673.847,680.195,428.9206862855203,0
CRJ,D,20220131,000000,680.195,712.845,680.195,701.962,1303.3014169395503,0
CRJ,D,20220201,000000,711.938,734.611,703.776,716.473,2678.2733855720535,0
CRJ,D,20220202,000000,718.286,733.704,715.566,721.008,1014.4139624233386,0
CRJ,D,20220203,000000,726.449,759.098,716.473,734.611,1152.2419464482487,0
CRJ,D,20220204,000000,741.867,742.774,704.683,721.008,1183.1154148698286,0
CRJ,D,20220207,000000,721.008,725.542,706.496,715.566,740.9632421179168,0
CRJ,D,20220208,000000,714.659,723.728,711.032,720.101,717.808140801732,0
CRJ,D,20220209,000000,707.403,737.332,706.496,731.891,778.4524537726924,0
CRJ,D,20220210,000000,731.891,734.611,719.194,731.891,874.3807306540299,0
CRJ,D,20220211,000000,730.984,740.96,721.915,733.704,639.521845875583,0
CRJ,D,20220214,000000,723.728,728.263,696.52,710.125,1638.4990740881317,0
CRJ,D,20220215,000000,707.403,740.053,700.148,732.797,996.7719804681501,0
CRJ,D,20220216,000000,739.146,741.867,723.728,730.077,1571.2390178839755,0
CRJ,D,20220217,000000,730.984,734.611,704.683,704.683,1251.478094946184,0
CRJ,D,20220218,000000,702.869,709.217,680.195,680.195,1949.4390060483288,0
CRJ,D,20220221,000000,682.009,687.451,658.43,670.219,2114.8325868782213,0
CRJ,D,20220222,000000,657.523,718.286,657.523,715.566,1327.5591421279344,0
CRJ,D,20220223,000000,721.915,734.611,700.148,700.148,2644.092045533876,0
CRJ,D,20220224,000000,662.057,693.8,625.78,658.43,3799.6418635987225,0
CRJ,D,20220225,000000,658.43,687.451,648.454,683.824,2661.7340274890644,0
CRJ,D,20220228,000000,679.289,706.496,662.057,698.334,1242.6571039685898,0
CRJ,D,20220301,000000,702.869,703.776,671.126,675.661,287.78483064401235,0
CRJ,D,20220302,000000,672.033,672.033,645.732,662.964,1023.2349534009328,0
CRJ,D,20220303,000000,662.964,665.685,652.988,660.243,358.35275846476634,0
CRJ,D,20220304,000000,652.988,652.988,617.617,629.408,1105.931743815879,0
CRJ,D,20220307,000000,616.711,625.78,573.178,605.828,2447.824996282404,0
CRJ,D,20220308,000000,591.316,620.339,583.154,584.062,1403.6401893096847,0
CRJ,D,20220309,000000,607.641,629.408,605.828,625.78,1400.332317693087,0
CRJ,D,20220310,000000,627.593,643.918,619.431,626.687,660.4716994473694,0
CRJ,D,20220311,000000,626.687,634.849,623.966,633.035,735.4501227569205,0
CRJ,D,20220314,000000,633.035,637.57,620.339,623.966,361.66063008136416,0
CRJ,D,20220315,000000,630.315,634.849,605.828,634.849,501.6938618506729,0
CRJ,D,20220316,000000,633.942,651.174,616.711,631.222,1520.5183197628087,0
CRJ,D,20220317,000000,634.849,647.547,617.617,647.547,574.4670374158254,0
CRJ,D,20220318,000000,640.291,649.36,625.78,634.849,527.0542109112563,0
CRJ,D,20220321,000000,628.501,645.732,623.059,645.732,347.32651974277354,0
CRJ,D,20220322,000000,643.918,662.057,635.756,652.988,679.2163052747571,0
CRJ,D,20220323,000000,654.801,669.313,643.918,643.918,1283.4541872399632,0
CRJ,D,20220324,000000,643.918,661.15,634.849,661.15,251.39824286143607,0
CRJ,D,20220325,000000,653.894,669.313,653.894,669.313,265.73235320002675,0
CRJ,D,20220328,000000,669.313,669.313,646.639,662.057,340.7107765095779,0
CRJ,D,20220329,000000,661.15,666.592,647.547,649.36,350.63439135937136,0
CRJ,D,20220330,000000,652.988,660.243,649.36,649.36,203.985416356867,0
CRJ,D,20220331,000000,648.454,648.454,635.756,641.198,381.50785978095126,0
CRJ,D,20220401,000000,639.384,665.685,633.942,665.685,657.1638278307714,0
CRJ,D,20220404,000000,664.778,664.778,648.454,662.057,330.7871616597843,0
CRJ,D,20220405,000000,660.243,667.499,652.988,667.499,375.99474041995484,0
CRJ,D,20220406,000000,668.406,668.406,640.291,655.709,750.8868569677104,0
CRJ,D,20220407,000000,643.918,662.057,637.57,662.057,517.1305960614628,0
CRJ,D,20220408,000000,654.801,679.289,641.198,679.289,923.9988049029974,0
CRJ,D,20220411,000000,716.473,720.101,662.057,672.033,1769.7113148798462,0
CRJ,D,20220412,000000,672.033,672.033,643.918,656.616,790.5813163668845,0
CRJ,D,20220413,000000,648.454,650.267,628.501,644.825,650.5480845975759,0
CRJ,D,20220414,000000,643.918,655.709,633.035,647.547,652.7533323419744,0
CRJ,D,20220419,000000,645.732,645.732,627.593,640.291,662.6769471917679,0
CRJ,D,20220420,000000,634.849,634.849,618.524,625.78,266.834977072226,0
CRJ,D,20220421,000000,621.246,633.942,613.083,617.617,373.7894926755563,0
CRJ,D,20220422,000000,617.617,650.267,609.455,634.849,671.4979381693622,0
CRJ,D,20220425,000000,609.455,623.966,591.316,623.966,933.922419752791,0
CRJ,D,20220426,000000,613.083,623.059,594.038,605.828,578.8775329046225,0
CRJ,D,20220427,000000,594.945,615.804,584.062,615.804,492.8728708730786,0
CRJ,D,20220428,000000,606.734,613.99,591.316,591.316,778.4524537726924,0
CRJ,D,20220429,000000,597.665,616.711,579.527,616.711,796.094435727881,0
CRJ,D,20220502,000000,596.758,616.711,584.969,613.99,442.15217275191173,0
CRJ,D,20220504,000000,615.804,615.804,598.572,599.479,395.84197011954194,0
CRJ,D,20220505,000000,604.014,613.99,591.316,607.641,318.65829906559225,0
CRJ,D,20220506,000000,598.572,606.734,576.806,602.2,703.4740304631414,0
CRJ,D,20220509,000000,590.41,598.572,578.62,588.596,285.5795828996138,0
CRJ,D,20220510,000000,587.689,588.596,565.015,575.899,571.1591657992276,0
CRJ,D,20220511,000000,579.527,579.527,565.015,567.737,377.0973642921541,0
CRJ,D,20220512,000000,561.388,561.388,530.553,535.087,831.3783996382579,0
CRJ,D,20220513,000000,536.901,544.156,523.297,540.529,1017.7218340399364,0
CRJ,D,20220516,000000,536.901,539.622,509.693,520.577,957.0775210689759,0
CRJ,D,20220517,000000,518.762,537.808,511.508,526.925,970.3090075353674,0
CRJ,D,20220518,000000,527.831,546.877,521.484,544.156,3035.5235201646205,0
CRJ,D,20220519,000000,535.087,535.087,520.577,527.831,159.88046146889576,0
CRJ,D,20220520,000000,526.018,550.505,518.762,549.598,662.6769471917679,0
CRJ,D,20220523,000000,548.692,576.806,545.97,556.854,480.74400827888655,0
CRJ,D,20220524,000000,556.854,556.854,530.553,533.273,460.89677857929945,0
CRJ,D,20220525,000000,531.46,531.46,504.252,526.018,731.0396272681234,0
CRJ,D,20220526,000000,521.484,540.529,504.252,540.529,575.5696612880247,0
CRJ,D,20220527,000000,530.553,548.692,515.135,536.901,370.4816210589584,0
CRJ,D,20220530,000000,526.925,577.713,526.925,576.806,920.6909332863996,0
CRJ,D,20220531,000000,558.668,595.852,558.668,589.503,782.8629492614896,0
CRJ,D,20220601,000000,596.758,596.758,574.085,580.433,198.4722969958706,0
CRJ,D,20220602,000000,583.154,589.503,550.505,550.505,463.10202632369806,0
CRJ,D,20220603,000000,539.622,558.668,505.159,525.111,2285.7392870691097,0
CRJ,D,20220606,000000,518.762,530.553,507.879,530.553,375.99474041995484,0
CRJ,D,20220607,000000,524.204,541.436,522.391,537.808,458.6915308349009,0
CRJ,D,20220608,000000,539.622,539.622,516.949,523.297,450.9731637295059,0
CRJ,D,20220609,000000,522.391,525.111,507.879,507.879,461.9994024514987,0
CRJ,D,20220610,000000,503.345,511.508,480.671,489.741,713.3976453129347,0
CRJ,D,20220613,000000,471.602,488.834,448.93,448.93,1317.635527278141,0
CRJ,D,20220614,000000,453.464,461.626,444.394,461.626,530.3620825278542,0
CRJ,D,20220615,000000,460.719,460.719,444.848,457.092,409.0734565859333,0
CRJ,D,20220617,000000,445.301,457.092,444.394,451.65,589.9037716266154,0
CRJ,D,20220620,000000,457.811,464.446,448.332,461.128,223.6643741324,0
CRJ,D,20220621,000000,462.55,470.133,459.707,468.237,375.5873452412,0
CRJ,D,20220622,000000,465.868,465.868,445.489,454.967,131.8775790875,0
CRJ,D,20220623,000000,445.489,468.237,445.489,468.237,150.8679504761,0
CRJ,D,20220624,000000,468.237,470.607,445.489,468.711,791.2654745250001,0
CRJ,D,20220627,000000,472.029,482.455,464.446,470.607,801.815680852,0
CRJ,D,20220628,000000,472.977,472.977,459.707,463.498,453.658872061,0
CRJ,D,20220629,000000,460.654,462.076,454.967,461.128,295.405777156,0
CRJ,D,20220630,000000,454.967,460.654,453.072,453.072,504.2998624306,0
CRJ,D,20220701,000000,445.489,452.598,437.906,445.489,366.0921595469,0
CRJ,D,20220704,000000,445.489,445.489,436.01,438.854,463.1540577553,0
CRJ,D,20220705,000000,444.541,444.541,420.371,424.162,655.1678129067,0
CRJ,D,20220706,000000,423.688,432.219,420.371,423.688,649.8927097432,0
CRJ,D,20220707,000000,419.897,428.902,417.527,426.058,985.3892709418,0
CRJ,D,20220708,000000,428.428,463.498,428.428,463.498,3284.2792295951,0
CRJ,D,20220711,000000,463.498,516.578,450.228,492.881,5175.9312240262,0
CRJ,D,20220712,000000,492.881,496.673,454.967,487.194,5973.5268223474,0
CRJ,D,20220713,000000,486.246,509.943,474.872,509.943,1141.5323245814,0
CRJ,D,20220714,000000,510.89,513.734,497.621,506.151,813.4209078117,0
CRJ,D,20220715,000000,511.838,551.648,510.89,543.117,1297.675378221,0
CRJ,D,20220718,000000,547.857,553.544,530.795,544.065,1368.3617606119,0
CRJ,D,20220719,000000,548.804,557.335,540.274,546.909,1250.1994497495,0
CRJ,D,20220720,000000,555.439,555.439,538.378,544.065,247.9298486845,0
CRJ,D,20220721,000000,540.274,557.335,540.274,557.335,2783.1444290626,0
CRJ,D,20220722,000000,561.126,601.884,554.492,592.405,554.9408528002,0
CRJ,D,20220725,000000,592.405,596.197,582.927,582.927,2809.5199448801,0
CRJ,D,20220726,000000,589.562,589.562,531.743,533.639,851.4016505889,0
CRJ,D,20220727,000000,540.274,554.492,540.274,552.596,358.707015118,0
CRJ,D,20220728,000000,558.283,560.179,550.7,551.648,119.2173314951,0
CRJ,D,20220729,000000,563.022,582.927,552.596,582.927,423.0632737127,0
CRJ,D,20220801,000000,582.927,582.927,566.814,581.031,174.0784043955,0
CRJ,D,20220802,000000,581.979,613.258,581.979,613.258,717.414030236,0
CRJ,D,20220803,000000,613.258,675.816,610.415,654.016,2084.7207702152,0
CRJ,D,20220804,000000,661.598,661.598,626.528,639.798,435.7235213051,0
CRJ,D,20220805,000000,639.798,651.172,635.059,643.589,650.9477303759,0
CRJ,D,20220808,000000,642.641,642.641,604.728,606.623,1310.3356258134,0
CRJ,D,20220809,000000,616.102,625.58,597.145,610.415,711.0839064398,0
CRJ,D,20220810,000000,613.258,613.258,581.979,596.197,438.8885832032,0
CRJ,D,20220811,000000,583.875,637.902,583.875,625.58,488.4745529401,0
CRJ,D,20220812,000000,633.163,633.163,608.519,610.415,519.0701512884,0
CRJ,D,20220816,000000,611.362,615.154,597.145,600.936,202.56396147840002,0
CRJ,D,20220817,000000,616.102,636.954,611.362,623.684,541.2255845751,0
CRJ,D,20220818,000000,622.737,639.798,617.05,625.58,216.2792297035,0
CRJ,D,20220819,000000,639.798,639.798,623.684,625.58,87.5667125141,0
CRJ,D,20220822,000000,627.476,633.163,589.562,589.562,309.12104538110003,0
CRJ,D,20220823,000000,592.405,603.78,589.562,599.04,346.0467675256,0
CRJ,D,20220824,000000,588.614,599.988,573.449,587.666,448.38376889750003,0
CRJ,D,20220825,000000,587.666,605.675,576.292,576.292,173.0233837628,0
CRJ,D,20220826,000000,575.344,585.771,569.657,577.24,150.8679504761,0
CRJ,D,20220829,000000,580.083,580.083,540.274,578.188,873.5570838756,0
CRJ,D,20220830,000000,578.188,586.718,542.169,559.231,3214.6478678369,0
CRJ,D,20220831,000000,559.231,566.814,559.231,566.814,361.8720770161,0
CRJ,D,20220901,000000,568.709,579.136,568.709,572.501,542.2806052078,0
CRJ,D,20220902,000000,572.501,611.362,572.501,599.04,497.9697386344,0
CRJ,D,20220905,000000,597.145,599.04,587.666,593.353,150.8679504761,0
CRJ,D,20220906,000000,590.51,615.154,590.51,615.154,1415.8376890834,0
CRJ,D,20220907,000000,605.675,620.841,598.093,620.841,301.7359009522,0
CRJ,D,20220908,000000,623.684,624.632,599.988,612.31,376.6423658739,0
CRJ,D,20220909,000000,613.258,616.102,604.728,606.623,113.9422283316,0
CRJ,D,20220912,000000,598.093,608.519,582.927,587.666,189.903713886,0
CRJ,D,20220913,000000,588.614,602.832,571.553,580.083,1477.02888578,0
CRJ,D,20220914,000000,569.657,579.136,568.709,578.188,81.2365887179,0
CRJ,D,20220915,000000,577.24,578.188,564.918,564.918,72.79642365630001,0
CRJ,D,20220916,000000,577.24,577.24,565.866,575.344,68.57634112550001,0
CRJ,D,20220919,000000,575.344,575.344,560.179,572.501,1136.2572214179,0
CRJ,D,20220920,000000,571.553,573.449,523.213,564.918,1318.775790875,0
CRJ,D,20220921,000000,557.335,568.709,534.587,568.709,931.5832186741001,0
CRJ,D,20220922,000000,555.439,567.761,541.222,563.97,449.4387895302,0
CRJ,D,20220923,000000,565.866,586.718,559.231,586.718,956.9037138589,0
CRJ,D,20220926,000000,578.188,584.823,545.013,584.823,555.9958734329,0
CRJ,D,20220927,000000,581.031,581.031,573.449,581.031,90.7317744122,0
CRJ,D,20220928,000000,573.449,579.136,560.179,579.136,350.2668500564,0
CRJ,D,20220929,000000,579.136,603.78,559.231,566.814,1386.2971113678,0
CRJ,D,20220930,000000,568.709,584.823,568.709,576.292,229.9944979286,0
CRJ,D,20221003,000000,570.605,577.24,559.231,576.292,451.5488307956,0
CRJ,D,20221004,000000,576.292,584.823,563.022,570.605,177.2434662936,0
CRJ,D,20221005,000000,583.875,590.51,542.169,568.709,1414.7826684507,0
CRJ,D,20221006,000000,568.709,571.553,560.179,568.709,189.903713886,0
CRJ,D,20221007,000000,576.292,576.292,540.274,574.396,1424.277854145,0
CRJ,D,20221010,000000,570.605,582.927,569.657,578.188,385.0825309355,0
CRJ,D,20221011,000000,572.501,578.188,552.596,578.188,378.75240713930003,0
CRJ,D,20221012,000000,581.031,592.405,568.709,583.875,757.5048142786001,0
CRJ,D,20221013,000000,585.771,587.666,574.396,578.188,554.9408528002,0
CRJ,D,20221014,000000,584.823,590.51,578.188,584.823,71.7414030236,0
CRJ,D,20221017,000000,588.614,592.405,563.022,576.292,520.1251719211,0
CRJ,D,20221018,000000,581.979,601.884,581.031,599.04,535.9504814116,0
CRJ,D,20221019,000000,590.51,611.362,569.657,581.031,1482.3039889435,0
CRJ,D,20221020,000000,589.562,589.562,554.492,575.344,1488.6341127397,0
CRJ,D,20221021,000000,563.97,575.344,563.97,573.449,403.0178816914,0
CRJ,D,20221024,000000,576.292,587.666,563.022,574.396,1860.0013754501,0
CRJ,D,20221025,000000,574.396,578.188,571.553,578.188,96.0068775757,0
CRJ,D,20221026,000000,571.553,578.188,530.795,559.231,4629.4305362876,0
CRJ,D,20221027,000000,560.179,573.449,554.492,566.814,211.00412654000002,0
CRJ,D,20221028,000000,568.709,578.188,566.814,577.24,117.1072902297,0
CRJ,D,20221031,000000,575.344,577.24,563.97,577.24,323.8913342389,0
CRJ,D,20221102,000000,568.709,587.666,564.918,587.666,359.7620357507,0
CRJ,D,20221103,000000,578.188,607.571,572.501,590.51,146.6478679453,0
CRJ,D,20221104,000000,592.405,616.102,592.405,611.362,735.3493809919,0
CRJ,D,20221107,000000,616.102,616.102,588.614,601.884,319.6712517081,0
CRJ,D,20221108,000000,596.197,604.728,578.188,584.823,305.955983483,0
CRJ,D,20221109,000000,599.988,615.154,594.301,615.154,422.00825308000003,0
CRJ,D,20221110,000000,611.362,611.362,570.605,609.467,987.4993122072,0
CRJ,D,20221114,000000,618.945,638.85,612.31,623.684,790.2104538923,0
CRJ,D,20221115,000000,625.58,627.476,608.519,620.841,532.7854195135,0
CRJ,D,20221116,000000,620.841,621.789,599.04,605.675,531.7303988808,0
CRJ,D,20221117,000000,595.249,611.362,587.666,602.832,342.8817056275,0
CRJ,D,20221118,000000,602.832,617.997,602.832,617.997,177.2434662936,0
CRJ,D,20221121,000000,615.154,625.58,599.988,625.58,336.5515818313,0
CRJ,D,20221122,000000,616.102,627.476,613.258,616.102,638.2874827835,0
CRJ,D,20221123,000000,614.206,629.372,613.258,625.58,663.6079779683,0
CRJ,D,20221124,000000,625.58,629.372,582.927,615.154,3665.1416779998,0
CRJ,D,20221125,000000,616.102,620.841,610.415,616.102,1090.8913342118,0
CRJ,D,20221128,000000,621.789,624.632,610.415,620.841,629.8473177219,0
CRJ,D,20221129,000000,623.684,623.684,609.467,620.841,1442.2132049009,0
CRJ,D,20221130,000000,620.841,642.641,616.102,642.641,814.4759284444,0
CRJ,D,20221201,000000,654.016,672.973,647.381,671.077,1653.2173314409001,0
CRJ,D,20221202,000000,671.077,672.973,658.755,668.233,1895.8720769619001,0
CRJ,D,20221205,000000,671.077,695.721,668.233,677.712,573.9312241888,0
CRJ,D,20221206,000000,678.66,682.451,655.911,663.494,736.4044016246,0
CRJ,D,20221207,000000,662.546,663.494,654.016,662.546,152.9779917415,0
CRJ,D,20221208,000000,662.546,663.494,656.859,661.598,508.51994496140003,0
CRJ,D,20221209,000000,663.494,670.129,654.963,665.39,1407.3975240218,0
CRJ,D,20221212,000000,667.286,668.233,654.016,665.39,603.4718019044,0
CRJ,D,20221213,000000,663.494,690.982,657.807,684.347,758.5598349113,0
CRJ,D,20221214,000000,690.982,691.93,682.451,684.347,368.2022008123,0
CRJ,D,20221215,000000,677.712,688.138,663.494,663.494,653.0577716413001,0
CRJ,D,20221216,000000,663.494,663.494,655.911,662.546,174.0784043955,0
CRJ,D,20221219,000000,661.598,661.598,644.537,659.703,288.0206327271,0
CRJ,D,20221220,000000,659.703,681.503,650.224,681.503,626.6822558238,0
CRJ,D,20221221,000000,668.233,681.503,664.442,667.286,277.4704264001,0
CRJ,D,20221222,000000,664.442,669.181,645.485,649.276,627.7372764565,0
CRJ,D,20221223,000000,650.224,660.651,649.276,654.016,178.2984869263,0
CRJ,D,20221227,000000,647.381,654.016,643.589,650.224,428.3383768762,0
CRJ,D,20221228,000000,649.276,654.016,643.589,650.224,787.0453919942,0
CRJ,D,20221229,000000,654.016,657.807,631.267,654.016,535.9504814116,0
CRJ,D,20221230,000000,645.485,663.494,645.485,663.494,246.8748280518,0
CRJ,D,20230102,000000,657.807,672.973,636.954,650.224,986.4442915745,0
CRJ,D,20230103,000000,650.224,661.598,650.224,661.598,332.3314993005,0
CRJ,D,20230104,000000,662.546,685.295,649.276,685.295,806.0357633828,0
CRJ,D,20230105,000000,675.816,680.555,667.286,677.712,988.5543328399,0
CRJ,D,20230109,000000,681.503,705.199,679.608,705.199,696.313617582,0
CRJ,D,20230110,000000,705.199,749.748,687.19,748.801,1404.2324621237,0
CRJ,D,20230111,000000,753.54,757.331,722.261,744.061,1177.4030260932,0
CRJ,D,20230112,000000,744.061,758.279,735.531,739.322,7353.493809919,0
CRJ,D,20230113,000000,747.853,756.383,744.061,756.383,260.5900962769,0
CRJ,D,20230116,000000,757.331,760.175,748.801,753.54,917.867950449,0
CRJ,D,20230117,000000,748.801,748.801,720.365,722.261,1366.2517193465,0
CRJ,D,20230118,000000,725.104,733.635,705.199,733.635,595.0316368428,0
CRJ,D,20230119,000000,728.896,738.374,720.365,735.531,219.4442916016,0
CRJ,D,20230120,000000,737.426,767.757,730.791,762.07,817.6409903425,0
CRJ,D,20230123,000000,764.914,790.506,749.748,774.392,858.7867950178,0
CRJ,D,20230124,000000,761.123,767.757,735.531,744.061,510.6299862268,0
CRJ,D,20230125,000000,735.531,775.34,729.844,771.549,346.0467675256,0
CRJ,D,20230126,000000,773.445,773.445,751.644,758.279,892.5474552642,0
CRJ,D,20230127,000000,756.383,776.288,756.383,776.288,732.1843190938,0
CRJ,D,20230130,000000,781.027,795.245,779.132,791.454,1726.0137550972,0
CRJ,D,20230131,000000,791.454,803.776,758.279,803.776,1369.4167812446,0
CRJ,D,20230201,000000,800.932,800.932,768.705,771.549,787.0453919942,0
CRJ,D,20230202,000000,777.236,784.819,759.227,781.975,434.6685006724,0
CRJ,D,20230203,000000,781.027,790.506,777.236,783.871,398.7977991606,0
CRJ,D,20230206,000000,780.08,786.714,767.757,772.497,166.6932599666,0
CRJ,D,20230207,000000,768.705,771.549,750.696,756.383,477.9243466131,0
CRJ,D,20230208,000000,758.279,763.018,751.644,751.644,2190.2228334852,0
CRJ,D,20230209,000000,758.279,763.966,749.748,758.279,279.5804676655,0
CRJ,D,20230210,000000,753.54,753.54,739.322,744.061,463.1540577553,0
CRJ,D,20230213,000000,742.166,752.592,708.043,721.313,1231.2090783609,0
CRJ,D,20230214,000000,729.844,741.218,727,729.844,154.0330123742,0
CRJ,D,20230215,000000,730.791,746.905,730.791,745.009,162.4731774358,0
CRJ,D,20230216,000000,752.592,753.54,729.844,753.54,157.1980742723,0
CRJ,D,20230217,000000,756.383,757.331,745.957,757.331,516.960110023,0
CRJ,D,20230220,000000,748.801,756.383,735.531,756.383,105.50206327000001,0
CRJ,D,20230221,000000,748.801,754.488,739.322,753.54,1075.0660247213,0
CRJ,D,20230222,000000,745.009,752.592,730.791,752.592,335.4965611986,0
CRJ,D,20230223,000000,748.801,752.592,741.218,752.592,47.4759284715,0
CRJ,D,20230224,000000,754.488,758.279,749.748,755.435,197.2888583149,0
CRJ,D,20230227,000000,757.331,776.288,746.905,767.757,159.3081155377,0
CRJ,D,20230228,000000,766.81,776.288,746.905,766.81,2719.8431911006,0
CRJ,D,20230301,000000,768.705,769.653,759.227,767.757,257.4250343788,0
CRJ,D,20230302,000000,767.757,770.601,758.279,770.601,181.4635488244,0
CRJ,D,20230303,000000,771.549,773.445,758.279,765.862,251.0949105826,0
CRJ,D,20230306,000000,752.592,766.81,752.592,760.175,144.5378266799,0
CRJ,D,20230307,000000,760.175,775.34,760.175,767.757,262.7001375423,0
CRJ,D,20230308,000000,767.757,772.497,761.123,772.497,142.4277854145,0
CRJ,D,20230309,000000,774.392,799.984,767.757,791.454,4242.2379640867,0
CRJ,D,20230310,000000,791.454,796.193,784.819,791.454,743.7895460535,0
CRJ,D,20230313,000000,791.454,799.984,741.218,762.07,1128.872076989,0
CRJ,D,20230314,000000,774.392,787.662,771.549,787.662,1129.9270976217,0
CRJ,D,20230315,000000,784.819,799.037,771.549,786.714,4879.4704262375,0
CRJ,D,20230316,000000,781.975,781.975,763.966,774.392,1383.1320494697,0
CRJ,D,20230317,000000,777.236,781.975,763.966,781.975,80.1815680852,0
CRJ,D,20230320,000000,795.245,795.245,763.018,777.236,283.8005501963,0
CRJ,D,20230321,000000,784.819,815.15,767.757,809.463,3271.6189820027002,0
CRJ,D,20230322,000000,812.306,833.159,804.724,833.159,1123.5969738255,0
CRJ,D,20230323,000000,824.628,832.211,808.515,823.681,382.9724896701,0
CRJ,D,20230324,000000,824.628,824.628,798.089,821.785,279.5804676655,0
CRJ,D,20230327,000000,803.776,823.681,793.349,800.932,535.9504814116,0
CRJ,D,20230328,000000,800.932,822.733,781.975,795.245,357.6519944853,0
CRJ,D,20230329,000000,786.714,791.454,778.184,781.027,506.409903696,0
CRJ,D,20230330,000000,778.184,789.558,769.653,787.662,416.7331499165,0
CRJ,D,20230331,000000,782.923,795.245,781.027,782.923,294.3507565233,0
CRJ,D,20230403,000000,790.506,824.628,788.61,806.619,2817.9601099417,0
CRJ,D,20230404,000000,807.567,824.628,803.776,823.681,350.2668500564,0
CRJ,D,20230405,000000,815.15,825.576,805.671,805.671,158.253094905,0
CRJ,D,20230406,000000,804.724,813.254,798.089,805.671,197.2888583149,0
CRJ,D,20230411,000000,805.671,806.619,792.402,805.671,827.1361760368001,0
CRJ,D,20230412,000000,799.037,803.776,787.662,796.193,238.4346629902,0
CRJ,D,20230413,000000,792.402,807.567,786.714,805.671,589.7565336793,0
CRJ,D,20230414,000000,807.567,838.846,798.089,837.898,635.1224208854001,0
CRJ,D,20230417,000000,834.107,834.107,803.776,818.941,254.25997248070001,0
CRJ,D,20230418,000000,822.733,834.107,817.046,833.159,418.8431911819,0
CRJ,D,20230419,000000,833.159,841.69,796.193,841.69,574.9862448215,0
CRJ,D,20230420,000000,853.064,881.499,841.69,851.168,2193.3878953833,0
CRJ,D,20230421,000000,838.846,838.846,803.776,819.889,2425.4924345773,0
CRJ,D,20230424,000000,818.941,818.941,804.724,806.619,183.5735900898,0
CRJ,D,20230425,000000,815.15,815.15,777.236,782.923,701.5887207455,0
CRJ,D,20230426,000000,784.819,801.88,764.914,775.34,858.7867950178,0
CRJ,D,20230427,000000,790.506,790.506,766.81,782.923,1340.9312241617001,0
CRJ,D,20230428,000000,792.402,803.776,778.184,789.558,779.6602475653,0
CRJ,D,20230502,000000,781.975,781.975,755.435,763.966,790.2104538923,0
CRJ,D,20230504,000000,759.227,759.227,718.469,741.218,5822.6588718713,0
CRJ,D,20230505,000000,741.218,754.488,722.261,741.218,1522.3947729861,0
CRJ,D,20230508,000000,740.27,755.435,722.261,754.488,947.4085281646,0
CRJ,D,20230509,000000,757.331,769.653,757.331,762.07,1031.8101787806,0
CRJ,D,20230510,000000,765.862,765.862,749.748,749.748,107.61210453540001,0
CRJ,D,20230511,000000,749.748,754.488,739.322,754.488,435.7235213051,0
CRJ,D,20230512,000000,763.966,778.184,725.104,751.644,1300.8404401191,0
CRJ,D,20230515,000000,756.383,766.81,748.801,758.279,266.9202200731,0
CRJ,D,20230516,000000,748.801,764.914,746.905,764.914,243.7097661537,0
CRJ,D,20230517,000000,765.862,767.757,760.175,767.757,143.4828060472,0
CRJ,D,20230518,000000,761.123,766.81,740.27,759.227,429.3933975089,0
CRJ,D,20230519,000000,763.018,767.757,748.801,767.757,451.5488307956,0
CRJ,D,20230522,000000,766.81,766.81,758.279,765.862,69.6313617582,0
CRJ,D,20230523,000000,765.862,765.862,743.113,758.279,203.6189821111,0
CRJ,D,20230524,000000,755.435,758.279,752.592,757.331,74.9064649217,0
CRJ,D,20230525,000000,758.279,779.132,754.488,778.184,864.0618981813,0
CRJ,D,20230526,000000,777.236,795.245,763.018,795.245,390.357634099,0
CRJ,D,20230529,000000,794.297,794.297,769.653,790.506,293.2957358906,0
CRJ,D,20230530,000000,777.236,781.027,744.061,774.392,528.5653369827,0
CRJ,D,20230531,000000,758.279,775.34,748.801,770.601,432.558459407,0
CRJ,D,20230601,000000,758.279,770.601,758.279,770.601,181.4635488244,0
CRJ,D,20230602,000000,762.07,781.027,743.113,777.236,1334.6011003655,0
CRJ,D,20230605,000000,776.288,784.819,763.966,784.819,283.8005501963,0
CRJ,D,20230606,000000,784.819,796.193,778.184,796.193,319.6712517081,0
CRJ,D,20230607,000000,799.037,803.776,781.975,791.454,642.5075653143,0
CRJ,D,20230609,000000,781.027,813.254,781.027,813.254,355.5419532199,0
CRJ,D,20230612,000000,805.671,815.15,793.349,806.619,598.1966987409,0
CRJ,D,20230613,000000,792.402,800.932,765.862,777.236,867.2269600794,0
CRJ,D,20230614,000000,775.34,777.236,752.592,777.236,1047.6354882711,0
CRJ,D,20230615,000000,781.027,782.923,768.705,782.923,429.3933975089,0
CRJ,D,20230616,000000,781.027,786.714,767.757,786.714,396.6877578952,0
CRJ,D,20230619,000000,786.714,786.714,765.862,774.392,661.4979367029,0
CRJ,D,20230620,000000,773.445,773.445,748.801,753.54,781.7702888307,0
CRJ,D,20230621,000000,759.227,759.227,744.061,744.061,474.75928471500004,0
CRJ,D,20230622,000000,744.061,763.018,744.061,763.018,312.2861072792,0
CRJ,D,20230623,000000,758.279,771.549,752.592,771.549,350.2668500564,0
CRJ,D,20230626,000000,760.175,771.549,745.957,771.549,376.6423658739,0
CRJ,D,20230627,000000,767.757,782.923,758.279,782.923,354.4869325872,0
CRJ,D,20230628,000000,781.975,786.714,758.279,786.714,730.0742778284,0
CRJ,D,20230629,000000,786.714,800.932,767.757,800.932,1077.1760659867,0
CRJ,D,20230630,000000,800.932,800.932,794.297,800.932,933.6932599395,0
CRJ,D,20230703,000000,795.245,795.245,747.853,757.331,2671.3122419964,0
CRJ,D,20230704,000000,747.853,758.279,745.957,748.801,401.9628610587,0
CRJ,D,20230705,000000,747.853,747.853,723.209,729.844,835.5763410984,0
CRJ,D,20230706,000000,729.844,737.426,721.313,727.948,507.4649243287,0
CRJ,D,20230707,000000,725.104,727.948,720.365,722.261,304.9009628503,0
CRJ,D,20230710,000000,723.209,727.948,721.313,725.104,291.18569462520003,0
CRJ,D,20230711,000000,725.104,727.948,702.356,718.469,842.9614855273,0
CRJ,D,20230712,000000,719.417,727.948,707.095,727.948,366.0921595469,0
CRJ,D,20230713,000000,727.948,727.948,707.095,714.678,568.6561210253,0
CRJ,D,20230714,000000,720.365,724.156,716.574,723.209,237.37964235750002,0
CRJ,D,20230717,000000,717.522,725.104,713.73,713.73,265.8651994404,0
CRJ,D,20230718,000000,711.834,718.469,707.095,709.939,730.0742778284,0
CRJ,D,20230719,000000,707.095,714.678,703.304,714.678,567.6011003926,0
CRJ,D,20230720,000000,714.678,727.948,714.678,718.469,161.4181568031,0
CRJ,D,20230721,000000,717.522,725.104,690.982,718.469,955.8486932262,0
CRJ,D,20230724,000000,708.991,718.469,692.877,718.469,567.6011003926,0
CRJ,D,20230725,000000,718.469,718.469,705.199,710.887,545.4456671059,0
CRJ,D,20230726,000000,708.991,708.991,697.617,705.199,435.7235213051,0
CRJ,D,20230727,000000,701.408,717.522,701.408,717.522,615.0770288641,0
CRJ,D,20230728,000000,714.678,717.522,706.147,715.626,435.7235213051,0
CRJ,D,20230731,000000,710.887,717.522,706.147,714.678,167.7482805993,0
CRJ,D,20230801,000000,717.522,725.104,711.834,723.209,373.4773039758,0
CRJ,D,20230802,000000,723.209,723.209,709.939,720.365,81.2365887179,0
CRJ,D,20230803,000000,714.678,714.678,698.565,710.887,331.2764786678,0
CRJ,D,20230804,000000,710.887,710.887,706.147,708.043,211.00412654000002,0
CRJ,D,20230807,000000,703.304,705.199,692.877,697.617,423.0632737127,0
CRJ,D,20230808,000000,706.147,708.043,692.877,707.095,203.6189821111,0
CRJ,D,20230809,000000,705.199,717.522,693.825,717.522,158.253094905,0
CRJ,D,20230810,000000,717.522,727.948,701.408,727.948,366.0921595469,0
CRJ,D,20230811,000000,727.948,727.948,716.574,727.948,333.3865199332,0
CRJ,D,20230814,000000,727.948,727.948,713.73,722.261,470.5392021842,0
CRJ,D,20230816,000000,721.313,721.313,707.095,715.626,279.5804676655,0
CRJ,D,20230817,000000,690.982,709.939,673.92,708.043,1385.2420907351,0
CRJ,D,20230818,000000,701.408,708.043,690.982,698.565,380.8624484047,0
CRJ,D,20230821,000000,701.408,719.417,685.295,719.417,1191.1182943183,0
CRJ,D,20230822,000000,718.469,721.313,703.304,703.304,348.156808791,0
CRJ,D,20230823,000000,704.252,708.991,691.93,701.408,274.30536450200003,0
CRJ,D,20230824,000000,706.147,715.626,694.773,715.626,410.4030261203,0
CRJ,D,20230825,000000,712.782,727,706.147,727,572.8762035561,0
CRJ,D,20230828,000000,739,739,725,729,220,0
CRJ,D,20230829,000000,731,735,722,722,120,0
CRJ,D,20230830,000000,721,721,708,715,187,0
CRJ,D,20230831,000000,712,712,699,712,267,0
CRJ,D,20230901,000000,701,724,695,724,264,0
CRJ,D,20230904,000000,710,724,710,724,150,0
CRJ,D,20230905,000000,724,724,715,720,78,0
CRJ,D,20230906,000000,719,719,691,717,569,0
CRJ,D,20230907,000000,705,716,702,711,386,0
CRJ,D,20230908,000000,705,709,691,700,454,0
CRJ,D,20230911,000000,693,706,691,705,174,0
CRJ,D,20230912,000000,704,705,680,700,413,0
CRJ,D,20230913,000000,699,699,686,698,163,0
CRJ,D,20230914,000000,697,698,687,687,117,0
CRJ,D,20230915,000000,695,699,683,699,247,0
CRJ,D,20230918,000000,685,694,681,690,301,0
CRJ,D,20230919,000000,679,683,660,680,579,0
CRJ,D,20230920,000000,681,684,665,667,513,0
CRJ,D,20230921,000000,663,663,652,659,289,0
CRJ,D,20230922,000000,657,704,650,680,593,0
CRJ,D,20230925,000000,688,692,680,692,222,0
CRJ,D,20230926,000000,690,692,666,687,336,0
CRJ,D,20230927,000000,692,692,675,692,154,0
CRJ,D,20230928,000000,691,692,670,692,468,0
CRJ,D,20230929,000000,690,692,680,692,186,0
CRJ,D,20231002,000000,691,691,669,672,648,0
CRJ,D,20231003,000000,672,672,655,672,270,0
CRJ,D,20231004,000000,670,677,655,670,410,0
CRJ,D,20231005,000000,665,670,665,665,75,0
CRJ,D,20231006,000000,665,692,665,692,248,0
CRJ,D,20231009,000000,671,689,671,671,394,0
CRJ,D,20231010,000000,670,680,661,661,180,0
CRJ,D,20231011,000000,660,668,659,659,172,0
CRJ,D,20231012,000000,659,670,656,656,471,0
CRJ,D,20231013,000000,656,658,635,650,496,0
CRJ,D,20231016,000000,648,650,635,650,441,0
CRJ,D,20231017,000000,641,650,641,650,214,0
CRJ,D,20231018,000000,650,650,625,640,334,0
CRJ,D,20231019,000000,630,640,611,611,849,0
CRJ,D,20231020,000000,610,635,595,625,907,0
CRJ,D,20231023,000000,624,624,597,607,446,0
CRJ,D,20231024,000000,600,604,590,600,638,0
CRJ,D,20231025,000000,600,602,583,587,345,0
CRJ,D,20231026,000000,588,604,588,604,637,0
CRJ,D,20231027,000000,600,600,580,588,452,0
CRJ,D,20231030,000000,582,595,577,595,999,0
CRJ,D,20231031,000000,600,623,588,623,523,0
CRJ,D,20231102,000000,625,625,601,622,268,0
CRJ,D,20231103,000000,619,619,598,619,641,0
CRJ,D,20231106,000000,618,618,599,614,911,0
CRJ,D,20231107,000000,612,612,601,608,305,0
CRJ,D,20231108,000000,600,608,590,591,369,0
CRJ,D,20231109,000000,588,605,585,596,205,0
CRJ,D,20231110,000000,600,603,588,599,267,0
CRJ,D,20231113,000000,600,608,582,597,523,0
CRJ,D,20231114,000000,597,608,580,608,805,0
CRJ,D,20231115,000000,608,616,600,616,300,0
CRJ,D,20231116,000000,616,616,603,611,50,0
CRJ,D,20231117,000000,614,626,604,626,239,0
CRJ,D,20231120,000000,626,626,612,615,423,0
CRJ,D,20231121,000000,613,621,594,604,738,0
CRJ,D,20231122,000000,600,606,595,606,155,0
CRJ,D,20231123,000000,606,606,596,600,309,0
CRJ,D,20231124,000000,604,606,593,597,465,0
CRJ,D,20231127,000000,592,593,589,590,301,0
CRJ,D,20231128,000000,590,595,564,595,536,0
CRJ,D,20231129,000000,586,589,572,579,664,0
CRJ,D,20231130,000000,577,578,570,577,416,0
CRJ,D,20231201,000000,572,596,566,596,832,0
CRJ,D,20231204,000000,590,595,580,584,409,0
CRJ,D,20231205,000000,581,581,570,570,973,0
CRJ,D,20231206,000000,570,580,560,566,850,0
CRJ,D,20231207,000000,562,579,562,579,284,0
CRJ,D,20231208,000000,577,579,568,575,458,0
CRJ,D,20231211,000000,575,575,552,554,1101,0
CRJ,D,20231212,000000,554,575,552,554,526,0
CRJ,D,20231213,000000,553,565,552,560,419,0
CRJ,D,20231214,000000,566,593,556,593,654,0
CRJ,D,20231215,000000,590,630,586,630,2795,0
CRJ,D,20231218,000000,631,652,619,652,536,0
CRJ,D,20231219,000000,649,656,635,656,503,0
CRJ,D,20231220,000000,656,656,629,640,684,0
CRJ,D,20231221,000000,635,640,602,608,945,0
CRJ,D,20231222,000000,607,607,580,600,1883,0
CRJ,D,20231227,000000,591,600,588,595,550,0
CRJ,D,20231228,000000,595,595,587,590,1038,0
CRJ,D,20231229,000000,590,611,590,598,492,0
CRJ,D,20240102,000000,605,630,602,621,513,0
CRJ,D,20240103,000000,616,620,603,620,426,0
CRJ,D,20240104,000000,616,629,605,605,522,0
CRJ,D,20240105,000000,609,609,593,595,435,0
CRJ,D,20240108,000000,595,614,590,614,322,0
CRJ,D,20240109,000000,627,627,596,597,392,0
CRJ,D,20240110,000000,596,607,596,596,122,0
CRJ,D,20240111,000000,599,600,590,597,209,0
CRJ,D,20240112,000000,600,607,589,599,90,0
CRJ,D,20240115,000000,599,600,580,590,342,0
CRJ,D,20240116,000000,590,590,574,574,419,0
CRJ,D,20240117,000000,570,571,557,571,944,0
CRJ,D,20240118,000000,570,587,570,580,117,0
CRJ,D,20240119,000000,579,589,579,589,152,0
CRJ,D,20240122,000000,590,610,584,609,358,0
CRJ,D,20240123,000000,609,613,604,613,87,0
CRJ,D,20240124,000000,610,610,606,607,207,0
CRJ,D,20240125,000000,608,608,604,604,43,0
CRJ,D,20240126,000000,604,620,599,620,333,0
CRJ,D,20240129,000000,620,621,601,611,157,0
CRJ,D,20240130,000000,618,618,592,592,265,0
CRJ,D,20240131,000000,594,605,590,590,233,0
CRJ,D,20240201,000000,600,600,590,593,231,0
CRJ,D,20240202,000000,596,607,594,607,244,0
CRJ,D,20240205,000000,608,608,601,606,88,0
CRJ,D,20240206,000000,606,606,597,600,120,0
CRJ,D,20240207,000000,600,604,596,597,87,0
CRJ,D,20240208,000000,600,605,596,604,234,0
CRJ,D,20240209,000000,599,619,598,619,194,0
CRJ,D,20240212,000000,619,622,610,622,286,0
CRJ,D,20240213,000000,622,641,620,630,555,0
CRJ,D,20240214,000000,630,644,622,630,127,0
CRJ,D,20240215,000000,630,637,623,637,143,0
CRJ,D,20240216,000000,631,631,612,619,491,0
CRJ,D,20240219,000000,619,622,578,600,996,0
CRJ,D,20240220,000000,600,617,600,617,76,0
CRJ,D,20240221,000000,613,630,613,630,191,0
CRJ,D,20240222,000000,621,638,613,638,433,0
CRJ,D,20240223,000000,638,649,624,634,600,0
CRJ,D,20240226,000000,634,639,630,630,295,0
CRJ,D,20240227,000000,630,639,620,633,339,0
CRJ,D,20240228,000000,632,632,590,593,1114,0
CRJ,D,20240229,000000,582,600,582,590,339,0
CRJ,D,20240301,000000,590,599,584,592,155,0
CRJ,D,20240304,000000,592,592,580,580,187,0
CRJ,D,20240305,000000,580,593,571,593,647,0
CRJ,D,20240306,000000,592,596,580,588,157,0
CRJ,D,20240307,000000,594,594,573,580,248,0
CRJ,D,20240308,000000,580,590,580,588,167,0
CRJ,D,20240311,000000,585,595,572,580,298,0
CRJ,D,20240312,000000,580,589,576,580,229,0
CRJ,D,20240313,000000,576,580,565,577,173,0
CRJ,D,20240314,000000,577,585,574,580,74,0
CRJ,D,20240315,000000,580,580,563,580,474,0
