<TICKER>,<PER>,<DATE>,<TIME>,<OPEN>,<HIGH>,<LOW>,<CLOSE>,<VOL>,<OPENINT>
CSR,D,20111208,000000,5.83522,8.22216,5.83522,6.64409,7619.979885961312,0
CSR,D,20111209,000000,6.89618,7.28743,5.31793,5.33138,1880.2547770553886,0
CSR,D,20111212,000000,5.56984,5.56984,4.73442,4.90813,2528.997653349353,0
CSR,D,20111213,000000,5.17187,5.30465,4.90667,5.03946,1841.7700301565942,0
CSR,D,20111214,000000,5.11912,5.11912,5.11912,5.11912,753.201475019264,0
CSR,D,20111215,000000,5.05291,5.05291,5.02617,5.02617,907.140462614442,0
CSR,D,20111216,000000,4.97306,4.97306,4.97306,4.97306,373.8518270168609,0
CSR,D,20111219,000000,4.90667,4.90667,4.90667,4.90667,120.95206168192558,0
CSR,D,20111220,000000,4.90667,4.90667,4.90667,4.90667,489.30606771324443,0
CSR,D,20111222,000000,4.90667,4.90667,4.90667,4.90667,687.2276231927591,0
CSR,D,20111228,000000,5.17187,5.17187,5.17187,5.17187,186.92591350843045,0
CSR,D,20111229,000000,5.29155,5.30465,5.29155,5.30465,604.760308409628,0
CSR,D,20120111,000000,5.0791,5.0791,5.0791,5.0791,483.80824672770234,0
CSR,D,20120127,000000,5.06619,5.06619,5.06619,5.06619,296.8823332192719,0
CSR,D,20120131,000000,5.30465,5.30465,5.30465,5.30465,373.8518270168609,0
CSR,D,20120202,000000,5.30465,5.30465,5.30465,5.30465,186.92591350843045,0
CSR,D,20120227,000000,5.43725,6.36434,5.43725,6.36434,2743.412671785494,0
CSR,D,20120229,000000,6.63099,6.89618,6.63099,6.89618,120.95206168192558,0
CSR,D,20120301,000000,7.02878,7.29398,7.02878,7.29398,219.9128394216829,0
CSR,D,20120302,000000,7.29398,8.75256,7.29398,8.75256,406.83875293011334,0
CSR,D,20120305,000000,7.28743,7.28743,7.02878,7.02878,98.96077773975729,0
CSR,D,20120309,000000,7.02769,7.69177,7.02769,7.559,1627.3550117204534,0
CSR,D,20120314,000000,6.10042,6.10042,6.10042,6.10042,720.2145491060114,0
CSR,D,20120315,000000,6.10042,6.10042,5.96781,5.96781,467.3147837710761,0
CSR,D,20120525,000000,5.30465,5.30465,5.30465,5.30465,417.8343949011975,0
CSR,D,20120720,000000,5.17187,5.30356,5.17187,5.30356,6245.524639575794,0
CSR,D,20120829,000000,5.23862,5.23862,5.23862,5.23862,285.88669124818773,0
CSR,D,20120830,000000,5.23862,5.30465,5.23862,5.23862,1649.3462956626217,0
CSR,D,20120913,000000,5.10566,5.10566,5.10566,5.10566,296.8823332192719,0
CSR,D,20121120,000000,5.06619,5.06619,4.93341,4.93341,307.87797519035604,0
CSR,D,20121217,000000,4.68695,4.68695,4.68695,4.68695,324.37143814698226,0
CSR,D,20121220,000000,4.44267,4.44267,3.97885,3.97885,868.6557157156474,0
CSR,D,20121221,000000,3.70129,3.70129,3.70129,3.70129,324.37143814698226,0
CSR,D,20130110,000000,3.7795,3.7795,3.7795,3.7795,753.201475019264,0
CSR,D,20130111,000000,3.99195,3.99195,3.99195,3.99195,1127.053302036125,0
CSR,D,20130122,000000,3.99195,3.99195,3.99195,3.99195,1121.5554810505826,0
CSR,D,20130227,000000,4.29043,4.77389,4.29043,4.77389,736.7080120626376,0
CSR,D,20130228,000000,5.13239,5.13239,5.13239,5.13239,291.3845122337298,0
CSR,D,20130301,000000,6.12698,6.12698,4.77389,4.77389,296.8823332192719,0
CSR,D,20130327,000000,4.77389,4.77389,4.77389,4.77389,307.87797519035604,0
CSR,D,20130419,000000,4.70787,4.70787,4.56472,4.56472,659.7385182650487,0
CSR,D,20130520,000000,4.64147,4.64147,4.64147,4.64147,324.37143814698226,0
CSR,D,20130604,000000,5.30465,5.30465,5.30465,5.30465,5.497820985542072,0
CSR,D,20130704,000000,4.17747,4.17747,4.17747,4.17747,362.8561850457768,0
CSR,D,20130705,000000,4.24368,4.31007,4.24368,4.31007,995.1055983831152,0
CSR,D,20130708,000000,4.49051,4.49051,4.49051,4.49051,340.8649011036085,0
CSR,D,20131016,000000,4.77389,4.77389,4.64147,4.64147,648.7428762939645,0
CSR,D,20131017,000000,4.77389,4.84046,4.69459,4.77389,1385.4508883566023,0
CSR,D,20131021,000000,4.56472,4.56472,4.38028,4.38028,676.2319812216749,0
CSR,D,20131120,000000,4.57545,4.84046,4.57545,4.84046,747.7036540337218,0
CSR,D,20131121,000000,4.84046,4.84046,4.84046,4.84046,2265.1022460433337,0
CSR,D,20131122,000000,4.84046,4.84046,4.84046,4.84046,819.1753268457687,0
CSR,D,20131126,000000,4.84046,4.84046,4.84046,4.84046,3689.0378812987306,0
CSR,D,20131127,000000,4.84046,4.84046,4.84046,4.84046,4568.689238985462,0
CSR,D,20131128,000000,5.03946,5.03946,4.84046,4.84046,5046.999664727622,0
CSR,D,20131129,000000,5.03946,5.03946,5.03946,5.03946,1511.9007710240699,0
CSR,D,20131202,000000,5.30465,5.30465,5.30465,5.30465,291.3845122337298,0
CSR,D,20131206,000000,5.30465,5.30465,5.30465,5.30465,5.497820985542072,0
CSR,D,20131209,000000,6.432,6.432,6.432,6.432,296.8823332192719,0
CSR,D,20131227,000000,6.432,6.432,6.432,6.432,439.8256788433658,0
CSR,D,20140127,000000,6.04585,6.04585,5.03946,5.03946,296.8823332192719,0
CSR,D,20140128,000000,6.04749,6.04749,6.04749,6.04749,247.40194434939326,0
CSR,D,20140211,000000,5.30465,5.30465,5.18133,5.18133,566.2755615108334,0
CSR,D,20140218,000000,5.30465,5.56984,5.30465,5.56984,549.7820985542073,0
CSR,D,20140225,000000,5.83522,6.432,5.83522,6.432,181.4280925228884,0
CSR,D,20140228,000000,5.17187,5.37103,5.17187,5.37103,665.2363392505907,0
CSR,D,20140306,000000,5.37103,5.37103,5.37103,5.37103,5.497820985542072,0
CSR,D,20140310,000000,5.37103,5.37103,5.37103,5.37103,5.497820985542072,0
CSR,D,20140312,000000,5.37103,5.37103,5.37103,5.37103,16.493462956626217,0
CSR,D,20140313,000000,5.37103,5.37103,5.37103,5.37103,10.995641971084144,0
CSR,D,20140314,000000,5.37103,6.05676,5.37103,6.05676,962.1186724698626,0
CSR,D,20140331,000000,5.96781,5.96781,5.94126,5.94126,280.38887026264564,0
CSR,D,20140403,000000,5.96781,5.96781,5.96781,5.96781,87.96513576867315,0
CSR,D,20140404,000000,5.97073,5.97073,5.97073,5.97073,5.497820985542072,0
CSR,D,20140408,000000,5.97073,5.97073,5.97073,5.97073,5.497820985542072,0
CSR,D,20140422,000000,5.9942,5.9942,5.9942,5.9942,148.44116660963596,0
CSR,D,20140428,000000,6.01675,6.23302,6.01675,6.23302,71.47167281204693,0
CSR,D,20140502,000000,6.23302,6.23302,6.23302,6.23302,5.497820985542072,0
CSR,D,20140508,000000,6.23302,6.23302,6.23302,6.23302,10.995641971084144,0
CSR,D,20140509,000000,6.23302,6.23302,6.23302,6.23302,10.995641971084144,0
CSR,D,20140513,000000,6.23302,6.23302,6.23302,6.23302,10.995641971084144,0
CSR,D,20140514,000000,6.23302,6.23302,6.23302,6.23302,76.96949379758901,0
CSR,D,20140515,000000,6.23302,6.23302,6.23302,6.23302,71.47167281204693,0
CSR,D,20140520,000000,6.23302,6.23302,6.23302,6.23302,5.497820985542072,0
CSR,D,20140522,000000,6.23302,6.23302,6.23302,6.23302,5.497820985542072,0
CSR,D,20140523,000000,6.23302,6.23302,6.23302,6.23302,5.497820985542072,0
CSR,D,20140527,000000,6.23302,6.23302,6.23302,6.23302,5.497820985542072,0
CSR,D,20140528,000000,6.23302,6.23302,6.23302,6.23302,5.497820985542072,0
CSR,D,20140529,000000,6.10042,6.10042,5.92289,5.92289,27.48910492771036,0
CSR,D,20140703,000000,6.02439,6.13025,6.02439,6.13025,21.991283942168288,0
CSR,D,20140714,000000,6.06458,6.06458,5.58002,5.58002,648.7428762939645,0
CSR,D,20140814,000000,5.29355,5.68971,5.29355,5.68971,593.7646664385438,0
CSR,D,20140819,000000,5.29355,5.29355,5.29355,5.29355,285.88669124818773,0
CSR,D,20140901,000000,5.05673,5.05673,5.05673,5.05673,285.88669124818773,0
CSR,D,20140912,000000,5.05673,5.05673,5.05673,5.05673,10.995641971084144,0
CSR,D,20140917,000000,5.07401,5.11421,5.07401,5.11421,16.493462956626217,0
CSR,D,20140922,000000,5.11421,5.11421,5.11421,5.11421,10.995641971084144,0
CSR,D,20140923,000000,5.11421,5.11421,5.11421,5.11421,5.497820985542072,0
CSR,D,20141008,000000,5.11421,5.11421,5.11421,5.11421,5.497820985542072,0
CSR,D,20141014,000000,5.11421,5.11421,5.11421,5.11421,16.493462956626217,0
CSR,D,20141015,000000,5.11421,5.11421,5.11421,5.11421,10.995641971084144,0
CSR,D,20141027,000000,5.11421,5.11421,5.11421,5.11421,10.995641971084144,0
CSR,D,20141028,000000,5.11421,5.11421,5.11421,5.11421,16.493462956626217,0
CSR,D,20150108,000000,5.03636,5.08729,5.03636,5.08729,16.493462956626217,0
CSR,D,20150109,000000,5.10748,5.10748,5.10748,5.10748,5.497820985542072,0
CSR,D,20150121,000000,4.75261,4.75261,4.75261,4.75261,5.497820985542072,0
CSR,D,20150209,000000,4.6855,4.6855,4.6855,4.6855,98.96077773975729,0
CSR,D,20150210,000000,4.6855,4.6855,4.6855,4.6855,16.493462956626217,0
CSR,D,20150220,000000,4.96433,4.96433,4.79263,4.79263,230.90848139276704,0
CSR,D,20150318,000000,4.67094,4.67094,4.61874,4.61874,428.8300368722816,0
CSR,D,20150408,000000,4.65893,4.65893,4.65893,4.65893,225.41066040722498,0
CSR,D,20150410,000000,4.48486,4.48486,3.5876,3.74858,1094.0663761228723,0
CSR,D,20150413,000000,4.04306,4.06343,3.94939,4.04306,879.6513576867316,0
CSR,D,20150414,000000,4.08325,4.08325,4.08325,4.08325,258.3975863204774,0
CSR,D,20150506,000000,4.28406,4.34554,4.28406,4.34554,269.3932282915615,0
CSR,D,20150629,000000,4.06561,4.17511,4.06561,4.17511,258.3975863204774,0
CSR,D,20150708,000000,3.88463,4.17511,3.88463,3.89663,560.7777405252913,0
CSR,D,20150723,000000,3.81897,3.81897,3.81897,3.81897,49.480388869878645,0
CSR,D,20150806,000000,3.82024,3.82024,3.82024,3.82024,236.4063023783091,0
CSR,D,20150817,000000,3.55414,3.55414,3.55414,3.55414,54.97820985542072,0
CSR,D,20150820,000000,3.55286,3.55286,3.55286,3.55286,285.88669124818773,0
CSR,D,20150826,000000,3.5203,3.5203,3.5203,3.5203,736.7080120626376,0
CSR,D,20150827,000000,3.55286,3.66636,3.55286,3.66636,555.2799195397494,0
CSR,D,20150901,000000,3.46573,3.46573,3.46573,3.46573,819.1753268457687,0
CSR,D,20150915,000000,3.5063,3.5063,3.5063,3.5063,71.47167281204693,0
CSR,D,20151118,000000,3.25002,3.25002,3.25002,3.25002,159.43680858072008,0
CSR,D,20151119,000000,3.34842,3.34842,3.34842,3.34842,269.3932282915615,0
CSR,D,20151222,000000,3.17362,3.17362,3.17362,3.17362,71.47167281204693,0
CSR,D,20160122,000000,3.66454,3.66636,3.66454,3.66636,76.96949379758901,0
CSR,D,20160211,000000,3.41117,3.41117,3.41117,3.41117,291.3845122337298,0
CSR,D,20160310,000000,3.47919,3.47919,3.47919,3.47919,291.3845122337298,0
CSR,D,20160421,000000,3.23783,3.23783,3.23783,3.23783,291.3845122337298,0
CSR,D,20160531,000000,3.04666,3.04666,3.04666,3.04666,324.37143814698226,0
CSR,D,20160602,000000,3.0563,3.05758,3.0563,3.0563,1533.8920549662382,0
CSR,D,20160713,000000,2.96208,2.96208,2.84858,2.84858,522.2929936264969,0
CSR,D,20160803,000000,2.76837,2.76837,2.57447,2.57447,555.2799195397494,0
CSR,D,20160809,000000,2.60231,2.60231,2.60231,2.60231,390.3452899734871,0
CSR,D,20160919,000000,2.60231,2.60231,2.60231,2.60231,175.9302715373463,0
CSR,D,20161004,000000,2.62995,2.62995,2.62995,2.62995,769.6949379758902,0
CSR,D,20161017,000000,2.66324,2.66324,2.66324,2.66324,753.201475019264,0
CSR,D,20161024,000000,2.57175,2.57175,2.57175,2.57175,225.41066040722498,0
CSR,D,20161104,000000,2.57447,2.57447,2.57175,2.57175,2221.1196781589974,0
CSR,D,20161107,000000,2.47898,2.47898,2.47898,2.47898,10.995641971084144,0
CSR,D,20161115,000000,2.60231,2.60231,2.60231,2.60231,775.1927589614322,0
CSR,D,20161215,000000,2.60903,2.60903,2.60903,2.60903,775.1927589614322,0
CSR,D,20170102,000000,2.62304,2.62304,2.62304,2.62304,769.6949379758902,0
CSR,D,20170112,000000,2.69888,2.69888,2.69888,2.69888,747.7036540337218,0
CSR,D,20170117,000000,2.77801,2.77801,2.77801,2.77801,71.47167281204693,0
CSR,D,20170217,000000,2.91642,2.91642,2.91642,2.91642,505.79953066987065,0
CSR,D,20170405,000000,3.18362,3.19745,3.18362,3.18362,1110.5598390794987,0
CSR,D,20170410,000000,3.19745,3.19745,3.19745,3.19745,71.47167281204693,0
CSR,D,20170511,000000,3.04521,3.04521,3.04521,3.04521,241.90412336385117,0
CSR,D,20170620,000000,3.16853,3.16853,3.16853,3.16853,632.2494133373383,0
CSR,D,20170712,000000,3.27949,3.27949,3.27949,3.27949,610.25812939517,0
CSR,D,20170714,000000,3.27949,3.27949,3.27949,3.27949,610.25812939517,0
CSR,D,20170828,000000,3.19272,3.19272,3.19272,3.19272,21.991283942168288,0
CSR,D,20171117,000000,3.13706,3.13706,2.70944,2.70944,137692.9265829012,0
CSR,D,20171206,000000,2.70944,2.70944,2.70944,2.70944,1105.0620180939566,0
CSR,D,20171208,000000,2.70944,2.70944,2.70944,2.70944,7400.06704653963,0
CSR,D,20171213,000000,2.62377,2.62377,2.62377,2.62377,769.6949379758902,0
CSR,D,20171214,000000,2.63086,2.63086,2.63086,2.63086,769.6949379758902,0
CSR,D,20180103,000000,2.76619,2.76619,2.76619,2.76619,731.2101910770956,0
CSR,D,20180104,000000,2.82331,2.82331,2.76619,2.76619,692.7254441783011,0
CSR,D,20180105,000000,2.79475,2.83749,2.79475,2.83749,3787.9986590384874,0
CSR,D,20180108,000000,2.83749,2.83749,2.83749,2.83749,36544.016090898156,0
CSR,D,20180119,000000,2.93716,2.93716,2.93716,2.93716,681.729802207217,0
CSR,D,20180201,000000,2.83749,2.83749,2.83749,2.83749,692.7254441783011,0
CSR,D,20180302,000000,2.83749,2.83749,2.83749,2.83749,709.2189071349272,0
CSR,D,20180308,000000,2.82331,2.82331,2.82331,2.82331,720.2145491060114,0
CSR,D,20180313,000000,2.82331,2.82331,2.82331,2.82331,720.2145491060114,0
CSR,D,20180316,000000,2.82331,2.82331,2.82331,2.82331,720.2145491060114,0
CSR,D,20180320,000000,2.85167,2.85167,2.85167,2.85167,692.7254441783011,0
CSR,D,20180322,000000,2.82331,2.82331,2.82331,2.82331,720.2145491060114,0
CSR,D,20180425,000000,2.72344,2.72344,2.65214,2.65214,802.6818638891425,0
CSR,D,20180427,000000,2.65214,2.65214,2.65214,2.65214,1456.9225611686493,0
CSR,D,20180507,000000,2.78074,2.78074,2.78074,2.78074,626.7515923517963,0
CSR,D,20180601,000000,2.76619,2.76619,2.76619,2.76619,736.7080120626376,0
CSR,D,20180626,000000,2.76619,2.76619,2.76619,2.76619,731.2101910770956,0
CSR,D,20180627,000000,2.73617,2.73617,2.73617,2.73617,736.7080120626376,0
CSR,D,20180702,000000,2.63104,2.63104,2.63104,2.63104,1533.8920549662382,0
CSR,D,20180704,000000,2.55556,2.55556,2.55556,2.55556,665.2363392505907,0
CSR,D,20180705,000000,2.51063,2.51063,2.51063,2.51063,170.43245055180424,0
CSR,D,20180709,000000,2.63104,2.63104,2.63104,2.63104,769.6949379758902,0
CSR,D,20180710,000000,2.72108,2.72108,2.72108,2.72108,742.2058330481798,0
CSR,D,20181008,000000,2.99155,2.99155,2.99155,2.99155,164.93462956626217,0
CSR,D,20190111,000000,3.00683,3.00683,3.00683,3.00683,665.2363392505907,0
CSR,D,20190115,000000,3.03702,3.03702,3.03702,3.03702,665.2363392505907,0
CSR,D,20190116,000000,3.00683,3.00683,3.00683,3.00683,665.2363392505907,0
CSR,D,20190118,000000,3.00683,3.72857,3.00683,3.72857,7312.101910770956,0
CSR,D,20190129,000000,3.75858,3.75858,3.75858,3.75858,533.288635597581,0
CSR,D,20190207,000000,3.72857,3.72857,3.72857,3.72857,21.991283942168288,0
CSR,D,20190304,000000,3.60816,3.60816,3.60816,3.60816,555.2799195397494,0
CSR,D,20190306,000000,3.45791,3.45791,3.45791,3.45791,588.2668454530017,0
CSR,D,20190510,000000,3.24729,3.24729,3.15707,3.15707,632.2494133373383,0
CSR,D,20190517,000000,3.06704,3.06704,3.06704,3.06704,659.7385182650487,0
CSR,D,20190521,000000,3.18726,3.18726,3.18726,3.18726,626.7515923517963,0
CSR,D,20190522,000000,3.30749,3.30749,3.30749,3.30749,137.44552463855183,0
CSR,D,20190530,000000,3.30749,3.57797,3.30749,3.57797,1957.2242708529777,0
CSR,D,20190702,000000,4.47269,4.47269,4.47269,4.47269,197.92155547951458,0
CSR,D,20190712,000000,4.47269,4.62674,4.47269,4.62674,1990.2111967662304,0
CSR,D,20190718,000000,4.62674,4.62674,4.62674,4.62674,98.96077773975729,0
CSR,D,20190805,000000,4.41102,4.41102,4.22586,4.22586,522.2929936264969,0
CSR,D,20190816,000000,4.22586,4.22586,4.19511,4.19511,615.7559503807121,0
CSR,D,20191106,000000,4.10254,4.10254,3.85571,3.85571,2309.0848139276704,0
CSR,D,20191108,000000,3.39298,3.39298,3.39298,3.39298,126.44988266746766,0
CSR,D,20191112,000000,3.39298,3.54722,3.39298,3.54722,593.7646664385438,0
CSR,D,20191113,000000,3.67054,3.67054,3.67054,3.67054,10.995641971084144,0
CSR,D,20191114,000000,3.51648,3.51648,3.3315,3.48556,1182.0315118915457,0
CSR,D,20191127,000000,3.6398,3.6398,3.6398,3.6398,566.2755615108334,0
CSR,D,20191202,000000,3.76313,3.76313,3.76313,3.76313,533.288635597581,0
CSR,D,20200205,000000,3.76313,3.76313,3.76313,3.76313,10.995641971084144,0
CSR,D,20200207,000000,3.76313,3.76313,3.76313,3.76313,27.48910492771036,0
CSR,D,20200214,000000,3.82479,3.82479,3.82479,3.82479,533.288635597581,0
CSR,D,20200306,000000,4.31843,4.31843,3.82479,3.82479,1099.5641971084146,0
CSR,D,20200326,000000,3.88663,4.62674,3.70147,3.88663,6536.909151809525,0
CSR,D,20200327,000000,3.88663,4.62674,3.70147,3.70147,4964.532349944491,0
CSR,D,20200330,000000,3.70147,4.44176,3.70147,3.70147,1638.3506536915374,0
CSR,D,20200403,000000,3.82479,4.56526,3.79405,3.79405,1572.3768018650326,0
CSR,D,20200407,000000,3.79405,3.79405,3.67054,3.67054,27.48910492771036,0
CSR,D,20200416,000000,3.67054,3.67054,3.67054,3.67054,98.96077773975729,0
CSR,D,20200417,000000,3.82479,4.01013,3.82479,4.01013,648.7428762939645,0
CSR,D,20200422,000000,3.82479,3.82479,3.82479,3.82479,527.790814612039,0
CSR,D,20200424,000000,3.82479,4.22586,3.82479,4.22586,2314.582634913212,0
CSR,D,20200427,000000,4.62674,4.93541,4.59601,4.93541,5981.629232269775,0
CSR,D,20200428,000000,4.93541,4.93541,4.93541,4.93541,1517.398592009612,0
CSR,D,20200429,000000,4.93541,4.93541,4.93541,4.93541,324.37143814698226,0
CSR,D,20200430,000000,5.39796,5.39796,4.93541,4.93541,203.41937646505667,0
CSR,D,20200504,000000,5.39796,5.39796,4.93541,4.93541,401.34093194457125,0
CSR,D,20200505,000000,4.93541,4.93541,4.93541,4.93541,65.97385182650487,0
CSR,D,20200506,000000,4.93541,4.93541,4.93541,4.93541,65.97385182650487,0
CSR,D,20200508,000000,4.71932,4.71932,4.50342,4.50342,1544.8876969373223,0
CSR,D,20200519,000000,4.50342,4.50342,4.50342,4.50342,450.82132081444996,0
CSR,D,20200521,000000,4.16437,4.16437,4.16437,4.16437,27.48910492771036,0
CSR,D,20200522,000000,4.16437,4.16437,4.16437,4.16437,489.30606771324443,0
CSR,D,20200525,000000,4.34918,4.34918,4.16437,4.16437,197.92155547951458,0
CSR,D,20200605,000000,4.2877,4.31843,4.10254,4.10254,1451.4247401831071,0
CSR,D,20200608,000000,3.94811,3.94811,3.94811,3.94811,5.497820985542072,0
CSR,D,20200610,000000,4.10254,4.53434,4.10254,4.2877,1500.9051290529856,0
CSR,D,20200612,000000,4.10254,4.2877,3.85571,4.16437,1632.8528327059953,0
CSR,D,20200615,000000,4.19511,4.19511,4.01013,4.01013,1099.5641971084146,0
CSR,D,20200616,000000,4.19511,4.19511,4.19511,4.19511,324.37143814698226,0
CSR,D,20200617,000000,4.34918,4.47269,4.34918,4.47269,951.1230304987785,0
CSR,D,20200618,000000,4.47269,6.32342,4.47269,6.32342,324.37143814698226,0
CSR,D,20200619,000000,5.39796,6.32342,5.39796,5.73736,1204.0227958337136,0
CSR,D,20200623,000000,5.44561,5.44561,5.44561,5.44561,269.3932282915615,0
CSR,D,20200624,000000,5.41323,5.41323,4.95942,4.95942,687.2276231927591,0
CSR,D,20200629,000000,4.95942,4.95942,4.95942,4.95942,76.96949379758901,0
CSR,D,20200630,000000,4.70004,4.70004,4.70004,4.70004,120.95206168192558,0
CSR,D,20200706,000000,4.63529,4.86211,4.63529,4.86211,973.1143144409468,0
CSR,D,20200707,000000,5.80212,6.64499,5.80212,6.64499,615.7559503807121,0
CSR,D,20200708,000000,6.48293,6.48293,6.48293,6.48293,27.48910492771036,0
CSR,D,20200709,000000,6.64499,6.64499,6.64499,6.64499,208.91719745059876,0
CSR,D,20200710,000000,5.51055,5.86705,5.18624,5.83467,1182.0315118915457,0
CSR,D,20200714,000000,5.18624,5.18624,5.02417,5.02417,412.33657391565544,0
CSR,D,20200715,000000,5.18624,5.18624,5.18624,5.18624,384.8474689879451,0
CSR,D,20200723,000000,5.34848,5.34848,5.18624,5.18624,1275.4944686457607,0
CSR,D,20200724,000000,5.34848,5.34848,5.34848,5.34848,373.8518270168609,0
CSR,D,20200730,000000,5.60768,5.60768,5.60768,5.60768,307.87797519035604,0
CSR,D,20200804,000000,5.64006,5.64006,5.64006,5.64006,71.47167281204693,0
CSR,D,20200807,000000,5.76974,6.64499,5.73736,6.64499,1033.5903452819095,0
CSR,D,20200810,000000,5.76974,5.76974,5.76974,5.76974,120.95206168192558,0
CSR,D,20200813,000000,5.76974,6.64499,5.73736,6.64499,1649.3462956626217,0
CSR,D,20200818,000000,6.48293,6.48293,6.48293,6.48293,351.8605430746926,0
CSR,D,20200820,000000,6.02912,6.02912,6.02912,6.02912,219.9128394216829,0
CSR,D,20200826,000000,6.61262,6.61262,6.54769,6.54769,351.8605430746926,0
CSR,D,20200827,000000,6.51531,6.51531,6.51531,6.51531,10.995641971084144,0
CSR,D,20200901,000000,6.51531,6.61262,6.51531,6.61262,236.4063023783091,0
CSR,D,20200903,000000,6.32087,6.32087,6.32087,6.32087,49.480388869878645,0
CSR,D,20200908,000000,6.22355,6.22355,6.22355,6.22355,450.82132081444996,0
CSR,D,20200916,000000,6.12643,6.12643,6.02912,6.02912,423.3322158867396,0
CSR,D,20200922,000000,5.83467,5.83467,5.83467,5.83467,21.991283942168288,0
CSR,D,20200923,000000,6.12643,6.12643,6.12643,6.12643,120.95206168192558,0
CSR,D,20201002,000000,6.12643,6.32087,6.12643,6.32087,648.7428762939645,0
CSR,D,20201005,000000,6.61262,6.64499,6.61262,6.64499,2682.9366409445315,0
CSR,D,20201006,000000,6.74212,6.74212,6.74212,6.74212,302.380154204814,0
CSR,D,20201008,000000,6.48293,6.48293,6.48293,6.48293,313.37579617589813,0
CSR,D,20201016,000000,6.48293,6.48293,6.48293,6.48293,120.95206168192558,0
CSR,D,20201019,000000,6.64499,6.64499,6.64499,6.64499,159.43680858072008,0
CSR,D,20201023,000000,6.64499,7.13118,6.64499,7.13118,538.786456583123,0
CSR,D,20201026,000000,6.96912,6.96912,6.96912,6.96912,16.493462956626217,0
CSR,D,20201027,000000,6.96912,7.13118,6.96912,7.13118,1204.0227958337136,0
CSR,D,20201028,000000,7.29325,7.29325,6.96912,6.96912,566.2755615108334,0
CSR,D,20201106,000000,6.64499,6.64499,6.48293,6.48293,1050.0838082385358,0
CSR,D,20201110,000000,6.80706,7.29325,6.80706,7.29325,318.87361716144017,0
CSR,D,20201112,000000,7.13118,7.29325,7.13118,7.29325,285.88669124818773,0
CSR,D,20201113,000000,7.29325,7.45532,7.29325,7.45532,1478.9138451108176,0
CSR,D,20201116,000000,7.94151,7.94151,7.77945,7.77945,632.2494133373383,0
CSR,D,20201117,000000,7.94151,7.94151,7.94151,7.94151,368.3540060313188,0
CSR,D,20201124,000000,7.94151,7.94151,7.94151,7.94151,60.47603084096279,0
CSR,D,20201126,000000,7.77945,7.77945,7.77945,7.77945,472.8126047566182,0
CSR,D,20201127,000000,8.11048,8.11048,8.11048,8.11048,203.41937646505667,0
CSR,D,20201130,000000,8.11048,8.11048,8.11048,8.11048,604.760308409628,0
CSR,D,20201201,000000,7.74634,7.74634,7.74634,7.74634,115.45424069638352,0
CSR,D,20201203,000000,7.77945,7.94496,7.77945,7.94496,1836.2722091710523,0
CSR,D,20201204,000000,8.11048,8.27601,8.11048,8.27601,3661.5487763710203,0
CSR,D,20201207,000000,8.44153,8.44153,8.44153,8.44153,241.90412336385117,0
CSR,D,20201208,000000,8.44153,8.93808,8.44153,8.93808,1709.8223265035845,0
CSR,D,20201209,000000,9.1036,9.60013,9.1036,9.60013,384.8474689879451,0
CSR,D,20201210,000000,9.18637,9.18637,8.93808,8.93808,318.87361716144017,0
CSR,D,20201214,000000,9.1036,9.1036,9.1036,9.1036,49.480388869878645,0
CSR,D,20201215,000000,9.18637,9.18637,9.18637,9.18637,60.47603084096279,0
CSR,D,20201216,000000,9.18637,9.18637,9.18637,9.18637,49.480388869878645,0
CSR,D,20201217,000000,9.26913,9.43465,9.26913,9.43465,566.2755615108334,0
CSR,D,20201221,000000,9.35189,9.35189,9.35189,9.35189,49.480388869878645,0
CSR,D,20201222,000000,9.60013,9.68297,9.60013,9.68297,225.41066040722498,0
CSR,D,20201223,000000,9.68297,9.76572,9.68297,9.76572,472.8126047566182,0
CSR,D,20201228,000000,9.93121,11.4209,9.93121,11.4209,879.6513576867316,0
CSR,D,20201229,000000,11.4209,12.414,11.2554,11.8347,1335.9704994867234,0
CSR,D,20210105,000000,12.3313,12.745,11.9175,12.1657,1242.5075427325085,0
CSR,D,20210107,000000,12.414,12.414,12.2484,12.2484,934.6295675421522,0
CSR,D,20210111,000000,12.2484,12.2484,11.8347,11.8347,445.32349982890787,0
CSR,D,20210112,000000,11.2554,11.2554,11.2554,11.2554,241.90412336385117,0
CSR,D,20210114,000000,11.2554,11.2554,11.2554,11.2554,98.96077773975729,0
CSR,D,20210115,000000,11.2554,12.2484,11.2554,12.2484,307.87797519035604,0
CSR,D,20210118,000000,11.9175,12.5795,11.9175,12.5795,21.991283942168288,0
CSR,D,20210120,000000,12.083,12.2484,12.083,12.2484,868.6557157156474,0
CSR,D,20210121,000000,12.745,12.9106,12.745,12.9106,599.2624874240859,0
CSR,D,20210122,000000,13.5727,13.5727,12.9106,13.0761,863.1578947301053,0
CSR,D,20210125,000000,12.9933,12.9933,12.5795,12.9106,742.2058330481798,0
CSR,D,20210126,000000,12.745,12.745,12.745,12.745,10.995641971084144,0
CSR,D,20210127,000000,12.9106,12.9106,12.9106,12.9106,159.43680858072008,0
CSR,D,20210128,000000,13.0761,13.4072,13.0761,13.4072,329.86925913252435,0
CSR,D,20210129,000000,13.4072,13.4072,12.9106,13.4072,104.45859872529938,0
CSR,D,20210201,000000,13.4072,13.4072,13.2416,13.2416,98.96077773975729,0
CSR,D,20210203,000000,12.9106,13.2416,12.9106,13.2416,49.480388869878645,0
CSR,D,20210208,000000,12.8279,13.0761,12.8279,13.0761,329.86925913252435,0
CSR,D,20210210,000000,13.2416,13.5727,13.2416,13.5727,962.1186724698626,0
CSR,D,20210211,000000,14.0692,14.8969,14.0692,14.814,1127.053302036125,0
CSR,D,20210212,000000,15.7244,16.0555,15.7244,15.9727,505.79953066987065,0
CSR,D,20210215,000000,15.9727,16.0555,15.9727,16.0555,681.729802207217,0
CSR,D,20210216,000000,13.6554,14.4003,13.6554,14.4003,186.92591350843045,0
CSR,D,20210217,000000,14.4003,14.4003,14.4003,14.4003,104.45859872529938,0
CSR,D,20210218,000000,13.8209,13.8209,13.7381,13.7381,225.41066040722498,0
CSR,D,20210219,000000,13.7381,13.7381,13.7381,13.7381,258.3975863204774,0
CSR,D,20210222,000000,14.4003,14.4003,13.7381,13.7381,390.3452899734871,0
CSR,D,20210303,000000,15.7244,15.7244,15.7244,15.7244,192.42373449397255,0
CSR,D,20210304,000000,15.7244,15.7244,14.7313,14.7313,230.90848139276704,0
CSR,D,20210305,000000,14.7313,14.7313,14.7313,14.7313,219.9128394216829,0
CSR,D,20210309,000000,14.814,14.814,14.814,14.814,137.44552463855183,0
CSR,D,20210311,000000,15.2278,15.3933,15.2278,15.3933,225.41066040722498,0
CSR,D,20210312,000000,15.7244,15.7244,15.0623,15.0623,175.9302715373463,0
CSR,D,20210316,000000,16.552,16.552,15.2278,15.2278,307.87797519035604,0
CSR,D,20210317,000000,15.3106,15.3106,15.3106,15.3106,236.4063023783091,0
CSR,D,20210319,000000,16.3865,16.552,16.3865,16.3865,208.91719745059876,0
CSR,D,20210322,000000,15.3106,16.552,15.3106,16.4693,230.90848139276704,0
CSR,D,20210323,000000,16.4693,16.552,16.4693,16.552,786.1884009325163,0
CSR,D,20210324,000000,16.552,16.552,16.552,16.552,60.47603084096279,0
CSR,D,20210325,000000,16.552,16.552,15.8071,15.8071,142.94334562409387,0
CSR,D,20210326,000000,15.8071,16.552,15.8071,16.552,236.4063023783091,0
CSR,D,20210330,000000,15.8071,15.8071,15.8071,15.8071,27.48910492771036,0
CSR,D,20210406,000000,15.8899,16.552,15.8899,16.552,192.42373449397255,0
CSR,D,20210407,000000,17.7107,17.7107,16.883,16.883,115.45424069638352,0
CSR,D,20210409,000000,17.7107,18.2072,17.3796,18.2072,489.30606771324443,0
CSR,D,20210412,000000,18.2072,19.5313,18.2072,19.5313,692.7254441783011,0
CSR,D,20210413,000000,19.6969,19.8624,18.2072,19.8624,285.88669124818773,0
CSR,D,20210414,000000,19.8624,19.8624,19.8624,19.8624,104.45859872529938,0
CSR,D,20210415,000000,19.6969,19.6969,19.6969,19.6969,104.45859872529938,0
CSR,D,20210416,000000,19.2004,19.6969,19.2004,19.6969,38.484746898794505,0
CSR,D,20210419,000000,19.6969,19.6969,19.2004,19.5313,71.47167281204693,0
CSR,D,20210420,000000,19.0348,19.0348,18.5383,18.5383,329.86925913252435,0
CSR,D,20210423,000000,19.0348,19.0348,19.0348,19.0348,5.497820985542072,0
CSR,D,20210426,000000,18.5383,19.0348,18.5383,19.0348,27.48910492771036,0
CSR,D,20210427,000000,19.0348,19.2004,19.0348,19.2004,247.40194434939326,0
CSR,D,20210428,000000,19.5313,19.8624,19.5313,19.8624,1968.219912824062,0
CSR,D,20210429,000000,19.8624,19.8624,19.6969,19.6969,280.38887026264564,0
CSR,D,20210430,000000,19.5313,19.5313,19.5313,19.5313,126.44988266746766,0
CSR,D,20210504,000000,19.5313,19.5313,19.5313,19.5313,219.9128394216829,0
CSR,D,20210505,000000,19.5313,19.5313,19.5313,19.5313,49.480388869878645,0
CSR,D,20210507,000000,19.5313,19.5313,19.5313,19.5313,208.91719745059876,0
CSR,D,20210510,000000,19.8624,19.8624,19.5313,19.5313,60.47603084096279,0
CSR,D,20210511,000000,19.3658,19.3658,19.3658,19.3658,142.94334562409387,0
CSR,D,20210512,000000,19.2004,19.2004,19.2004,19.2004,76.96949379758901,0
CSR,D,20210513,000000,19.2004,19.2004,19.2004,19.2004,302.380154204814,0
CSR,D,20210514,000000,19.0348,19.0348,16.883,19.0348,868.6557157156474,0
CSR,D,20210517,000000,16.883,19.0348,16.883,19.0348,159.43680858072008,0
CSR,D,20210519,000000,17.3796,17.3796,17.3796,17.3796,120.95206168192558,0
CSR,D,20210520,000000,16.883,16.883,16.1382,16.1382,126.44988266746766,0
CSR,D,20210524,000000,15.7244,15.7244,15.7244,15.7244,87.96513576867315,0
CSR,D,20210525,000000,16.221,16.883,16.221,16.883,164.93462956626217,0
CSR,D,20210527,000000,16.883,16.883,16.883,16.883,5.497820985542072,0
CSR,D,20210528,000000,16.883,16.883,16.883,16.883,27.48910492771036,0
CSR,D,20210531,000000,17.3796,18.2072,17.3796,18.2072,126.44988266746766,0
CSR,D,20210601,000000,18.2072,18.2072,18.2072,18.2072,5.497820985542072,0
CSR,D,20210602,000000,18.2072,19.3658,18.2072,19.3658,186.92591350843045,0
CSR,D,20210604,000000,19.3658,19.3658,19.3658,19.3658,225.41066040722498,0
CSR,D,20210607,000000,16.552,19.2004,16.552,19.2004,126.44988266746766,0
CSR,D,20210608,000000,18.2072,18.2072,16.552,16.7175,98.96077773975729,0
CSR,D,20210609,000000,19.0348,19.3658,18.5383,18.5383,252.89976533493532,0
CSR,D,20210610,000000,18.5383,19.3658,17.5452,17.5452,863.1578947301053,0
CSR,D,20210611,000000,17.5452,17.5452,17.3796,17.3796,10.995641971084144,0
CSR,D,20210614,000000,16.883,16.883,15.7244,16.3865,912.638283599984,0
CSR,D,20210615,000000,16.3037,16.3037,16.3037,16.3037,126.44988266746766,0
CSR,D,20210618,000000,16.1382,16.1382,15.7244,15.7244,170.43245055180424,0
CSR,D,20210621,000000,16.3865,16.3865,16.3865,16.3865,186.92591350843045,0
CSR,D,20210622,000000,17.0486,17.0486,16.3037,16.3037,1797.7874622722575,0
CSR,D,20210623,000000,16.3865,16.3865,16.3865,16.3865,82.46731478313109,0
CSR,D,20210624,000000,16.3865,16.3865,16.3865,16.3865,43.982567884336575,0
CSR,D,20210625,000000,16.552,16.552,16.4693,16.4693,120.95206168192558,0
CSR,D,20210629,000000,16.552,16.552,16.552,16.552,148.44116660963596,0
CSR,D,20210630,000000,18.189,18.189,18.189,18.189,54.97820985542072,0
CSR,D,20210705,000000,17.8252,17.8252,17.8252,17.8252,54.97820985542072,0
CSR,D,20210707,000000,17.3706,17.3706,17.3706,17.3706,16.493462956626217,0
CSR,D,20210708,000000,17.3706,17.3706,17.3706,17.3706,27.48910492771036,0
CSR,D,20210709,000000,17.3706,17.3706,17.3706,17.3706,137.44552463855183,0
CSR,D,20210712,000000,17.3706,17.3706,17.3706,17.3706,38.484746898794505,0
CSR,D,20210713,000000,17.0977,17.0977,17.0977,17.0977,10.995641971084144,0
CSR,D,20210714,000000,17.4615,17.4615,17.4615,17.4615,665.2363392505907,0
CSR,D,20210715,000000,17.4615,17.4615,17.4615,17.4615,10.995641971084144,0
CSR,D,20210719,000000,17.0067,17.0067,17.0067,17.0067,120.95206168192558,0
CSR,D,20210721,000000,16.552,16.552,16.552,16.552,16.493462956626217,0
CSR,D,20210722,000000,15.8244,15.8244,15.8244,15.8244,159.43680858072008,0
CSR,D,20210723,000000,15.8244,15.8244,15.8244,15.8244,126.44988266746766,0
CSR,D,20210726,000000,15.3698,15.3698,15.3698,15.3698,60.47603084096279,0
CSR,D,20210727,000000,15.6426,15.6426,15.6426,15.6426,120.95206168192558,0
CSR,D,20210729,000000,15.0969,15.0969,14.5512,14.5512,153.93898759517802,0
CSR,D,20210730,000000,14.1874,14.1874,14.1874,14.1874,104.45859872529938,0
CSR,D,20210803,000000,14.2784,14.2784,14.2784,14.2784,27.48910492771036,0
CSR,D,20210804,000000,13.8236,13.8236,13.8236,13.8236,659.7385182650487,0
CSR,D,20210805,000000,14.2784,14.2784,13.5508,13.7327,434.3278578578237,0
CSR,D,20210806,000000,13.8236,13.8236,13.8236,13.8236,65.97385182650487,0
CSR,D,20210809,000000,14.1874,14.1874,14.1874,14.1874,797.1840429036005,0
CSR,D,20210810,000000,14.2784,14.2784,14.2784,14.2784,131.94770365300974,0
CSR,D,20210811,000000,14.1874,14.1874,14.1874,14.1874,98.96077773975729,0
CSR,D,20210812,000000,13.6418,13.6418,13.6418,13.6418,10.995641971084144,0
CSR,D,20210813,000000,14.2784,14.2784,14.2784,14.2784,142.94334562409387,0
CSR,D,20210816,000000,14.4602,15.0059,14.4602,15.0059,181.4280925228884,0
CSR,D,20210817,000000,17.3706,17.3706,17.3706,17.3706,43.982567884336575,0
CSR,D,20210818,000000,17.2796,17.2796,17.2796,17.2796,5.497820985542072,0
CSR,D,20210819,000000,17.0977,17.0977,17.0977,17.0977,10.995641971084144,0
CSR,D,20210820,000000,17.0977,17.0977,17.0977,17.0977,5.497820985542072,0
CSR,D,20210825,000000,16.3701,16.3701,16.3701,16.3701,126.44988266746766,0
CSR,D,20210827,000000,15.8244,15.8244,15.8244,15.8244,49.480388869878645,0
CSR,D,20210831,000000,15.8244,15.8244,15.8244,15.8244,21.991283942168288,0
CSR,D,20210901,000000,16.1882,16.1882,15.6426,15.6426,164.93462956626217,0
CSR,D,20210903,000000,15.2788,15.2788,15.2788,15.2788,115.45424069638352,0
CSR,D,20210906,000000,15.8244,15.8244,15.8244,15.8244,76.96949379758901,0
CSR,D,20210914,000000,15.2788,15.2788,15.2788,15.2788,5.497820985542072,0
CSR,D,20210917,000000,15.8244,15.8244,15.8244,15.8244,60.47603084096279,0
CSR,D,20210920,000000,15.2788,15.2788,15.2788,15.2788,131.94770365300974,0
CSR,D,20210921,000000,15.0969,15.0969,15.0969,15.0969,32.986925913252435,0
CSR,D,20210927,000000,15.1878,15.1878,15.1878,15.1878,32.986925913252435,0
CSR,D,20211006,000000,14.5512,14.5512,13.9147,14.0056,318.87361716144017,0
CSR,D,20211012,000000,14.0056,14.5512,14.0056,14.5512,126.44988266746766,0
CSR,D,20211019,000000,14.4602,14.5512,14.4602,14.5512,181.4280925228884,0
CSR,D,20211020,000000,13.9147,14.0056,13.9147,14.0056,313.37579617589813,0
CSR,D,20211021,000000,14.0056,14.0056,14.0056,14.0056,10.995641971084144,0
CSR,D,20211025,000000,14.0965,14.0965,14.0965,14.0965,549.7820985542073,0
CSR,D,20211026,000000,14.4602,14.4602,14.4602,14.4602,71.47167281204693,0
CSR,D,20211102,000000,14.3693,14.3693,14.3693,14.3693,164.93462956626217,0
CSR,D,20211104,000000,14.1874,14.1874,14.1874,14.1874,5.497820985542072,0
CSR,D,20211108,000000,14.1874,14.1874,14.1874,14.1874,93.46295675421523,0
CSR,D,20211109,000000,14.2784,14.2784,13.6418,14.1874,1022.5947033108254,0
CSR,D,20211110,000000,14.3693,14.8241,14.3693,14.8241,50.579953066987066,0
CSR,D,20211112,000000,14.8241,14.8241,14.8241,14.8241,32.986925913252435,0
CSR,D,20211115,000000,15.3698,15.4607,15.0969,15.0969,158.33724438361168,0
CSR,D,20211117,000000,15.7335,15.7335,15.7335,15.7335,9.89607777397573,0
CSR,D,20211118,000000,16.461,16.552,15.9154,15.9154,330.96882332963276,0
CSR,D,20211119,000000,16.552,16.643,16.552,16.643,153.93898759517802,0
CSR,D,20211122,000000,16.643,16.7339,16.643,16.7339,698.2232651638433,0
CSR,D,20211123,000000,16.7339,17.9161,16.7339,17.9161,136.34596044144337,0
CSR,D,20211124,000000,17.9161,17.9161,17.9161,17.9161,6.597385182650487,0
CSR,D,20211126,000000,18.0072,18.0072,17.2796,17.2796,296.8823332192719,0
CSR,D,20211129,000000,18.0981,18.0981,17.6434,17.8252,944.525645316128,0
CSR,D,20211130,000000,17.7343,17.7343,17.7343,17.7343,274.89104927710366,0
CSR,D,20211202,000000,17.8252,17.8252,17.6434,17.6434,73.67080120626377,0
CSR,D,20211206,000000,16.461,18.0981,16.461,18.0981,995.1055983831152,0
CSR,D,20211207,000000,18.5528,18.5528,18.5528,18.5528,142.94334562409387,0
CSR,D,20211208,000000,21.6449,21.6449,18.5528,19.0985,404.63962453589653,0
CSR,D,20211209,000000,20.008,20.008,19.826,20.008,252.89976533493532,0
CSR,D,20211210,000000,20.008,20.008,20.008,20.008,46.18169627855341,0
CSR,D,20211213,000000,20.008,20.008,20.008,20.008,54.97820985542072,0
CSR,D,20211214,000000,20.008,20.008,20.008,20.008,119.85249748481718,0
CSR,D,20211215,000000,20.008,20.1898,20.008,20.1898,497.00301709300334,0
CSR,D,20211220,000000,20.1898,20.1898,20.1898,20.1898,163.83506536915377,0
CSR,D,20211222,000000,20.1898,20.1898,20.1898,20.1898,211.11632584481558,0
CSR,D,20211223,000000,19.826,20.1898,19.826,20.1898,6.597385182650487,0
CSR,D,20211227,000000,20.1898,20.1898,20.1898,20.1898,93.46295675421523,0
CSR,D,20211228,000000,20.1898,20.1898,20.1898,20.1898,16.493462956626217,0
CSR,D,20211229,000000,20.1898,20.1898,19.4623,20.1898,779.5910157498658,0
CSR,D,20211230,000000,19.2803,20.1898,19.2803,20.1898,396.9426751561376,0
CSR,D,20220103,000000,20.7355,21.6449,20.7355,21.6449,162.73550117204533,0
CSR,D,20220104,000000,21.4631,21.4631,20.008,20.008,690.5263157840843,0
CSR,D,20220105,000000,20.008,20.9174,20.008,20.5536,744.4049614423966,0
CSR,D,20220107,000000,20.5536,20.5536,20.5536,20.5536,377.1505196081862,0
CSR,D,20220110,000000,20.5536,20.5536,20.5536,20.5536,47.28126047566182,0
CSR,D,20220112,000000,20.008,20.008,20.008,20.008,21.991283942168288,0
CSR,D,20220117,000000,20.5536,20.5536,20.5536,20.5536,29.68823332192719,0
CSR,D,20220119,000000,19.6441,19.6441,19.4623,19.4623,369.4535702284273,0
CSR,D,20220120,000000,19.4623,19.4623,19.4623,19.4623,109.95641971084144,0
CSR,D,20220121,000000,19.4623,19.4623,18.9166,19.2803,669.6345960390244,0
CSR,D,20220124,000000,19.2803,20.3717,18.189,18.189,620.1542071691458,0
CSR,D,20220125,000000,18.189,18.189,16.8249,16.8249,313.37579617589813,0
CSR,D,20220127,000000,17.3706,17.6434,17.3706,17.6434,126.44988266746766,0
CSR,D,20220131,000000,18.0981,18.0981,18.0981,18.0981,43.982567884336575,0
CSR,D,20220201,000000,18.0981,18.0981,17.7343,17.7343,127.54944686457608,0
CSR,D,20220202,000000,18.189,18.189,18.189,18.189,122.051625879034,0
CSR,D,20220204,000000,18.189,18.3709,18.189,18.3709,357.3583640602347,0
CSR,D,20220207,000000,18.3709,18.3709,18.3709,18.3709,116.55380489349193,0
CSR,D,20220208,000000,18.3709,18.3709,18.3709,18.3709,131.94770365300974,0
CSR,D,20220209,000000,18.189,18.189,18.189,18.189,152.8394233980696,0
CSR,D,20220214,000000,18.5528,18.7347,18.189,18.189,175.9302715373463,0
CSR,D,20220215,000000,17.3706,17.3706,17.2796,17.2796,246.30238015228485,0
CSR,D,20220221,000000,16.552,16.552,13.278,13.8236,646.5437478997477,0
CSR,D,20220222,000000,15.4607,15.4607,15.4607,15.4607,54.97820985542072,0
CSR,D,20220223,000000,15.4607,16.552,15.4607,16.552,102.25947033108254,0
CSR,D,20220224,000000,13.8236,14.5512,13.8236,14.5512,736.7080120626376,0
CSR,D,20220228,000000,14.5512,16.552,14.4602,14.4602,131.94770365300974,0
CSR,D,20220303,000000,15.0059,15.0059,15.0059,15.0059,27.48910492771036,0
CSR,D,20220307,000000,15.0059,15.0059,14.5512,14.5512,137.44552463855183,0
CSR,D,20220308,000000,15.0969,15.0969,15.0969,15.0969,120.95206168192558,0
CSR,D,20220309,000000,15.8244,15.8244,15.8244,15.8244,126.44988266746766,0
CSR,D,20220310,000000,15.9154,15.9154,15.9154,15.9154,6.597385182650487,0
CSR,D,20220311,000000,16.3701,16.3701,16.3701,16.3701,54.97820985542072,0
CSR,D,20220314,000000,16.8249,16.8249,16.8249,16.8249,3.2986925913252434,0
CSR,D,20220315,000000,16.3701,16.8249,16.3701,16.8249,106.6577271195162,0
CSR,D,20220316,000000,17.2796,18.189,17.2796,18.189,312.2762319787897,0
CSR,D,20220317,000000,18.5528,18.7347,17.9161,17.9161,130.8481394559013,0
CSR,D,20220318,000000,17.9161,18.0072,17.9161,18.0072,68.17298022072168,0
CSR,D,20220321,000000,17.2796,17.2796,17.1886,17.2796,215.51458263324923,0
CSR,D,20220323,000000,16.7339,16.7339,16.7339,16.7339,27.48910492771036,0
CSR,D,20220330,000000,16.7339,16.7339,16.7339,16.7339,5.497820985542072,0
CSR,D,20220331,000000,17.5524,20.3717,17.5524,18.0072,1306.2822661647963,0
CSR,D,20220401,000000,18.0072,18.189,17.3706,18.189,390.3452899734871,0
CSR,D,20220404,000000,17.8252,17.9161,17.8252,17.9161,119.85249748481718,0
CSR,D,20220411,000000,18.189,18.3709,17.6434,17.6434,698.2232651638433,0
CSR,D,20220412,000000,18.189,18.189,17.3706,17.6434,613.5568219864953,0
CSR,D,20220413,000000,17.6434,17.6434,17.6434,17.6434,13.194770365300974,0
CSR,D,20220422,000000,17.6434,17.6434,17.0067,17.0067,325.47100234409066,0
CSR,D,20220428,000000,16.8249,16.8249,16.8249,16.8249,109.95641971084144,0
CSR,D,20220504,000000,16.552,16.552,16.0064,16.0064,235.3067381812007,0
CSR,D,20220506,000000,16.0064,16.0064,14.5512,14.5512,592.6651022414354,0
CSR,D,20220513,000000,14.8241,14.8241,14.8241,14.8241,54.97820985542072,0
CSR,D,20220516,000000,15.2788,15.2788,15.2788,15.2788,60.47603084096279,0
CSR,D,20220518,000000,15.6426,15.6426,15.6426,15.6426,109.95641971084144,0
CSR,D,20220520,000000,16.0064,16.2792,16.0064,16.2792,182.5276567199968,0
CSR,D,20220523,000000,16.2792,16.2792,16.2792,16.2792,32.986925913252435,0
CSR,D,20220524,000000,16.2792,16.3701,16.2792,16.3701,181.4280925228884,0
CSR,D,20220525,000000,17.5524,17.5524,17.5524,17.5524,197.92155547951458,0
CSR,D,20220526,000000,17.4615,17.4615,17.4615,17.4615,54.97820985542072,0
CSR,D,20220527,000000,16.7339,16.7339,16.7339,16.7339,116.55380489349193,0
CSR,D,20220602,000000,16.3701,16.3701,16.0973,16.0973,179.22896412867155,0
CSR,D,20220603,000000,15.0059,15.0059,15.0059,15.0059,95.66208514843206,0
CSR,D,20220606,000000,14.0965,14.5512,13.7327,13.8236,461.8169627855341,0
CSR,D,20220610,000000,13.4599,13.6418,13.4599,13.6418,204.51894066216508,0
CSR,D,20220613,000000,16.3701,16.3701,16.3701,16.3701,2.199128394216829,0
CSR,D,20220623,000000,14.915,14.915,14.915,14.915,32.986925913252435,0
CSR,D,20220627,000000,14.915,14.915,14.915,14.915,43.982567884336575,0
CSR,D,20220705,000000,14.915,14.915,14.915,14.915,7.696949379758902,0
CSR,D,20220711,000000,14.915,14.915,14.915,14.915,6.315789473400001,0
CSR,D,20220712,000000,14.725,14.725,14.25,14.25,217.8947368323,0
CSR,D,20220713,000000,14.345,14.345,14.345,14.345,35.789473682600004,0
CSR,D,20220714,000000,14.345,14.345,14.345,14.345,8.4210526312,0
CSR,D,20220718,000000,14.25,14.25,14.25,14.25,70.5263157863,0
CSR,D,20220721,000000,14.25,14.25,14.25,14.25,151.5789473616,0
CSR,D,20220722,000000,14.25,14.25,14.25,14.25,17.894736841300002,0
CSR,D,20220725,000000,14.06,14.06,14.06,14.06,10.526315789,0
CSR,D,20220729,000000,14.06,14.06,14.06,14.06,181.0526315708,0
CSR,D,20220801,000000,14.345,14.345,14.345,14.345,66.3157894707,0
CSR,D,20220802,000000,14.345,14.345,14.345,14.345,15.7894736835,0
CSR,D,20220804,000000,14.06,14.06,13.965,13.965,210.52631578,0
CSR,D,20220805,000000,17.005,17.005,14.155,14.155,267.3684210406,0
CSR,D,20220809,000000,15.675,15.675,15.675,15.675,1.0526315789,0
CSR,D,20220810,000000,15.2,15.2,15.2,15.2,10.526315789,0
CSR,D,20220811,000000,15.2,15.2,15.2,15.2,42.105263156,0
CSR,D,20220816,000000,15.96,15.96,15.96,15.96,36.8421052615,0
CSR,D,20220819,000000,15.2,15.2,15.2,15.2,55.7894736817,0
CSR,D,20220822,000000,13.585,13.585,10.925,10.925,68.42105262850001,0
CSR,D,20220823,000000,13.11,13.11,11.21,11.21,117.8947368368,0
CSR,D,20220824,000000,12.445,12.445,12.445,12.445,26.3157894725,0
CSR,D,20220826,000000,13.3,13.3,13.3,13.3,5.2631578945,0
CSR,D,20220909,000000,15.39,18.335,15.39,18.335,526.31578945,0
CSR,D,20220913,000000,19,19,17.1,17.575,2441.0526314691,0
CSR,D,20220914,000000,18.24,18.24,17.195,17.955,111.5789473634,0
CSR,D,20220915,000000,17.86,17.86,16.91,17.765,798.9473683851,0
CSR,D,20220916,000000,17.86,17.86,17.86,17.86,5.2631578945,0
CSR,D,20220919,000000,17.48,17.48,16.625,16.625,639.9999999712,0
CSR,D,20220920,000000,16.72,17.1,16.72,17.1,7.3684210523,0
CSR,D,20220921,000000,18.24,18.24,18.24,18.24,5.2631578945,0
CSR,D,20220922,000000,18.24,18.24,16.53,17.195,278.9473684085,0
CSR,D,20220923,000000,17.1,17.195,17.1,17.195,68.42105262850001,0
CSR,D,20220926,000000,17.005,17.005,17.005,17.005,8.4210526312,0
CSR,D,20220927,000000,17.005,17.005,17.005,17.005,17.894736841300002,0
CSR,D,20220928,000000,17.005,17.005,17.005,17.005,12.631578946800001,0
CSR,D,20220929,000000,17.005,17.005,17.005,17.005,5.2631578945,0
CSR,D,20220930,000000,17.005,17.005,17.005,17.005,2.1052631578,0
CSR,D,20221003,000000,17.005,17.005,17.005,17.005,11.5789473679,0
CSR,D,20221004,000000,17.005,17.005,17.005,17.005,15.7894736835,0
CSR,D,20221005,000000,17.005,17.005,17.005,17.005,26.3157894725,0
CSR,D,20221006,000000,17.005,17.195,16.435,17.005,198.94736841210002,0
CSR,D,20221007,000000,17.195,17.195,17.195,17.195,10.526315789,0
CSR,D,20221010,000000,17.195,17.195,16.53,17.195,112.63157894230001,0
CSR,D,20221011,000000,16.53,17.195,16.53,17.195,117.8947368368,0
CSR,D,20221012,000000,17.195,17.195,17.195,17.195,2.1052631578,0
CSR,D,20221013,000000,17.195,17.195,16.435,16.815,575.7894736583,0
CSR,D,20221014,000000,17.195,17.195,16.815,16.815,10.526315789,0
CSR,D,20221017,000000,17.1,17.1,17.1,17.1,7.3684210523,0
CSR,D,20221018,000000,17.1,17.1,16.815,16.815,12.631578946800001,0
CSR,D,20221019,000000,17.1,17.1,16.34,16.34,12.631578946800001,0
CSR,D,20221020,000000,17.1,17.1,16.435,16.435,159.9999999928,0
CSR,D,20221021,000000,16.53,16.53,16.53,16.53,3.1578947367000003,0
CSR,D,20221024,000000,16.53,16.53,16.53,16.53,21.052631578,0
CSR,D,20221025,000000,16.625,16.625,16.625,16.625,9.4736842101,0
CSR,D,20221026,000000,16.625,16.625,16.53,16.53,9.4736842101,0
CSR,D,20221027,000000,16.625,16.625,16.53,16.53,15.7894736835,0
CSR,D,20221028,000000,16.53,16.53,15.96,16.53,71.57894736520001,0
CSR,D,20221031,000000,16.625,16.625,16.625,16.625,9.4736842101,0
CSR,D,20221102,000000,16.625,16.625,16.53,16.53,17.894736841300002,0
CSR,D,20221103,000000,16.625,16.625,15.865,16.53,978.947368377,0
CSR,D,20221104,000000,16.34,16.34,16.34,16.34,5.2631578945,0
CSR,D,20221107,000000,16.34,16.34,15.96,15.96,10.526315789,0
CSR,D,20221108,000000,15.96,15.96,15.865,15.865,12.631578946800001,0
CSR,D,20221109,000000,15.77,15.77,15.77,15.77,13.684210525700001,0
CSR,D,20221110,000000,16.34,16.34,15.77,15.77,50.526315787200005,0
CSR,D,20221114,000000,15.77,15.77,15.77,15.77,42.105263156,0
CSR,D,20221115,000000,15.77,15.77,15.77,15.77,10.526315789,0
CSR,D,20221116,000000,16.34,16.34,16.34,16.34,5.2631578945,0
CSR,D,20221117,000000,16.34,16.34,15.77,15.77,18.9473684202,0
CSR,D,20221118,000000,15.77,15.77,15.77,15.77,77.8947368386,0
CSR,D,20221121,000000,15.105,15.77,15.105,15.77,33.6842105248,0
CSR,D,20221122,000000,15.77,16.34,15.77,16.34,15.7894736835,0
CSR,D,20221123,000000,16.34,16.34,16.34,16.34,2.1052631578,0
CSR,D,20221124,000000,16.34,16.34,16.34,16.34,12.631578946800001,0
CSR,D,20221125,000000,16.34,16.34,15.295,16.34,9.4736842101,0
CSR,D,20221128,000000,16.34,16.34,15.58,16.34,146.31578946710002,0
CSR,D,20221129,000000,16.34,16.34,16.34,16.34,2.1052631578,0
CSR,D,20221130,000000,16.34,16.34,16.34,16.34,7.3684210523,0
CSR,D,20221201,000000,16.34,16.34,16.15,16.15,8.4210526312,0
CSR,D,20221202,000000,16.15,16.15,15.675,16.055,107.3684210478,0
CSR,D,20221205,000000,16.15,16.15,16.15,16.15,9.4736842101,0
CSR,D,20221206,000000,16.34,16.34,16.34,16.34,3.1578947367000003,0
CSR,D,20221207,000000,16.34,16.34,16.34,16.34,3.1578947367000003,0
CSR,D,20221208,000000,16.34,16.34,14.82,15.485,2686.3157893528,0
CSR,D,20221209,000000,16.34,16.34,14.725,15.58,617.8947368143,0
CSR,D,20221212,000000,15.105,15.105,15.105,15.105,5.2631578945,0
CSR,D,20221213,000000,15.105,15.105,14.63,15.105,215.78947367450002,0
CSR,D,20221214,000000,14.63,14.915,14.63,14.915,2.1052631578,0
CSR,D,20221215,000000,14.915,14.915,14.535,14.535,3.1578947367000003,0
CSR,D,20221216,000000,14.63,15.675,14.63,14.915,150.5263157827,0
CSR,D,20221219,000000,14.915,14.915,14.345,14.915,187.3684210442,0
CSR,D,20221220,000000,14.915,14.915,14.25,14.345,683.1578947061,0
CSR,D,20221221,000000,14.25,14.25,13.11,13.775,262.1052631461,0
CSR,D,20221222,000000,13.775,13.775,13.775,13.775,3.1578947367000003,0
CSR,D,20221223,000000,13.775,13.775,13.395,13.585,24.2105263147,0
CSR,D,20221227,000000,13.585,13.585,13.395,13.395,85.2631578909,0
CSR,D,20221228,000000,13.11,13.3,13.11,13.3,68.42105262850001,0
CSR,D,20221229,000000,13.3,13.3,13.3,13.3,3.1578947367000003,0
CSR,D,20221230,000000,13.68,13.68,13.68,13.68,2.1052631578,0
CSR,D,20230102,000000,13.68,13.68,13.68,13.68,2.1052631578,0
CSR,D,20230103,000000,13.68,13.68,13.68,13.68,2.1052631578,0
CSR,D,20230104,000000,13.49,13.49,13.49,13.49,6.315789473400001,0
CSR,D,20230105,000000,13.49,13.49,13.015,13.015,33.6842105248,0
CSR,D,20230109,000000,13.395,13.395,13.395,13.395,7.3684210523,0
CSR,D,20230110,000000,13.395,13.395,12.825,12.825,10.526315789,0
CSR,D,20230111,000000,12.635,12.73,12.35,12.35,966.3157894302001,0
CSR,D,20230112,000000,12.35,12.35,12.255,12.35,51.5789473661,0
CSR,D,20230113,000000,12.35,12.35,12.065,12.35,121.05263157350001,0
CSR,D,20230116,000000,12.35,12.35,12.065,12.065,263.157894725,0
CSR,D,20230117,000000,12.065,12.35,12.065,12.255,203.1578947277,0
CSR,D,20230118,000000,12.35,12.35,12.35,12.35,7.3684210523,0
CSR,D,20230119,000000,12.35,12.35,11.875,12.255,111.5789473634,0
CSR,D,20230120,000000,12.16,12.16,11.59,12.16,358.94736840490003,0
CSR,D,20230123,000000,12.16,12.16,11.875,12.16,47.368421050500004,0
CSR,D,20230124,000000,12.16,12.16,11.875,12.065,111.5789473634,0
CSR,D,20230125,000000,12.16,12.16,12.065,12.065,223.1578947268,0
CSR,D,20230126,000000,12.16,12.16,11.97,12.16,14.7368421046,0
CSR,D,20230127,000000,12.065,12.065,12.065,12.065,111.5789473634,0
CSR,D,20230130,000000,12.065,12.065,11.97,11.97,58.9473684184,0
CSR,D,20230131,000000,11.97,12.16,11.97,12.16,228.42105262130002,0
CSR,D,20230201,000000,12.16,12.16,12.065,12.16,38.9473684193,0
CSR,D,20230202,000000,12.16,12.16,11.495,12.065,150.5263157827,0
CSR,D,20230203,000000,12.16,12.16,11.875,12.16,603.1578947097,0
CSR,D,20230206,000000,12.16,12.16,12.16,12.16,59.9999999973,0
CSR,D,20230207,000000,12.16,12.16,12.16,12.16,150.5263157827,0
CSR,D,20230208,000000,12.16,12.16,12.16,12.16,6.315789473400001,0
CSR,D,20230209,000000,12.16,12.16,12.16,12.16,7.3684210523,0
CSR,D,20230210,000000,12.16,12.16,11.4,11.875,1789.47368413,0
CSR,D,20230213,000000,11.875,11.875,11.875,11.875,6.315789473400001,0
CSR,D,20230214,000000,12.16,12.16,11.685,11.875,43.157894734900005,0
CSR,D,20230215,000000,11.875,11.875,11.4,11.875,117.8947368368,0
CSR,D,20230216,000000,12.16,12.16,11.685,11.875,70.5263157863,0
CSR,D,20230217,000000,12.16,12.16,11.78,11.875,162.1052631506,0
CSR,D,20230220,000000,12.16,12.16,12.065,12.16,39.9999999982,0
CSR,D,20230221,000000,12.16,12.16,12.065,12.065,8.4210526312,0
CSR,D,20230222,000000,12.16,12.16,12.16,12.16,6.315789473400001,0
CSR,D,20230223,000000,12.16,12.16,12.16,12.16,7.3684210523,0
CSR,D,20230224,000000,12.16,12.16,12.065,12.065,11.5789473679,0
CSR,D,20230227,000000,12.16,12.16,12.065,12.065,6.315789473400001,0
CSR,D,20230228,000000,12.065,12.065,12.065,12.065,5.2631578945,0
CSR,D,20230301,000000,12.16,12.16,11.78,11.97,43.157894734900005,0
CSR,D,20230302,000000,12.16,12.16,12.065,12.065,17.894736841300002,0
CSR,D,20230303,000000,12.16,12.16,12.16,12.16,2.1052631578,0
CSR,D,20230306,000000,12.16,12.16,11.495,12.065,57.8947368395,0
CSR,D,20230307,000000,12.16,12.16,12.065,12.065,4.2105263156,0
CSR,D,20230308,000000,12.16,12.16,12.065,12.065,3.1578947367000003,0
CSR,D,20230309,000000,12.16,12.16,11.97,12.065,18.9473684202,0
CSR,D,20230310,000000,12.16,12.16,12.16,12.16,10.526315789,0
CSR,D,20230313,000000,12.16,12.16,12.16,12.16,7.3684210523,0
CSR,D,20230314,000000,12.35,12.35,12.065,12.065,145.2631578882,0
CSR,D,20230315,000000,12.065,12.065,11.4,11.97,588.4210526051,0
CSR,D,20230316,000000,12.065,12.065,11.115,11.495,455.7894736637,0
CSR,D,20230317,000000,12.35,12.35,11.685,11.685,10.526315789,0
CSR,D,20230320,000000,12.065,12.065,12.065,12.065,2.1052631578,0
CSR,D,20230321,000000,12.35,12.35,12.065,12.065,6.315789473400001,0
CSR,D,20230322,000000,12.065,12.065,12.065,12.065,10.526315789,0
CSR,D,20230323,000000,11.875,12.445,11.875,12.445,4.2105263156,0
CSR,D,20230324,000000,12.825,12.825,12.54,12.54,107.3684210478,0
CSR,D,20230327,000000,12.825,12.825,12.065,12.825,204.2105263066,0
CSR,D,20230328,000000,12.825,12.825,12.35,12.35,107.3684210478,0
CSR,D,20230329,000000,12.825,12.825,12.825,12.825,2.1052631578,0
CSR,D,20230330,000000,12.635,12.635,12.35,12.35,265.2631578828,0
CSR,D,20230331,000000,12.825,12.825,12.825,12.825,2.1052631578,0
CSR,D,20230403,000000,12.825,12.825,12.825,12.825,7.3684210523,0
CSR,D,20230404,000000,12.825,12.825,12.825,12.825,2.1052631578,0
CSR,D,20230405,000000,12.825,12.825,12.825,12.825,4.2105263156,0
CSR,D,20230406,000000,12.73,12.73,12.73,12.73,2.1052631578,0
CSR,D,20230411,000000,12.73,12.73,11.97,12.73,187.3684210442,0
CSR,D,20230412,000000,12.73,12.73,12.16,12.635,273.68421051400003,0
CSR,D,20230413,000000,12.73,12.73,12.16,12.73,91.5789473643,0
CSR,D,20230414,000000,12.73,12.73,12.73,12.73,2.1052631578,0
CSR,D,20230417,000000,12.73,12.73,12.73,12.73,4.2105263156,0
CSR,D,20230418,000000,12.73,12.73,12.73,12.73,3.1578947367000003,0
CSR,D,20230419,000000,12.73,12.73,12.73,12.73,2.1052631578,0
CSR,D,20230420,000000,12.54,12.54,11.78,12.16,287.3684210397,0
CSR,D,20230421,000000,12.73,12.73,12.16,12.16,130.5263157836,0
CSR,D,20230424,000000,12.255,12.255,11.685,12.16,1622.1052630849001,0
CSR,D,20230425,000000,12.635,12.635,11.115,11.115,142.1052631515,0
CSR,D,20230426,000000,11.305,11.305,10.45,10.545,2612.6315788298,0
CSR,D,20230427,000000,10.64,11.305,10.26,10.545,546.3157894491001,0
CSR,D,20230428,000000,10.545,10.545,9.785,9.785,2213.6842104267002,0
CSR,D,20230502,000000,9.785,9.785,9.595,9.595,485.2631578729,0
CSR,D,20230504,000000,9.69,10.07,9.595,10.07,322.1052631434,0
CSR,D,20230505,000000,10.07,10.07,9.69,10.07,38.9473684193,0
CSR,D,20230508,000000,10.07,10.07,10.07,10.07,7.3684210523,0
CSR,D,20230509,000000,10.07,10.07,10.07,10.07,5.2631578945,0
CSR,D,20230510,000000,10.07,10.07,9.88,9.975,135.7894736781,0
CSR,D,20230511,000000,10.07,10.07,9.69,9.975,296.8421052498,0
CSR,D,20230512,000000,10.07,10.07,9.975,9.975,4.2105263156,0
CSR,D,20230515,000000,10.07,10.07,10.07,10.07,5.2631578945,0
CSR,D,20230516,000000,10.07,10.07,9.69,9.975,202.10526314880002,0
CSR,D,20230517,000000,10.07,10.07,9.595,9.595,443.1578947169,0
CSR,D,20230518,000000,9.595,10.07,9.595,10.07,234.7368420947,0
CSR,D,20230519,000000,10.07,10.07,10.07,10.07,15.7894736835,0
CSR,D,20230522,000000,10.07,10.07,9.88,9.88,113.6842105212,0
CSR,D,20230523,000000,9.88,10.07,9.88,10.07,108.4210526267,0
CSR,D,20230524,000000,10.07,10.07,10.07,10.07,2.1052631578,0
CSR,D,20230525,000000,10.07,10.07,10.07,10.07,2.1052631578,0
CSR,D,20230526,000000,10.07,10.07,10.07,10.07,2.1052631578,0
CSR,D,20230529,000000,10.07,10.83,9.975,10.545,2993.6842103916,0
CSR,D,20230530,000000,10.83,10.83,10.83,10.83,2.1052631578,0
CSR,D,20230531,000000,10.83,10.83,10.83,10.83,2.1052631578,0
CSR,D,20230601,000000,10.83,10.83,10.45,10.45,1190.5263157359,0
CSR,D,20230602,000000,10.64,10.64,10.64,10.64,96.8421052588,0
CSR,D,20230605,000000,10.83,10.83,10.07,10.545,277.8947368296,0
CSR,D,20230606,000000,10.64,10.64,10.64,10.64,2.1052631578,0
CSR,D,20230607,000000,10.45,10.45,10.45,10.45,2.1052631578,0
CSR,D,20230609,000000,10.45,10.45,9.5,9.5,243.1578947259,0
CSR,D,20230612,000000,9.5,10.45,9.5,10.165,79.9999999964,0
CSR,D,20230613,000000,10.45,10.45,10.355,10.355,38.9473684193,0
CSR,D,20230614,000000,10.45,10.45,10.165,10.355,133.6842105203,0
CSR,D,20230615,000000,10.355,10.355,10.355,10.355,4.2105263156,0
CSR,D,20230616,000000,10.355,10.355,10.355,10.355,85.2631578909,0
CSR,D,20230619,000000,10.735,10.735,10.355,10.735,38.9473684193,0
CSR,D,20230620,000000,10.735,10.735,10.355,10.355,22.1052631569,0
CSR,D,20230621,000000,10.735,10.735,10.545,10.545,97.89473683770001,0
CSR,D,20230622,000000,10.45,10.735,10.45,10.735,52.631578945,0
CSR,D,20230623,000000,10.925,11.4,10.545,11.4,1807.3684209713,0
CSR,D,20230626,000000,11.7,11.7,10.8,10.8,1049,0
CSR,D,20230627,000000,11.2,11.2,10.5,10.5,377,0
CSR,D,20230628,000000,11,11,10.8,10.8,472,0
CSR,D,20230629,000000,11,11,11,11,2,0
CSR,D,20230630,000000,11,11,11,11,19,0
CSR,D,20230703,000000,11.1,11.1,10.5,10.5,149,0
CSR,D,20230704,000000,11,11,10.7,10.9,12,0
CSR,D,20230705,000000,11,11,10.6,10.6,15,0
CSR,D,20230706,000000,11,11,10.2,11,54,0
CSR,D,20230707,000000,11,11,10.8,10.8,10,0
CSR,D,20230710,000000,11,11,11,11,5,0
CSR,D,20230711,000000,11,11,10.8,10.8,98,0
CSR,D,20230712,000000,11,11,11,11,2,0
CSR,D,20230713,000000,11,11,11,11,2,0
CSR,D,20230714,000000,11,11,11,11,2,0
CSR,D,20230717,000000,11,11,10.8,10.8,125,0
CSR,D,20230718,000000,11,11,10.8,10.8,16,0
CSR,D,20230719,000000,11,13,10.8,13,2126,0
CSR,D,20230720,000000,13.3,13.3,12.7,13.3,402,0
CSR,D,20230721,000000,13.3,13.3,13.3,13.3,2,0
CSR,D,20230724,000000,13.3,13.3,13,13.3,479,0
CSR,D,20230725,000000,13.3,13.3,13.3,13.3,2,0
CSR,D,20230726,000000,13.3,13.3,12.9,13.2,174,0
CSR,D,20230727,000000,13,13,13,13,10,0
CSR,D,20230728,000000,13,13,12.7,13,492,0
CSR,D,20230731,000000,13,13,13,13,1,0
CSR,D,20230801,000000,12.9,12.9,12.9,12.9,2,0
CSR,D,20230802,000000,12.3,12.3,12.3,12.3,282,0
CSR,D,20230803,000000,12.3,12.8,12.1,12.6,1841,0
CSR,D,20230804,000000,13,13,12,12,301,0
CSR,D,20230807,000000,13,13,12.4,12.4,50,0
CSR,D,20230808,000000,13,13,11.8,11.8,1469,0
CSR,D,20230809,000000,11.8,12,11.5,12,5,0
CSR,D,20230810,000000,12,12,12,12,1,0
CSR,D,20230811,000000,12.1,12.1,12.1,12.1,2,0
CSR,D,20230814,000000,12,13,11.3,13,105,0
CSR,D,20230816,000000,13,13,13,13,1,0
CSR,D,20230817,000000,13,13,13,13,1,0
CSR,D,20230818,000000,13,13,13,13,1,0
CSR,D,20230821,000000,13,13,11.8,11.8,104,0
CSR,D,20230822,000000,11.8,11.8,11.5,11.8,261,0
CSR,D,20230823,000000,12,12,11.5,11.8,78,0
CSR,D,20230824,000000,11.8,11.8,11.8,11.8,10,0
CSR,D,20230825,000000,11.6,11.8,11.6,11.8,10,0
CSR,D,20230828,000000,11.7,11.7,11.6,11.6,10,0
CSR,D,20230829,000000,11.7,11.8,11.7,11.8,7,0
CSR,D,20230830,000000,11.9,11.9,11.8,11.9,12,0
CSR,D,20230831,000000,11.9,11.9,11.7,11.7,6,0
CSR,D,20230901,000000,11.9,11.9,11.8,11.8,3,0
CSR,D,20230904,000000,12,12,12,12,2,0
CSR,D,20230905,000000,12,12,12,12,2,0
CSR,D,20230906,000000,11.5,11.5,11.5,11.5,125,0
CSR,D,20230907,000000,11.5,11.5,11.5,11.5,2,0
CSR,D,20230908,000000,11.5,11.5,11.5,11.5,2,0
CSR,D,20230911,000000,12,12,12,12,1,0
CSR,D,20230912,000000,12,12,12,12,2,0
CSR,D,20230913,000000,12,12,12,12,2,0
CSR,D,20230914,000000,12,12,11.4,11.5,935,0
CSR,D,20230915,000000,11.6,11.6,10.9,10.9,1012,0
CSR,D,20230918,000000,11.6,11.6,10.5,10.5,1659,0
CSR,D,20230919,000000,10.5,10.9,10.3,10.4,1460,0
CSR,D,20230920,000000,10.5,10.8,9.65,9.85,3917,0
CSR,D,20230921,000000,10,10,10,10,2,0
CSR,D,20230922,000000,10.1,10.1,10.1,10.1,2,0
CSR,D,20230925,000000,10.5,10.5,10.5,10.5,2,0
CSR,D,20230926,000000,11,11,11,11,2,0
CSR,D,20230927,000000,11,11,11,11,2,0
CSR,D,20230928,000000,11,11,11,11,2,0
CSR,D,20230929,000000,10.9,10.9,10.9,10.9,2,0
CSR,D,20231002,000000,11,11,11,11,2,0
CSR,D,20231003,000000,11.6,11.6,11.6,11.6,2,0
CSR,D,20231004,000000,11.6,11.6,11.6,11.6,2,0
CSR,D,20231005,000000,11.6,11.6,11.6,11.6,2,0
CSR,D,20231006,000000,11.6,11.6,11.6,11.6,2,0
CSR,D,20231009,000000,11.6,11.6,11.6,11.6,2,0
CSR,D,20231010,000000,11.6,11.6,11.6,11.6,8,0
CSR,D,20231011,000000,11.6,11.6,11.6,11.6,2,0
CSR,D,20231012,000000,11.6,11.6,11.6,11.6,2,0
CSR,D,20231013,000000,11.6,11.6,11.6,11.6,2,0
CSR,D,20231016,000000,11.6,11.6,11.6,11.6,2,0
CSR,D,20231017,000000,11.6,11.6,11.6,11.6,2,0
CSR,D,20231018,000000,11.6,11.6,11.6,11.6,2,0
CSR,D,20231019,000000,11.6,11.6,10.5,10.5,51,0
CSR,D,20231020,000000,11,11.6,9.95,9.95,1609,0
CSR,D,20231023,000000,10.5,10.9,9.65,10.8,2325,0
CSR,D,20231024,000000,10.5,10.5,9.8,9.8,804,0
CSR,D,20231025,000000,9.8,10.3,9.8,10.3,904,0
CSR,D,20231026,000000,10.3,10.3,9.85,9.85,319,0
CSR,D,20231027,000000,10.3,10.3,9.7,9.75,1229,0
CSR,D,20231030,000000,10.3,10.3,10.1,10.2,14,0
CSR,D,20231031,000000,10.3,10.3,9.6,10.2,2539,0
CSR,D,20231102,000000,10.5,10.5,10.5,10.5,2,0
CSR,D,20231103,000000,10.5,10.5,10.5,10.5,2,0
CSR,D,20231106,000000,9.6,9.6,9.6,9.6,267,0
CSR,D,20231107,000000,9.6,9.6,9.6,9.6,2,0
CSR,D,20231108,000000,9.6,9.6,9.6,9.6,2,0
CSR,D,20231109,000000,10,10,10,10,2,0
CSR,D,20231110,000000,10,10,10,10,10,0
CSR,D,20231113,000000,9.6,10.5,9.6,9.8,14,0
CSR,D,20231114,000000,10,10,10,10,2,0
CSR,D,20231115,000000,9.8,9.8,9.8,9.8,2,0
CSR,D,20231116,000000,9.8,10.2,9.8,10.2,2242,0
CSR,D,20231117,000000,10.1,10.5,9.95,10.5,20,0
CSR,D,20231120,000000,10.5,10.5,10.5,10.5,2,0
CSR,D,20231121,000000,10.5,10.5,10.5,10.5,2,0
CSR,D,20231122,000000,10.1,10.5,9.95,10.5,154,0
CSR,D,20231123,000000,10.5,10.5,10.5,10.5,2,0
CSR,D,20231124,000000,10.5,10.5,9.6,9.95,68,0
CSR,D,20231127,000000,10.5,10.5,10.5,10.5,2,0
CSR,D,20231128,000000,10.5,10.5,9.5,10.2,3967,0
CSR,D,20231129,000000,10.2,10.2,9.45,10.2,300,0
CSR,D,20231130,000000,10.2,10.2,9.4,10.2,290,0
CSR,D,20231201,000000,10,10,9.6,10,104,0
CSR,D,20231204,000000,10.2,10.2,9.65,10.2,417,0
CSR,D,20231205,000000,10.2,10.2,9.25,9.8,3779,0
CSR,D,20231206,000000,9.8,9.8,9.05,9.7,2241,0
CSR,D,20231207,000000,9.5,9.5,9.05,9.4,455,0
CSR,D,20231208,000000,9.4,9.4,9.15,9.2,155,0
CSR,D,20231211,000000,9.2,9.95,9.2,9.8,943,0
CSR,D,20231212,000000,10.1,10.1,10.1,10.1,2,0
CSR,D,20231213,000000,9.85,9.85,9.5,9.85,65,0
CSR,D,20231214,000000,10.1,10.1,10.1,10.1,2,0
CSR,D,20231215,000000,10.1,10.1,10.1,10.1,2,0
CSR,D,20231218,000000,9.6,9.6,9.3,9.55,615,0
CSR,D,20231219,000000,9.6,9.6,9.6,9.6,2,0
CSR,D,20231220,000000,9.6,9.6,8.95,9.15,1375,0
CSR,D,20231221,000000,9.6,9.6,9.2,9.2,822,0
CSR,D,20231222,000000,9.6,9.6,9.05,9.1,1562,0
CSR,D,20231227,000000,9.6,9.6,9.6,9.6,2,0
CSR,D,20231228,000000,9.4,9.4,9.4,9.4,2,0
CSR,D,20231229,000000,8.75,8.9,8.6,8.6,2134,0
CSR,D,20240102,000000,8.6,8.9,8.6,8.9,3,0
CSR,D,20240103,000000,8.9,9,8.85,9,1002,0
CSR,D,20240104,000000,9,9,9,9,14,0
CSR,D,20240105,000000,9.5,9.5,8.65,9,102,0
CSR,D,20240108,000000,8.9,9,8.9,9,132,0
CSR,D,20240109,000000,9,9,9,9,43,0
CSR,D,20240110,000000,9.1,9.35,8.95,9.35,1837,0
CSR,D,20240111,000000,9.35,9.4,9.3,9.4,1935,0
CSR,D,20240112,000000,9.55,9.55,9.55,9.55,2,0
CSR,D,20240115,000000,9.5,9.55,9.1,9.55,1736,0
CSR,D,20240116,000000,10.2,10.2,9.2,9.2,821,0
CSR,D,20240117,000000,9.3,9.45,9.3,9.45,218,0
CSR,D,20240118,000000,10.1,10.1,9.45,9.8,254,0
CSR,D,20240119,000000,9.8,9.8,9.8,9.8,50,0
CSR,D,20240122,000000,10,10,9.4,9.65,453,0
CSR,D,20240123,000000,9.65,9.65,9.35,9.4,258,0
CSR,D,20240124,000000,9.65,9.65,9.65,9.65,2,0
CSR,D,20240125,000000,9.65,9.65,9.65,9.65,2,0
CSR,D,20240126,000000,9.6,9.6,9.6,9.6,2,0
CSR,D,20240129,000000,9.85,9.85,9.3,9.3,45,0
CSR,D,20240130,000000,9.65,9.65,9.65,9.65,2,0
CSR,D,20240131,000000,9.55,9.65,9.3,9.4,237,0
CSR,D,20240201,000000,9.5,9.5,9.5,9.5,2,0
CSR,D,20240202,000000,9.35,9.35,9.25,9.3,93,0
CSR,D,20240205,000000,9.3,9.3,9.3,9.3,2,0
CSR,D,20240206,000000,9.3,9.3,9.25,9.25,813,0
CSR,D,20240207,000000,9.25,9.25,9.25,9.25,2,0
CSR,D,20240208,000000,9.3,9.3,9.3,9.3,2,0
CSR,D,20240209,000000,9.3,9.3,9.3,9.3,2,0
CSR,D,20240212,000000,9.3,9.3,9.3,9.3,3,0
CSR,D,20240213,000000,9.3,9.3,9.3,9.3,4,0
CSR,D,20240214,000000,9.3,9.3,9.3,9.3,2,0
CSR,D,20240215,000000,9.3,9.3,9.3,9.3,2,0
CSR,D,20240216,000000,9.3,9.3,9.3,9.3,2,0
CSR,D,20240219,000000,9.3,9.3,9.3,9.3,4,0
CSR,D,20240220,000000,9.3,9.3,9.3,9.3,2,0
CSR,D,20240221,000000,9.3,9.3,9,9.3,452,0
CSR,D,20240222,000000,9.3,9.3,9.3,9.3,7,0
CSR,D,20240223,000000,9.3,9.3,9.3,9.3,2,0
CSR,D,20240226,000000,9.3,9.3,9.3,9.3,2,0
CSR,D,20240227,000000,9.3,9.3,9.3,9.3,2,0
CSR,D,20240228,000000,9.3,9.3,9,9.1,75,0
CSR,D,20240229,000000,9.3,9.3,9.3,9.3,2,0
CSR,D,20240301,000000,9.3,9.3,9.3,9.3,28,0
CSR,D,20240304,000000,9.3,9.3,9.3,9.3,2,0
CSR,D,20240305,000000,9.3,9.3,9.3,9.3,247,0
CSR,D,20240306,000000,9.3,9.3,8.95,9,1853,0
CSR,D,20240307,000000,9,9,9,9,23,0
CSR,D,20240308,000000,8.8,8.8,8.8,8.8,2,0
CSR,D,20240311,000000,8.8,9,8.8,9,4,0
CSR,D,20240312,000000,9,9,9,9,2,0
CSR,D,20240313,000000,9,9,9,9,4,0
CSR,D,20240314,000000,9,9,8.8,9,393,0
CSR,D,20240315,000000,9,9,9,9,2,0
