<TICKER>,<PER>,<DATE>,<TIME>,<OPEN>,<HIGH>,<LOW>,<CLOSE>,<VOL>,<OPENINT>
CTX,D,20210419,000000,174,175,170.98,171.98,26344,0
CTX,D,20210420,000000,172.8,172.8,150,154.04,18376,0
CTX,D,20210421,000000,155,169.96,150,168,10621,0
CTX,D,20210422,000000,167,174.8,167,173.98,3543,0
CTX,D,20210423,000000,172,174.28,169.02,174.28,1643,0
CTX,D,20210426,000000,180,180,172.32,177.9,397,0
CTX,D,20210427,000000,178,178,175.64,177.86,67,0
CTX,D,20210428,000000,177.96,177.96,169,177.46,164,0
CTX,D,20210429,000000,177.94,177.94,171.02,176.94,208,0
CTX,D,20210430,000000,176.9,178.58,172.42,178,594,0
CTX,D,20210504,000000,172.5,177.46,170.26,177.46,10875,0
CTX,D,20210505,000000,172.2,174,172.12,173,7318,0
CTX,D,20210506,000000,173,173,170.32,172,5449,0
CTX,D,20210507,000000,172.96,172.96,171,171.6,12763,0
CTX,D,20210510,000000,172,172,169,171.98,620,0
CTX,D,20210511,000000,172,172,171,171,51,0
CTX,D,20210512,000000,171,171.5,170,170,8067,0
CTX,D,20210513,000000,170.96,170.96,166.28,168.6,2169,0
CTX,D,20210514,000000,169,170.5,167.52,170.5,16858,0
CTX,D,20210517,000000,171.98,171.98,168.3,170,454,0
CTX,D,20210518,000000,171,171,168.02,170.98,36,0
CTX,D,20210519,000000,170.96,170.98,170.5,170.98,4,0
CTX,D,20210520,000000,168,170.98,168,170.98,139,0
CTX,D,20210521,000000,166.2,170.96,166.2,170.96,3,0
CTX,D,20210524,000000,170.96,170.96,166.4,170,32,0
CTX,D,20210525,000000,166.5,169.5,166.5,169.5,63,0
CTX,D,20210526,000000,170,170,166.52,169.9,32,0
CTX,D,20210527,000000,169.8,169.8,169.8,169.8,5,0
CTX,D,20210528,000000,166.56,169.78,166.56,169.5,28,0
CTX,D,20210531,000000,169.4,169.4,165.4,169,89,0
CTX,D,20210601,000000,169,175,165.22,170,3002,0
CTX,D,20210602,000000,170,174,167,174,7106,0
CTX,D,20210604,000000,174.5,174.9,173.9,174,14,0
CTX,D,20210607,000000,174,174,174,174,206,0
CTX,D,20210608,000000,174,178,174,178,1548,0
CTX,D,20210609,000000,178,184,178,184,586,0
CTX,D,20210610,000000,184,184,182.8,184,1190,0
CTX,D,20210611,000000,183.98,185,178.2,184.8,1909,0
CTX,D,20210614,000000,185,186,181.5,185.9,1444,0
CTX,D,20210615,000000,183.16,185.9,182.6,185.9,1212,0
CTX,D,20210616,000000,185.5,190,184,187.1,7440,0
CTX,D,20210617,000000,186.9,187,183,185.5,953,0
CTX,D,20210618,000000,185.5,188,185,187.94,1793,0
CTX,D,20210621,000000,185,187.86,184,187.86,3486,0
CTX,D,20210622,000000,186.98,186.98,186.5,186.5,194,0
CTX,D,20210623,000000,186.5,192.16,186,190,7763,0
CTX,D,20210624,000000,194,197,192,195,258,0
CTX,D,20210625,000000,195,199,195,198,571,0
CTX,D,20210628,000000,198,200,192,200,2614,0
CTX,D,20210629,000000,200,203,197.1,201,3964,0
CTX,D,20210630,000000,198.58,202.4,198.58,198.8,1670,0
CTX,D,20210701,000000,199.5,201.9,197.16,199.6,1120,0
CTX,D,20210702,000000,200,200,198,199.4,1716,0
CTX,D,20210705,000000,199.4,199.4,194,199.4,2994,0
CTX,D,20210706,000000,195.5,199,195.5,199,422,0
CTX,D,20210707,000000,196.04,198.9,196.04,198.9,89,0
CTX,D,20210708,000000,198.8,198.8,194.6,198.6,395,0
CTX,D,20210709,000000,198.6,198.6,193.3,198,17772,0
CTX,D,20210712,000000,197.4,197.5,193.46,197.5,107,0
CTX,D,20210713,000000,198,198,180.3,191.9,2211,0
CTX,D,20210714,000000,193,193,188,188,348,0
CTX,D,20210715,000000,190.7,190.7,186,189,478,0
CTX,D,20210716,000000,188,198,188,195,1250,0
CTX,D,20210719,000000,195,196,194.5,195,283,0
CTX,D,20210720,000000,196,196,192.06,194.9,143,0
CTX,D,20210721,000000,193,199,190,195,176,0
CTX,D,20210722,000000,195,195.5,190,195,150,0
CTX,D,20210723,000000,195,195.5,192,195.5,3063,0
CTX,D,20210726,000000,195.5,195.5,190,193,7033,0
CTX,D,20210727,000000,195,195,191,195,295,0
CTX,D,20210728,000000,195,195,190,192,162,0
CTX,D,20210729,000000,192,194.98,189,192,39120,0
CTX,D,20210730,000000,192,192,191,191,66,0
CTX,D,20210802,000000,192,192,188.2,191,204,0
CTX,D,20210803,000000,182.2,192.9,182.2,192.9,431,0
CTX,D,20210804,000000,192.9,192.9,187,192,8824,0
CTX,D,20210805,000000,192.5,192.5,187.04,190,92,0
CTX,D,20210806,000000,188,192.48,188,190.98,5138,0
CTX,D,20210809,000000,190.9,194.98,190,194.98,6313,0
CTX,D,20210810,000000,194,194,190,193.98,151,0
CTX,D,20210811,000000,193.98,193.98,192,193,144,0
CTX,D,20210812,000000,193.98,193.98,188.16,191,329,0
CTX,D,20210813,000000,193.98,193.98,190,190.5,30,0
CTX,D,20210816,000000,190,192,189.6,190,166,0
CTX,D,20210817,000000,190,193,189.6,193,704,0
CTX,D,20210818,000000,193.98,193.98,190.5,190.5,71,0
CTX,D,20210819,000000,185.5,190.98,185,190.5,195,0
CTX,D,20210820,000000,190,192,185.1,192,142,0
CTX,D,20210823,000000,185.28,190,185.28,190,9,0
CTX,D,20210824,000000,190,190,190,190,1,0
CTX,D,20210825,000000,191,191,185.22,190,16,0
CTX,D,20210826,000000,190,190,189,190,337,0
CTX,D,20210827,000000,190.1,191.9,185.28,190,36,0
CTX,D,20210830,000000,185,190,185,189.7,481,0
CTX,D,20210831,000000,189.7,190,184.2,189.9,345,0
CTX,D,20210901,000000,188,188.8,175,188.8,1752,0
CTX,D,20210902,000000,188,188,188,188,1,0
CTX,D,20210903,000000,188.88,188.88,186,188.48,400,0
CTX,D,20210906,000000,184,187.5,183.2,183.62,465,0
CTX,D,20210907,000000,183.62,188.5,183.62,186,68,0
CTX,D,20210908,000000,188.5,188.5,183.74,185.02,232,0
CTX,D,20210909,000000,183.7,188,183.7,186,4005,0
CTX,D,20210910,000000,185,188.96,184.08,185.04,1199,0
CTX,D,20210913,000000,185.04,188.98,184.28,186,1023,0
CTX,D,20210914,000000,186,188.6,185,185.02,8153,0
CTX,D,20210915,000000,185.86,188,185.02,188,163,0
CTX,D,20210916,000000,185,188.7,184.24,188,248,0
CTX,D,20210917,000000,185.1,190,185.02,189.9,4359,0
CTX,D,20210920,000000,188.02,188.9,184.44,188.7,301,0
CTX,D,20210921,000000,185,188,184.42,188,1471,0
CTX,D,20210922,000000,184.24,189.9,184.24,188,425,0
CTX,D,20210923,000000,185.72,189,185.72,189,1017,0
CTX,D,20210924,000000,186,189,186,186,6329,0
CTX,D,20210927,000000,184.28,189.84,184.2,189.84,25,0
CTX,D,20210928,000000,189.86,189.86,185.12,187.9,1265,0
CTX,D,20210929,000000,189,189,185.02,186.88,1553,0
CTX,D,20210930,000000,186.88,188,185,188,1703,0
CTX,D,20211001,000000,185.1,189,184.54,186,983,0
CTX,D,20211004,000000,186,188,184.48,186.06,5861,0
CTX,D,20211005,000000,189.5,189.5,185.16,186,72,0
CTX,D,20211006,000000,188,190,187.12,189,6801,0
CTX,D,20211007,000000,189,193,189,191.5,2335,0
CTX,D,20211008,000000,191,192,183.02,190,19523,0
CTX,D,20211011,000000,190,190,190,190,30,0
CTX,D,20211012,000000,188,189,188,188.5,143,0
CTX,D,20211013,000000,189,192,187,191,103,0
CTX,D,20211014,000000,190,190,190,190,2600,0
CTX,D,20211015,000000,190,209,190,202,8564,0
CTX,D,20211018,000000,204.9,204.9,190,195.98,54227,0
CTX,D,20211019,000000,195.98,200,194.5,200,5366,0
CTX,D,20211020,000000,199.9,199.9,196.9,197.5,137,0
CTX,D,20211021,000000,197,197,196,196.5,127,0
CTX,D,20211022,000000,195.8,199.98,195,196.96,1718,0
CTX,D,20211025,000000,196.98,196.98,194.7,195.48,477,0
CTX,D,20211026,000000,195.5,195.5,189,190,2103,0
CTX,D,20211027,000000,190,192.8,189,190,11974,0
CTX,D,20211028,000000,190,195,187,195,19233,0
CTX,D,20211029,000000,194.98,196.98,192,192,185,0
CTX,D,20211102,000000,190,194.98,190,193.98,2036,0
CTX,D,20211103,000000,193,193,176.4,182.2,1398,0
CTX,D,20211104,000000,182,189,180.06,189,394,0
CTX,D,20211105,000000,184.2,190,184,189.8,696,0
CTX,D,20211108,000000,184.2,189.4,184.2,188.9,37,0
CTX,D,20211109,000000,184.1,189,180,182,452,0
CTX,D,20211110,000000,181,185,181,185,626,0
CTX,D,20211112,000000,184.98,190,184.98,189.86,848,0
CTX,D,20211115,000000,188.9,193.98,188.9,190,1170,0
CTX,D,20211116,000000,190,193.78,189.5,193.78,1060,0
CTX,D,20211117,000000,190,192,190,192,426,0
CTX,D,20211118,000000,190,190,180,185.1,966,0
CTX,D,20211119,000000,181,187,181,186,392,0
CTX,D,20211122,000000,185,185,184,184.9,172,0
CTX,D,20211123,000000,182.5,184,182.5,184,35,0
CTX,D,20211124,000000,183.5,184,178.22,183.68,129,0
CTX,D,20211125,000000,183.58,183.6,183.58,183.6,95,0
CTX,D,20211126,000000,180.1,185,179.02,185,1261,0
CTX,D,20211129,000000,180,185.78,176.6,185.78,127,0
CTX,D,20211130,000000,185,188.8,180.1,185,3423,0
CTX,D,20211201,000000,185,187.5,185,187.44,377,0
CTX,D,20211202,000000,188.88,189.9,188.88,188.88,823,0
CTX,D,20211203,000000,182,186,182,185.8,11307,0
CTX,D,20211206,000000,185,185,183,183,593,0
CTX,D,20211207,000000,182,182,180,181.98,399,0
CTX,D,20211208,000000,180,180.5,180,180.5,1457,0
CTX,D,20211209,000000,180.5,180.5,178.3,180,4684,0
CTX,D,20211210,000000,179.8,179.8,178.6,178.6,3147,0
CTX,D,20211213,000000,177.1,180,177.1,179.88,685,0
CTX,D,20211214,000000,179.88,180,175.6,178.4,150,0
CTX,D,20211215,000000,175.7,179.8,174.12,179,387,0
CTX,D,20211216,000000,177,177,174,174,449,0
CTX,D,20211217,000000,178,178,178,178,146,0
CTX,D,20211221,000000,178,178,173,175,218,0
CTX,D,20211222,000000,176,178,172.52,175,872,0
CTX,D,20211223,000000,176.4,176.4,171.98,175.9,1372,0
CTX,D,20211227,000000,175.9,179.5,173.5,178.9,2198,0
CTX,D,20211228,000000,178.98,179,177,179,284,0
CTX,D,20211229,000000,179,179.8,178,179.8,3064,0
CTX,D,20211230,000000,180,182,178,179.8,964,0
CTX,D,20220103,000000,175.4,178,174,178,336,0
CTX,D,20220104,000000,176,177.9,175,175,1252,0
CTX,D,20220105,000000,175,175,173,175,545,0
CTX,D,20220107,000000,175,180,175,180,4443,0
CTX,D,20220110,000000,180,180,171.5,180,3598,0
CTX,D,20220111,000000,179,179,175,178,66,0
CTX,D,20220112,000000,180,183.98,177.02,180,24561,0
CTX,D,20220113,000000,183.78,183.78,179.5,180,1215,0
CTX,D,20220114,000000,174.02,179,174,178.98,116,0
CTX,D,20220117,000000,178.9,179,177,179,21376,0
CTX,D,20220118,000000,175,178.62,172.04,178.5,643,0
CTX,D,20220119,000000,177.98,177.98,174,176.9,125,0
CTX,D,20220120,000000,177,187,177,184,12921,0
CTX,D,20220121,000000,180,184,175.04,179.9,6549,0
CTX,D,20220124,000000,175.3,178,170.2,173.5,3152,0
CTX,D,20220125,000000,172.98,172.98,165.02,169.5,1277,0
CTX,D,20220126,000000,170.02,179,170.02,178,984,0
CTX,D,20220127,000000,170,175,168.52,171,1152,0
CTX,D,20220128,000000,172,178,170,171,2010,0
CTX,D,20220131,000000,175,175,172.52,173.5,314,0
CTX,D,20220201,000000,174,174,170,173.86,248,0
CTX,D,20220202,000000,169,173,167,170,1461,0
CTX,D,20220203,000000,168.4,172,167.7,172,504,0
CTX,D,20220204,000000,167.7,171,167,171,1171,0
CTX,D,20220207,000000,173.6,174.6,170.9,174.6,178,0
CTX,D,20220208,000000,174.3,174.3,160.8,170.98,1975,0
CTX,D,20220209,000000,173.2,174.5,168.1,174.5,1204,0
CTX,D,20220210,000000,174.5,176,172.04,176,756,0
CTX,D,20220211,000000,175,175.5,171,174.5,294,0
CTX,D,20220214,000000,169.1,175,166.7,173,1067,0
CTX,D,20220215,000000,170,173,170,173,61,0
CTX,D,20220216,000000,174.98,174.98,168.7,174,103,0
CTX,D,20220217,000000,175,175,167.36,171,363,0
CTX,D,20220218,000000,171,173.1,168,173,1142,0
CTX,D,20220221,000000,172.8,173.2,166.06,172.88,624,0
CTX,D,20220222,000000,166,171.9,158.06,171.9,545,0
CTX,D,20220223,000000,171.9,187,171,187,1710,0
CTX,D,20220224,000000,173.98,175,147,175,5815,0
CTX,D,20220225,000000,173.88,181,171,181,6511,0
CTX,D,20220228,000000,180,181,170,181,7927,0
CTX,D,20220301,000000,181.5,181.5,176.24,179.9,85,0
CTX,D,20220302,000000,171.44,180.96,171.44,177,367,0
CTX,D,20220303,000000,175,180,170.6,175,302,0
CTX,D,20220304,000000,175,177.2,170.66,175,280,0
CTX,D,20220307,000000,170.6,175,162.2,168.98,688,0
CTX,D,20220308,000000,166,170,162.02,165,350,0
CTX,D,20220309,000000,170,170,169.04,169.7,28,0
CTX,D,20220310,000000,169.76,169.76,169,169.1,299,0
CTX,D,20220311,000000,169.1,175,169.1,174.98,6563,0
CTX,D,20220314,000000,166.5,172.28,165.5,172.16,459,0
CTX,D,20220316,000000,170,171.98,166.5,169.98,252,0
CTX,D,20220317,000000,168.98,168.98,165,165,8279,0
CTX,D,20220318,000000,168,170,162.1,164.98,407,0
CTX,D,20220321,000000,162.3,164.98,162.3,164.8,388,0
CTX,D,20220322,000000,164.8,167.16,164.8,165,157,0
CTX,D,20220323,000000,166,166,160,160,122,0
CTX,D,20220324,000000,164.98,164.98,160.5,164,600,0
CTX,D,20220325,000000,162,162.1,160,162,198,0
CTX,D,20220328,000000,162,164,162,164,148,0
CTX,D,20220329,000000,164.96,167.04,160,160,2580,0
CTX,D,20220330,000000,160.02,160.02,159,160,6773,0
CTX,D,20220331,000000,160,160,158,160,70,0
CTX,D,20220401,000000,164,164,157.2,159.98,273,0
CTX,D,20220404,000000,159.98,159.98,153,154.94,3932,0
CTX,D,20220405,000000,154.94,155,150,155,2643,0
CTX,D,20220406,000000,152,152,147.5,150,11605,0
CTX,D,20220407,000000,150,150,147.1,150,262,0
CTX,D,20220408,000000,145,150,144,147,2295,0
CTX,D,20220411,000000,150.02,155,149,154.36,16726,0
CTX,D,20220412,000000,150,150,145.08,148,496,0
CTX,D,20220413,000000,149,149,139,139,3429,0
CTX,D,20220414,000000,143,154,143,151,1126,0
CTX,D,20220419,000000,150,165,144,165,9570,0
CTX,D,20220420,000000,174.5,174.5,160,169,5036,0
CTX,D,20220421,000000,165,172.5,163,163,149,0
CTX,D,20220422,000000,166,166,155,155,323,0
CTX,D,20220425,000000,149,162.5,148,162,901,0
CTX,D,20220426,000000,160,160.5,160,160.5,62,0
CTX,D,20220427,000000,160.5,160.5,147.5,150.5,452,0
CTX,D,20220428,000000,145.5,152,145,152,351,0
CTX,D,20220429,000000,152,159,146,152,800,0
CTX,D,20220502,000000,156,160,150,154.5,540,0
CTX,D,20220504,000000,150,153,150,153,265,0
CTX,D,20220505,000000,150,153,150,151,39,0
CTX,D,20220506,000000,150.5,151,149,151,415,0
CTX,D,20220509,000000,150.5,150.5,146.5,150,42,0
CTX,D,20220510,000000,150,150,146,150,157,0
CTX,D,20220511,000000,145.5,151,144,151,445,0
CTX,D,20220512,000000,142,145,138.5,144,1482,0
CTX,D,20220513,000000,143,147,135,142,947,0
CTX,D,20220516,000000,139,145.5,136,144,55,0
CTX,D,20220517,000000,140,142,135,141,1907,0
CTX,D,20220518,000000,140,146.5,137,144,404,0
CTX,D,20220519,000000,143.5,143.5,136,143,108,0
CTX,D,20220523,000000,139.5,139.5,127.5,137,8228,0
CTX,D,20220524,000000,132,142,130,130,5359,0
CTX,D,20220525,000000,131.5,138,128,137,132,0
CTX,D,20220526,000000,137.5,139,130,136.5,240,0
CTX,D,20220527,000000,138,138,134.5,134.5,121,0
CTX,D,20220530,000000,134,134.5,133,133,45,0
CTX,D,20220531,000000,130,134.5,128,134.5,480,0
CTX,D,20220601,000000,130,138,128,138,1267,0
CTX,D,20220602,000000,138,138,131,135.5,698,0
CTX,D,20220603,000000,129,132.5,127,132,294,0
CTX,D,20220606,000000,133,146,133,143,3359,0
CTX,D,20220607,000000,143,152,142,147,4684,0
CTX,D,20220608,000000,144,147.5,136,146,2904,0
CTX,D,20220609,000000,140,144,139,142,403,0
CTX,D,20220610,000000,142,142.5,136.5,141.5,153,0
CTX,D,20220613,000000,136.5,139,132,132,48,0
CTX,D,20220614,000000,131,131,128,130,477,0
CTX,D,20220615,000000,128,130,123,129,1178,0
CTX,D,20220617,000000,122.5,129,117,127.5,1897,0
CTX,D,20220620,000000,122.5,122.5,117,122.5,2130,0
CTX,D,20220621,000000,122.5,128,117,128,571,0
CTX,D,20220622,000000,125,127,125,127,247,0
CTX,D,20220623,000000,120,124,120,124,997,0
CTX,D,20220624,000000,118,122,116,120,1674,0
CTX,D,20220627,000000,115,116,108,116,1659,0
CTX,D,20220628,000000,109.5,115,108.5,115,1034,0
CTX,D,20220629,000000,114,120,114,120,543,0
CTX,D,20220630,000000,117.5,119.5,117.5,119,336,0
CTX,D,20220701,000000,122,122,116.5,116.5,425,0
CTX,D,20220704,000000,119,120,117,120,31,0
CTX,D,20220705,000000,120,120,112,119.5,794,0
CTX,D,20220706,000000,110,115.5,108.5,110,711,0
CTX,D,20220707,000000,116,137,116,128.5,18901,0
CTX,D,20220708,000000,130,131,119,120,3001,0
CTX,D,20220711,000000,124,124,114.5,120,4537,0
CTX,D,20220712,000000,116,120,114,114,919,0
CTX,D,20220713,000000,114,114.5,111,114.5,678,0
CTX,D,20220714,000000,111,112,106,111,1031,0
CTX,D,20220715,000000,109,111,108,110.5,598,0
CTX,D,20220718,000000,110,111,103.5,111,821,0
CTX,D,20220719,000000,111,112,102.5,103,1543,0
CTX,D,20220720,000000,105,108.5,103,108.5,1922,0
CTX,D,20220721,000000,104.5,108,104,108,354,0
CTX,D,20220722,000000,108,108.5,105,108.5,84,0
CTX,D,20220725,000000,112,118,110,115,1377,0
CTX,D,20220726,000000,115,115,113,114,416,0
CTX,D,20220727,000000,114,115.5,114,114,267,0
CTX,D,20220728,000000,116,124.5,116,117,861,0
CTX,D,20220729,000000,117,124.5,111,124.5,399,0
CTX,D,20220801,000000,124,139,124,138.5,2116,0
CTX,D,20220802,000000,138.5,150,132,150,12454,0
CTX,D,20220803,000000,149.5,149.5,140,145,1164,0
CTX,D,20220804,000000,145,160,145,160,7683,0
CTX,D,20220805,000000,160,160,150.5,158,434,0
CTX,D,20220808,000000,159,160,154,155,2671,0
CTX,D,20220809,000000,159.5,159.5,159,159.5,213,0
CTX,D,20220810,000000,155,159.5,154,159.5,5088,0
CTX,D,20220811,000000,159.5,159.5,158,158,103,0
CTX,D,20220812,000000,157.5,159.5,147.5,159.5,2312,0
CTX,D,20220816,000000,156,164,155,164,2744,0
CTX,D,20220817,000000,164,164,155,155,300,0
CTX,D,20220818,000000,160,170,155,170,2119,0
CTX,D,20220819,000000,168,169,162.5,167.5,180,0
CTX,D,20220822,000000,168,168,151,151,765,0
CTX,D,20220823,000000,151,157,151,157,113,0
CTX,D,20220824,000000,157,158.5,153,155,441,0
CTX,D,20220825,000000,152,156,151.5,154.5,129,0
CTX,D,20220826,000000,151.5,156,151.5,156,11,0
CTX,D,20220829,000000,150,155,140,141,1101,0
CTX,D,20220830,000000,145.5,146.5,142,146.5,45,0
CTX,D,20220831,000000,146.5,153.5,142,151,237,0
CTX,D,20220901,000000,148,150,140,146,1824,0
CTX,D,20220902,000000,141,148,137.5,148,799,0
CTX,D,20220905,000000,148,149,148,148,491,0
CTX,D,20220906,000000,141.5,146,141.5,141.5,560,0
CTX,D,20220907,000000,141.5,146.5,141,143,639,0
CTX,D,20220908,000000,141,148,138.5,145,465,0
CTX,D,20220909,000000,144.5,147,140,144.5,30,0
CTX,D,20220912,000000,142,144,139,144,841,0
CTX,D,20220913,000000,144.5,144.5,144.5,144.5,10,0
CTX,D,20220914,000000,138,147.5,138,147.5,1258,0
CTX,D,20220915,000000,142,147.5,140.5,147.5,65,0
CTX,D,20220916,000000,140,145,139.5,145,445,0
CTX,D,20220919,000000,145,145.5,145,145.5,347,0
CTX,D,20220920,000000,146.5,148,144,146,1370,0
CTX,D,20220921,000000,147,147,143,146,356,0
CTX,D,20220922,000000,146,149,140.5,147.5,1313,0
CTX,D,20220923,000000,147,147.5,140,144.5,638,0
CTX,D,20220926,000000,144,144,138,143.5,225,0
CTX,D,20220927,000000,142,142,138,140.5,839,0
CTX,D,20220928,000000,140,140,135,140,44,0
CTX,D,20220929,000000,139,139,134,139,7,0
CTX,D,20220930,000000,137,138,134.5,138,11,0
CTX,D,20221003,000000,138,138,128,137,116,0
CTX,D,20221004,000000,137.5,138,137.5,138,65,0
CTX,D,20221005,000000,137.5,143,134.5,138,3889,0
CTX,D,20221006,000000,137.5,137.5,137.5,137.5,25,0
CTX,D,20221007,000000,136,140,135,140,423,0
CTX,D,20221010,000000,135,138.5,134,135.5,111,0
CTX,D,20221011,000000,140,144.5,140,144.5,7,0
CTX,D,20221012,000000,144.5,144.5,140,144,471,0
CTX,D,20221013,000000,144,144,138,144,941,0
CTX,D,20221014,000000,144,147.5,138,147.5,6,0
CTX,D,20221017,000000,147.5,147.5,147.5,147.5,1,0
CTX,D,20221018,000000,138,147,138,147,356,0
CTX,D,20221019,000000,147,148,147,148,1463,0
CTX,D,20221020,000000,147,150,147,150,104,0
CTX,D,20221021,000000,150,150,149.5,150,200,0
CTX,D,20221024,000000,152.5,160,152,156.5,1029,0
CTX,D,20221025,000000,158,158.5,156,157,364,0
CTX,D,20221026,000000,157.5,158,157,158,659,0
CTX,D,20221027,000000,158,158,157,158,1462,0
CTX,D,20221028,000000,158,158,155,158,446,0
CTX,D,20221031,000000,158,159.5,154.5,154.5,307,0
CTX,D,20221102,000000,153,157,150,153,810,0
CTX,D,20221103,000000,155,155,154,154,242,0
CTX,D,20221104,000000,153,155,152,155,977,0
CTX,D,20221107,000000,158,160,154,154,1258,0
CTX,D,20221108,000000,158.5,164.5,156.5,163,1299,0
CTX,D,20221109,000000,163,165,163,165,1471,0
CTX,D,20221110,000000,165,170,165,170,2061,0
CTX,D,20221114,000000,187,187,160,166,13059,0
CTX,D,20221115,000000,170,173.5,167.5,173.5,6337,0
CTX,D,20221116,000000,170,173,168,172.5,3224,0
CTX,D,20221117,000000,170.5,179.5,170,179.5,5577,0
CTX,D,20221118,000000,180,188,174.5,188,4344,0
CTX,D,20221121,000000,184,184,176,184,2974,0
CTX,D,20221122,000000,183,188,180.5,188,2663,0
CTX,D,20221123,000000,183,187,179,180,800,0
CTX,D,20221124,000000,180,184,177.5,183.5,1973,0
CTX,D,20221125,000000,184,188,181.5,187,4956,0
CTX,D,20221128,000000,187,188,184,188,837,0
CTX,D,20221129,000000,184,185.5,177.5,182,53490,0
CTX,D,20221130,000000,183.5,183.5,178.5,182,553,0
CTX,D,20221201,000000,184,184.5,170.5,174.5,952,0
CTX,D,20221202,000000,174,178.5,172,172,436,0
CTX,D,20221205,000000,170,173.5,164,172.5,1213,0
CTX,D,20221206,000000,173.5,174,172,173.5,117,0
CTX,D,20221207,000000,167.5,173,167.5,172.5,8686,0
CTX,D,20221208,000000,172,172,168,170,392,0
CTX,D,20221209,000000,168,169.5,165,169.5,739,0
CTX,D,20221212,000000,169.5,173,164,164.5,494,0
CTX,D,20221213,000000,169,169,163,168.5,210,0
CTX,D,20221214,000000,164,169,164,168,426,0
CTX,D,20221215,000000,168,168,162,167,642,0
CTX,D,20221216,000000,163,165,158,162.5,1633,0
CTX,D,20221219,000000,159.5,169,155,155,1163,0
CTX,D,20221220,000000,154,160,153,160,97,0
CTX,D,20221221,000000,157,161.5,157,161.5,5806,0
CTX,D,20221222,000000,156.5,161.5,156.5,160,341,0
CTX,D,20221223,000000,160,161,160,161,35,0
CTX,D,20221227,000000,155.5,160.5,153.5,158,1081,0
CTX,D,20221228,000000,156,158,152,152,3030,0
CTX,D,20221229,000000,152.5,159,150,159,470,0
CTX,D,20221230,000000,155,167.5,155,160,110,0
CTX,D,20230102,000000,160,164.5,158,164.5,153,0
CTX,D,20230103,000000,160,166,159,165.5,307,0
CTX,D,20230104,000000,164.5,164.5,161.5,164,657,0
CTX,D,20230105,000000,163.5,164,157.5,164,574,0
CTX,D,20230109,000000,164,167,159,167,1725,0
CTX,D,20230110,000000,164,168,162,168,1336,0
CTX,D,20230111,000000,167,170,166,170,1936,0
CTX,D,20230112,000000,171,177.5,171,176,2480,0
CTX,D,20230113,000000,177,181,175,180.5,1192,0
CTX,D,20230116,000000,180.5,184,179,179.5,7690,0
CTX,D,20230117,000000,183,183,177,181,721,0
CTX,D,20230118,000000,182,182.5,180,182,41,0
CTX,D,20230119,000000,180,180,175.5,176,3260,0
CTX,D,20230120,000000,174.5,179.5,174.5,178,421,0
CTX,D,20230123,000000,178,178,172,178,344,0
CTX,D,20230124,000000,176,179.5,173.5,179.5,651,0
CTX,D,20230125,000000,175,178,174,174,384,0
CTX,D,20230126,000000,178,178,178,178,108,0
CTX,D,20230127,000000,174,181.5,173.5,177,12606,0
CTX,D,20230130,000000,181,181,173,178.5,1180,0
CTX,D,20230131,000000,172,180,172,180,2685,0
CTX,D,20230201,000000,180,180,176,179,17022,0
CTX,D,20230202,000000,179,179,175.5,177,1925,0
CTX,D,20230203,000000,177,177.5,172.5,175,1865,0
CTX,D,20230206,000000,174.5,175,171,175,938,0
CTX,D,20230207,000000,173,175,173,175,4,0
CTX,D,20230208,000000,170,174,170,174,1146,0
CTX,D,20230209,000000,174,174,169,171,97,0
CTX,D,20230210,000000,162,166,160,166,3688,0
CTX,D,20230213,000000,166,169.5,166,168,486,0
CTX,D,20230214,000000,169,169.5,166,167.5,278,0
CTX,D,20230215,000000,167.5,168,163,168,2832,0
CTX,D,20230216,000000,165,170.5,164,170,504,0
CTX,D,20230217,000000,170,172,162.5,172,2470,0
CTX,D,20230220,000000,172,172,172,172,30,0
CTX,D,20230221,000000,172,179,172,173.5,5336,0
CTX,D,20230222,000000,173.5,177,171,177,501,0
CTX,D,20230223,000000,174,178.5,174,177,1183,0
CTX,D,20230224,000000,175,176,173,174.5,7276,0
CTX,D,20230227,000000,170.5,176,170.5,175,2681,0
CTX,D,20230228,000000,175,175,174,175,102,0
CTX,D,20230301,000000,170.5,174.5,170.5,174.5,73,0
CTX,D,20230302,000000,174.5,175,171,175,535,0
CTX,D,20230303,000000,175,175,169.5,174.5,794,0
CTX,D,20230306,000000,174.5,178,174.5,178,1575,0
CTX,D,20230307,000000,175,176,168,173,497,0
CTX,D,20230308,000000,173,174,162,167.5,537,0
CTX,D,20230309,000000,165.5,171,165.5,171,436,0
CTX,D,20230310,000000,171,171,158,159.5,1858,0
CTX,D,20230313,000000,160,168,156.5,162.5,847,0
CTX,D,20230314,000000,162.5,162.5,153,157,569,0
CTX,D,20230315,000000,155,161.5,149,152,559,0
CTX,D,20230316,000000,149,150,141.5,146,1414,0
CTX,D,20230317,000000,146,150,140,143.5,1203,0
CTX,D,20230320,000000,143.5,147,140,143.5,811,0
CTX,D,20230321,000000,143,149.5,140,146,2436,0
CTX,D,20230322,000000,146,149.5,142,149.5,2297,0
CTX,D,20230323,000000,148,148,145,147.5,2080,0
CTX,D,20230324,000000,144,148,142,147.5,5627,0
CTX,D,20230327,000000,142.5,147,142.5,143.5,265,0
CTX,D,20230328,000000,147,154,147,152.5,1894,0
CTX,D,20230329,000000,153,154.5,152,153,7112,0
CTX,D,20230330,000000,154.5,154.5,153.5,153.5,692,0
CTX,D,20230331,000000,155,155.5,154,155.5,709,0
CTX,D,20230403,000000,155.5,155.5,150.5,150.5,758,0
CTX,D,20230404,000000,148,155,146,153,229,0
CTX,D,20230405,000000,155,156.5,151,151,1179,0
CTX,D,20230406,000000,151,154.5,150,154,734,0
CTX,D,20230411,000000,150,155,147,155,907,0
CTX,D,20230412,000000,156,162.5,149,162.5,662,0
CTX,D,20230413,000000,162,162,156,156,3841,0
CTX,D,20230414,000000,160,162,156,162,704,0
CTX,D,20230417,000000,162,165,161,165,1717,0
CTX,D,20230418,000000,165,165,160,165,124,0
CTX,D,20230419,000000,163.5,163.5,153.5,160,410,0
CTX,D,20230420,000000,164.5,165,156,163,2847,0
CTX,D,20230421,000000,164.5,164.5,156,163.5,2307,0
CTX,D,20230424,000000,158.5,166.5,155,160,386,0
CTX,D,20230425,000000,158,163,157.5,163,65,0
CTX,D,20230426,000000,157,162.5,153.5,162.5,527,0
CTX,D,20230427,000000,162,162.5,156.5,162.5,87,0
CTX,D,20230428,000000,157,165,157,165,6348,0
CTX,D,20230502,000000,160.5,164.5,160,164.5,26,0
CTX,D,20230504,000000,162,165,162,165,2275,0
CTX,D,20230505,000000,163,165,160,165,5057,0
CTX,D,20230508,000000,164,164,158.5,164,2103,0
CTX,D,20230510,000000,158,162.5,158,162.5,560,0
CTX,D,20230511,000000,159,163,158,163,3548,0
CTX,D,20230512,000000,161,162.5,158,162.5,645,0
CTX,D,20230515,000000,161,162.5,161,162.5,113,0
CTX,D,20230516,000000,157,164,157,164,8988,0
CTX,D,20230517,000000,165,165,163,165,2018,0
CTX,D,20230518,000000,161.5,164.5,160,164.5,1112,0
CTX,D,20230519,000000,160,164,158,160,1167,0
CTX,D,20230522,000000,160,164,158,164,3254,0
CTX,D,20230523,000000,164,164.5,162,164,5903,0
CTX,D,20230524,000000,160,164,159,163,2011,0
CTX,D,20230525,000000,163,164,161,163,1168,0
CTX,D,20230526,000000,160.5,162,159.5,162,10,0
CTX,D,20230529,000000,163.5,164,158,162,1093,0
CTX,D,20230530,000000,161,162,161,162,3151,0
CTX,D,20230531,000000,160.5,163,160,161,1889,0
CTX,D,20230601,000000,158,161,158,161,51,0
CTX,D,20230602,000000,157.5,161,157.5,161,413,0
CTX,D,20230605,000000,155.5,162.5,155.5,162.5,87,0
CTX,D,20230606,000000,158,162.5,158,162.5,31,0
CTX,D,20230607,000000,155.5,160,152,155,241,0
CTX,D,20230609,000000,153,158,152,158,29,0
CTX,D,20230612,000000,152,158,152,158,97,0
CTX,D,20230613,000000,155,158,153,158,222,0
CTX,D,20230614,000000,157,160,155,160,203,0
CTX,D,20230616,000000,155.5,157.5,153,154.5,585,0
CTX,D,20230619,000000,153,153,153,153,250,0
CTX,D,20230620,000000,153,155,148,151.5,912,0
CTX,D,20230621,000000,146.5,160,146.5,159,1087,0
CTX,D,20230622,000000,158,160,153.5,158.5,230,0
CTX,D,20230623,000000,159,159,153.5,159,74,0
CTX,D,20230626,000000,155,155,155,155,273,0
CTX,D,20230627,000000,151,154,145.5,147.5,6328,0
CTX,D,20230628,000000,150,150,148,148,61,0
CTX,D,20230629,000000,149,155.5,149,149,456,0
CTX,D,20230630,000000,149,153,149,152,649,0
CTX,D,20230703,000000,151,151,145.5,149,371,0
CTX,D,20230704,000000,148,148,145,146.5,767,0
CTX,D,20230705,000000,145.5,146,145,145,232,0
CTX,D,20230706,000000,145,145,142.5,145,203,0
CTX,D,20230707,000000,145,145,143,143,368,0
CTX,D,20230710,000000,142.5,142.5,140,141,411,0
CTX,D,20230711,000000,141,147,140,147,1577,0
CTX,D,20230712,000000,140.5,147,140.5,147,261,0
CTX,D,20230713,000000,146,146.5,140.5,146,304,0
CTX,D,20230714,000000,146,146,145,146,107,0
CTX,D,20230717,000000,146,146,140.5,145.5,342,0
CTX,D,20230718,000000,146,147,143,145.5,717,0
CTX,D,20230719,000000,141,145.5,141,145.5,33,0
CTX,D,20230720,000000,145,145,138.5,144,144,0
CTX,D,20230721,000000,139,143,139,143,80,0
CTX,D,20230724,000000,141.5,143,139.5,139.5,132,0
CTX,D,20230725,000000,139.5,139.5,131.5,135,1376,0
CTX,D,20230726,000000,137,140,135,139,516,0
CTX,D,20230727,000000,139,139,134.5,139,369,0
CTX,D,20230728,000000,136,143,136,140,148,0
CTX,D,20230731,000000,141,141,136,141,165,0
CTX,D,20230801,000000,140,140,134,139.5,188,0
CTX,D,20230802,000000,135.5,139,135.5,139,252,0
CTX,D,20230803,000000,138.5,138.5,134,138,304,0
CTX,D,20230804,000000,137,137,133,136,116,0
CTX,D,20230807,000000,133,135.5,130.5,134,259,0
CTX,D,20230808,000000,131,133.5,128.5,132.5,559,0
CTX,D,20230809,000000,130,132,128.5,131.5,557,0
CTX,D,20230810,000000,131.5,131.5,126,130.5,360,0
CTX,D,20230811,000000,128,130,119,129,1748,0
CTX,D,20230814,000000,129,129.5,129,129.5,42,0
CTX,D,20230816,000000,128,128,125,126.5,1158,0
CTX,D,20230817,000000,125,125,123.5,125,232,0
CTX,D,20230818,000000,123.5,123.5,121.5,123,944,0
CTX,D,20230821,000000,125,125,120.5,123,228,0
CTX,D,20230822,000000,122,126,122,125,421,0
CTX,D,20230823,000000,125,125,122,125,294,0
CTX,D,20230824,000000,125,125,123,123,302,0
CTX,D,20230825,000000,122.5,124,122.5,124,128,0
CTX,D,20230828,000000,123,126,123,126,200,0
CTX,D,20230829,000000,126,126,126,126,51,0
CTX,D,20230830,000000,122.5,125.5,121.5,125.5,64,0
CTX,D,20230831,000000,125.5,126,125,126,235,0
CTX,D,20230901,000000,126,128,123,128,581,0
CTX,D,20230904,000000,128,128,124.5,128,182,0
CTX,D,20230905,000000,124,128,124,128,526,0
CTX,D,20230906,000000,126,126,123,123,3561,0
CTX,D,20230907,000000,122,122,120,121,2130,0
CTX,D,20230908,000000,125,126,119.5,120,1593,0
CTX,D,20230911,000000,120.5,121,117,120,1643,0
CTX,D,20230912,000000,120,125.5,118,125.5,153,0
CTX,D,20230913,000000,125,125,118.5,120,73,0
CTX,D,20230914,000000,120.5,120.5,117,118,542,0
CTX,D,20230915,000000,118.5,121.5,115.5,120,349,0
CTX,D,20230918,000000,121,123,121,123,753,0
CTX,D,20230919,000000,118.5,120,115.5,119,782,0
CTX,D,20230920,000000,118,118.5,115.5,117,828,0
CTX,D,20230921,000000,117.5,117.5,115,115,3204,0
CTX,D,20230922,000000,114.5,132,113,120,12303,0
CTX,D,20230925,000000,117,121,115,121,609,0
CTX,D,20230926,000000,112.5,118,111,112,1401,0
CTX,D,20230927,000000,116.5,117,111,117,343,0
CTX,D,20230928,000000,111.5,113.5,110.5,113.5,326,0
CTX,D,20230929,000000,113.5,114.5,110,110,937,0
CTX,D,20231002,000000,110,110,103,106.5,4889,0
CTX,D,20231003,000000,103.5,104,98,100,4993,0
CTX,D,20231004,000000,102,103,100,103,3635,0
CTX,D,20231005,000000,100.5,103,100,103,1160,0
CTX,D,20231006,000000,100,103,97,103,2074,0
CTX,D,20231009,000000,104,104,102,104,67,0
CTX,D,20231010,000000,103,103,103,103,2,0
CTX,D,20231011,000000,102.5,102.5,100,100,155,0
CTX,D,20231012,000000,100,101.5,100,101.5,57,0
CTX,D,20231013,000000,100,101,94,94.6,2324,0
CTX,D,20231016,000000,98,100,95.6,100,437,0
CTX,D,20231017,000000,99.6,104.5,99.6,101,500,0
CTX,D,20231018,000000,104.5,104.5,101,103.5,388,0
CTX,D,20231019,000000,107,107,103.5,106.5,173,0
CTX,D,20231020,000000,104.5,106.5,104.5,106,169,0
CTX,D,20231023,000000,106,109,105,109,264,0
CTX,D,20231024,000000,109,109,109,109,1,0
CTX,D,20231025,000000,105.5,105.5,101,104.5,3105,0
CTX,D,20231026,000000,100.5,108.5,98,99.6,2167,0
CTX,D,20231027,000000,99.6,100,99.6,100,144,0
CTX,D,20231030,000000,100,106,98,101,415,0
CTX,D,20231031,000000,103,103,98,99,363,0
CTX,D,20231102,000000,98.4,101,98.4,100,70,0
CTX,D,20231103,000000,98,103,98,103,496,0
CTX,D,20231106,000000,102,102,100,100.5,1160,0
CTX,D,20231107,000000,102,102,99.4,99.4,824,0
CTX,D,20231108,000000,102,102.5,99.8,99.8,362,0
CTX,D,20231109,000000,100,100,98,100,409,0
CTX,D,20231110,000000,101.5,101.5,96.6,99.8,152,0
CTX,D,20231113,000000,97,99,96.6,96.6,2173,0
CTX,D,20231114,000000,98.8,103,96.6,97.4,321,0
CTX,D,20231115,000000,97.4,99.8,95,96.4,5894,0
CTX,D,20231116,000000,97,97,95,96,1044,0
CTX,D,20231117,000000,95.2,95.2,94.8,94.8,160,0
CTX,D,20231120,000000,94.6,95.2,90.2,92.6,3339,0
CTX,D,20231121,000000,92.6,93.2,89.2,91,797,0
CTX,D,20231122,000000,90.2,90.6,88.8,90,1036,0
CTX,D,20231123,000000,89.4,89.4,87.4,88,388,0
CTX,D,20231124,000000,87.8,88,84,86.2,1452,0
CTX,D,20231127,000000,87,87,85,86,98,0
CTX,D,20231128,000000,86,89,86,86.8,12451,0
CTX,D,20231129,000000,87.2,88.8,86.6,87.4,2523,0
CTX,D,20231130,000000,87.8,88.6,87.4,88.6,975,0
CTX,D,20231201,000000,88.6,89,82,86.6,3038,0
CTX,D,20231204,000000,88.6,89.8,86.6,89.8,20557,0
CTX,D,20231205,000000,90.6,96.8,90,96.2,22401,0
CTX,D,20231206,000000,98,99.6,94.8,97,8933,0
CTX,D,20231207,000000,98.4,98.6,97,98.2,773,0
CTX,D,20231208,000000,98.2,100.5,98,100,8863,0
CTX,D,20231211,000000,96,100.5,96,100.5,2794,0
CTX,D,20231212,000000,100.5,100.5,98.6,100.5,25487,0
CTX,D,20231213,000000,100,100.5,97.2,100.5,786,0
CTX,D,20231214,000000,100.5,105,100,105,5688,0
CTX,D,20231215,000000,106.5,109,102,107.5,6234,0
CTX,D,20231218,000000,107.5,109.5,106,108,1511,0
CTX,D,20231219,000000,108,108,102,106,1284,0
CTX,D,20231220,000000,105.5,105.5,101,102,1433,0
CTX,D,20231221,000000,99,102,97.6,99,3586,0
CTX,D,20231222,000000,99.8,100,98.6,99,916,0
CTX,D,20231227,000000,99.6,102.5,98.6,99,1751,0
CTX,D,20231228,000000,100,100,99.2,100,259,0
CTX,D,20231229,000000,99.4,102.5,99,99,1493,0
CTX,D,20240102,000000,100,102,98.4,100,343,0
CTX,D,20240103,000000,100,100.5,99.6,100,3461,0
CTX,D,20240104,000000,100,101.5,100,101,1925,0
CTX,D,20240105,000000,101,101.5,99.6,101,12261,0
CTX,D,20240108,000000,99.4,101,99.4,100,4078,0
CTX,D,20240109,000000,101,101.5,101,101.5,2062,0
CTX,D,20240110,000000,101.5,102,100,102,11628,0
CTX,D,20240111,000000,100,101.5,100,101.5,1497,0
CTX,D,20240112,000000,101,102,97.4,99.8,3860,0
CTX,D,20240115,000000,97,99.6,96,98.6,726,0
CTX,D,20240116,000000,99,99,97,97,213,0
CTX,D,20240117,000000,96.2,99,95.8,99,1675,0
CTX,D,20240118,000000,99,99,95.8,99,285,0
CTX,D,20240119,000000,96,98.8,96,98.8,364,0
CTX,D,20240122,000000,98,99,96.8,98,69,0
CTX,D,20240123,000000,98.8,99,96.2,98.8,205,0
CTX,D,20240124,000000,97,98.4,97,98.4,100,0
CTX,D,20240125,000000,98.4,98.4,98.4,98.4,33,0
CTX,D,20240126,000000,98.4,98.4,95.2,97.8,807,0
CTX,D,20240129,000000,97.8,97.8,94,97,898,0
CTX,D,20240130,000000,96,97,95.4,96.8,49,0
CTX,D,20240131,000000,95,95,93,95,630,0
CTX,D,20240201,000000,95,97.4,95,97.4,3541,0
CTX,D,20240202,000000,97.4,97.4,97.2,97.4,431,0
CTX,D,20240205,000000,95.6,97.2,95.4,97.2,114,0
CTX,D,20240206,000000,95.4,97,95,97,784,0
CTX,D,20240207,000000,96.8,96.8,95,95,314,0
CTX,D,20240208,000000,95,95,93,94,2004,0
CTX,D,20240209,000000,93,94.6,91,93,1522,0
CTX,D,20240212,000000,93,94,87.6,92.8,1073,0
CTX,D,20240213,000000,90,92.4,90,91,686,0
CTX,D,20240214,000000,91.2,91.4,90,91.2,249,0
CTX,D,20240215,000000,91,93,91,93,70,0
CTX,D,20240216,000000,93,93.4,90,93.4,355,0
CTX,D,20240219,000000,90.4,95,90.4,94.4,1428,0
CTX,D,20240220,000000,94.4,94.4,90.2,94,398,0
CTX,D,20240221,000000,94,94.8,94,94,1676,0
CTX,D,20240222,000000,94,94,94,94,1508,0
CTX,D,20240223,000000,91.4,93.2,90.4,93,2772,0
CTX,D,20240226,000000,93.8,93.8,93,93.8,1249,0
CTX,D,20240227,000000,93,94.6,92.6,93.6,380,0
CTX,D,20240228,000000,92.4,92.4,89.8,92,1472,0
CTX,D,20240229,000000,92,92.4,90.2,90.2,88,0
CTX,D,20240301,000000,90.2,92.8,89.2,91,1474,0
CTX,D,20240304,000000,92,92,87.4,90,535,0
CTX,D,20240305,000000,87.4,90.6,87.4,90.6,779,0
CTX,D,20240306,000000,89.2,89.4,89.2,89.4,1418,0
CTX,D,20240307,000000,87.8,87.8,82.2,84.8,3426,0
CTX,D,20240308,000000,84.8,84.8,77,80.2,3440,0
CTX,D,20240311,000000,80,80,66.6,67,14320,0
CTX,D,20240312,000000,66.4,66.4,62,64,13189,0
CTX,D,20240313,000000,65.4,70,65.4,69.4,8217,0
CTX,D,20240314,000000,70,71,68.6,69,1612,0
CTX,D,20240315,000000,68,68,64.8,65.6,1676,0
