<TICKER>,<PER>,<DATE>,<TIME>,<OPEN>,<HIGH>,<LOW>,<CLOSE>,<VOL>,<OPENINT>
DAD,D,20201229,000000,17.7534,19.223,16.3351,18.937,839637.88889809,0
DAD,D,20201230,000000,19.1323,19.1323,17.9507,19.0356,217540.00000238,0
DAD,D,20210104,000000,19.0849,19.0849,18.3058,18.4636,50371.013889441,0
DAD,D,20210105,000000,18.5227,18.5425,18.2564,18.3649,28242.888889198,0
DAD,D,20210107,000000,18.0493,18.5819,18.0493,18.4833,41842.180556014,0
DAD,D,20210108,000000,18.4833,18.6411,18.2564,18.5425,47912.333333858,0
DAD,D,20210111,000000,18.6016,18.6016,18.3432,18.5799,20936.805555785,0
DAD,D,20210112,000000,18.3551,18.5425,18.3353,18.4438,13464.444444592,0
DAD,D,20210113,000000,18.4438,19.0336,18.2466,19.0336,79071.166667533,0
DAD,D,20210114,000000,19.0336,19.0336,18.2683,18.7397,18062.430555754,0
DAD,D,20210115,000000,18.8384,18.937,18.4458,18.5425,112511.25000123,0
DAD,D,20210118,000000,18.5425,18.6411,18.3176,18.3906,8010.7361111989,0
DAD,D,20210119,000000,18.3511,18.937,18.3511,18.5425,9978.6944445538,0
DAD,D,20210120,000000,18.5425,18.5425,18.3551,18.4044,4883.9027778313,0
DAD,D,20210121,000000,18.3649,18.8778,18.357,18.7496,17917.444444641,0
DAD,D,20210122,000000,18.3669,18.789,18.3649,18.5425,2492.1388889162,0
DAD,D,20210125,000000,18.6214,18.7831,18.4438,18.4438,2379.5972222483,0
DAD,D,20210126,000000,18.4438,18.6293,18.3689,18.4438,2797.3194444751,0
DAD,D,20210127,000000,18.6214,18.6214,18.2466,18.288,12936.208333475,0
DAD,D,20210128,000000,18.2466,18.8384,17.8619,18.8384,20605.263889115,0
DAD,D,20210129,000000,18.4438,18.8778,18.2466,18.8186,10770.541666785,0
DAD,D,20210201,000000,18.8384,18.8384,18.2979,18.3649,6371.2777778476,0
DAD,D,20210202,000000,18.72,18.72,18.2959,18.3353,4134.6388889342,0
DAD,D,20210203,000000,18.3353,18.3649,18.2466,18.2959,3258.6388889246,0
DAD,D,20210204,000000,18.2663,18.6411,18.2663,18.3452,1123.3888889012,0
DAD,D,20210205,000000,18.6352,18.6352,18.2466,18.2959,3156.2361111457,0
DAD,D,20210208,000000,18.3945,18.6411,18.2466,18.5918,5197.1944445014,0
DAD,D,20210209,000000,18.2485,18.5898,18.2485,18.5425,3228.2222222576,0
DAD,D,20210210,000000,18.5425,18.7397,18.2485,18.7299,17876.888889085,0
DAD,D,20210211,000000,18.5425,19.1737,18.3452,19.0356,24651.694444715,0
DAD,D,20210212,000000,18.937,19.083,18.8679,18.8679,6300.3055556246,0
DAD,D,20210215,000000,19.0356,19.1796,18.8679,18.939,7323.3194445247,0
DAD,D,20210216,000000,19.1342,20.2192,18.935,19.5879,16743.361111295,0
DAD,D,20210217,000000,19.8148,20.1205,19.4795,19.726,9759.6944445514,0
DAD,D,20210218,000000,19.511,19.8247,19.509,19.509,1989.2500000218,0
DAD,D,20210219,000000,19.6175,19.8247,19.1323,19.2427,13278.902777923,0
DAD,D,20210222,000000,19.2329,19.726,18.6411,19.4716,5432.4166667262,0
DAD,D,20210223,000000,19.6175,19.6175,18.7989,18.937,8723.5000000956,0
DAD,D,20210224,000000,18.937,19.4282,18.937,19.3315,4975.1527778323,0
DAD,D,20210225,000000,19.2329,19.3315,19.1342,19.2329,3358.0000000368,0
DAD,D,20210226,000000,19.1342,19.1342,18.7397,18.9173,4425.6250000485,0
DAD,D,20210301,000000,19.0455,20.2192,18.7417,19.8148,18523.750000203,0
DAD,D,20210302,000000,19.8247,20.2192,19.726,20.0219,7030.3055556326,0
DAD,D,20210303,000000,20.1304,20.2192,19.726,19.726,6344.9166667362,0
DAD,D,20210304,000000,19.726,19.726,19.2822,19.5781,1643.5138889069,0
DAD,D,20210305,000000,19.3907,19.6846,19.2329,19.509,3935.9166667098,0
DAD,D,20210308,000000,19.2427,19.5781,19.1244,19.1342,11024.01388901,0
DAD,D,20210309,000000,19.1244,19.5288,19.0948,19.2329,2783.1250000305,0
DAD,D,20210310,000000,19.5189,19.5288,19.1441,19.2822,4218.7916667129,0
DAD,D,20210311,000000,19.3315,19.3335,19.0652,19.2822,2959.5416666991,0
DAD,D,20210312,000000,19.6254,19.726,19.3315,19.3315,856.7361111205,0
DAD,D,20210315,000000,19.3335,19.726,19.1836,19.726,4334.3750000475,0
DAD,D,20210316,000000,19.7162,19.7162,19.2368,19.3315,3312.3750000363,0
DAD,D,20210317,000000,19.4795,19.6274,19.2329,19.6274,9304.4583334353,0
DAD,D,20210318,000000,19.4795,19.726,19.3907,19.4301,1732.7361111301,0
DAD,D,20210319,000000,19.8247,20.2192,19.44,20.2192,14159.972222377,0
DAD,D,20210322,000000,20.2192,21.5901,20.2192,21.5803,71327.083334115,0
DAD,D,20210323,000000,21.5803,21.6,20.4658,20.4658,12663.472222361,0
DAD,D,20210324,000000,20.7123,20.811,20.5151,20.5151,3920.7083333763,0
DAD,D,20210325,000000,20.7123,20.7123,20.2685,20.3671,2195.0694444685,0
DAD,D,20210326,000000,20.3178,20.4658,20.2192,20.2685,2585.416666695,0
DAD,D,20210329,000000,20.2192,20.7123,20.2192,20.6137,1870.6250000205,0
DAD,D,20210330,000000,20.6236,20.6236,20.1699,20.3178,3423.9027778153,0
DAD,D,20210331,000000,20.4164,20.7074,20.1205,20.229,4449.9583333821,0
DAD,D,20210401,000000,20.2192,20.7074,20.1205,20.4658,1483.3194444607,0
DAD,D,20210406,000000,20.7025,20.7025,20.2192,20.663,6576.0833334054,0
DAD,D,20210407,000000,20.7025,20.7025,20.3178,20.5644,5663.5833333954,0
DAD,D,20210408,000000,20.811,21.6,20.6137,21.1068,28220.583333643,0
DAD,D,20210409,000000,21.309,21.9156,21.0575,21.9156,73733.041667475,0
DAD,D,20210412,000000,22.0192,23.5627,22.0192,23.1781,35805.486111504,0
DAD,D,20210413,000000,23.4592,23.4592,22.6849,22.9808,14456.027777936,0
DAD,D,20210414,000000,23.474,23.474,22.6948,22.9611,6285.0972222911,0
DAD,D,20210415,000000,22.9611,23.2767,22.389,23.2471,6798.1250000745,0
DAD,D,20210416,000000,23.0301,24.5047,22.9858,23.9573,20441.013889113,0
DAD,D,20210419,000000,23.9622,24.4603,23.6712,23.9671,18262.166666867,0
DAD,D,20210420,000000,23.9671,24.1644,23.6712,23.6712,10400.472222336,0
DAD,D,20210421,000000,23.6712,24.0855,23.6712,23.7304,2539.7916666945,0
DAD,D,20210422,000000,23.8093,24.1644,23.8093,23.8093,3200.8472222573,0
DAD,D,20210423,000000,23.8192,24.1644,23.6712,23.8586,3005.1666666996,0
DAD,D,20210426,000000,24.1545,24.1545,23.8636,23.8685,2930.138888921,0
DAD,D,20210427,000000,24.1249,24.3419,23.8734,24.3419,5596.666666728,0
DAD,D,20210428,000000,24.263,25.1507,24.0658,25.0521,6491.9305556267,0
DAD,D,20210429,000000,25.6389,26.0384,25.057,26.0384,10472.458333448,0
DAD,D,20210430,000000,26.2356,26.3293,25.5452,26.3244,45218.430556051,0
DAD,D,20210504,000000,26.6301,26.6795,25.5452,25.6438,8806.6388889854,0
DAD,D,20210505,000000,26.137,26.137,24.6575,25.5551,5052.2083333887,0
DAD,D,20210506,000000,25.6438,27.6066,24.8548,25.6438,29895.527778105,0
DAD,D,20210507,000000,25.6438,25.6438,25.2493,25.634,5976.8750000655,0
DAD,D,20210510,000000,25.3529,25.6438,25.0521,25.2493,6369.2500000698,0
DAD,D,20210511,000000,25.2493,25.2493,24.2186,24.4011,6173.5694445121,0
DAD,D,20210512,000000,24.3616,24.3616,22.4285,24.1052,24073.777778042,0
DAD,D,20210513,000000,24.1052,24.6575,23.8685,23.8685,5761.9305556187,0
DAD,D,20210514,000000,24.2679,24.6575,24.0658,24.5589,4198.5138889349,0
DAD,D,20210517,000000,24.6477,24.6526,24.2778,24.5589,1411.3333333488,0
DAD,D,20210518,000000,24.2975,24.5589,24.0164,24.0164,5596.666666728,0
DAD,D,20210519,000000,24.263,24.549,24.0164,24.1644,2929.1250000321,0
DAD,D,20210520,000000,24.4356,24.4603,24.1644,24.1742,1773.2916666861,0
DAD,D,20210521,000000,24.2679,25.4466,24.2679,25.3973,5805.5277778414,0
DAD,D,20210524,000000,25.6438,25.6438,24.4603,24.9978,12835.833333474,0
DAD,D,20210525,000000,25.1408,25.1408,24.6625,24.7167,3989.6527778215,0
DAD,D,20210526,000000,24.6674,24.7068,24.6674,24.6674,37398.305555965,0
DAD,D,20210527,000000,24.6674,24.9978,24.6477,24.6575,4197.500000046,0
DAD,D,20210528,000000,24.6575,24.6575,23.6712,23.7008,8713.3611112066,0
DAD,D,20210531,000000,23.6712,24.0953,23.326,23.6712,6072.1805556221,0
DAD,D,20210601,000000,23.5726,23.5726,23.1781,23.2767,13335.680555702,0
DAD,D,20210602,000000,23.2767,23.2767,21.8959,22.4877,15002.513889053,0
DAD,D,20210604,000000,22.3101,23.5726,22.3101,23.5726,2902.7638889207,0
DAD,D,20210607,000000,23.1781,23.7699,23.1781,23.7699,1266.3472222361,0
DAD,D,20210608,000000,23.9671,24.0559,23.1238,24.046,2881.4722222538,0
DAD,D,20210609,000000,24.0855,24.0855,23.3753,23.9178,636.7222222292,0
DAD,D,20210610,000000,23.9178,23.9178,23.326,23.326,2844.9722222534,0
DAD,D,20210611,000000,23.2175,23.2175,22.8822,22.9216,1821.9583333533,0
DAD,D,20210614,000000,22.8427,22.8822,22.389,22.8329,6144.166666734,0
DAD,D,20210615,000000,23.1781,23.1781,22.5863,22.8329,1918.2777777988,0
DAD,D,20210616,000000,23.1781,23.4542,22.6997,23.4542,1276.4861111251,0
DAD,D,20210617,000000,23.6712,24.7562,23.3655,24.6575,30458.236111445,0
DAD,D,20210618,000000,24.7562,25.1507,24.2679,24.6082,9254.7777778792,0
DAD,D,20210621,000000,24.6575,24.9534,23.5282,23.8882,2562.0972222503,0
DAD,D,20210622,000000,24.0658,24.0658,23.3753,23.8685,4054.5416667111,0
DAD,D,20210623,000000,24.0658,24.0658,23.5233,23.5332,1632.361111129,0
DAD,D,20210624,000000,23.6712,23.7699,23.5233,23.6712,2638.1388889178,0
DAD,D,20210625,000000,23.183,24.0559,23.1584,24.0559,7459.1805556373,0
DAD,D,20210628,000000,24.0658,24.0658,23.0301,23.1386,3074.1111111448,0
DAD,D,20210629,000000,23.1386,23.5726,23.0795,23.5726,1002.7361111221,0
DAD,D,20210630,000000,23.474,23.6712,22.6603,22.8822,5451.6805556153,0
DAD,D,20210701,000000,22.8822,23.4099,22.6849,22.6849,2905.8055555874,0
DAD,D,20210702,000000,22.8822,23.6515,22.6849,22.9118,3119.7361111453,0
DAD,D,20210705,000000,23.1781,23.1781,22.9907,23.1781,970.2916666773,0
DAD,D,20210706,000000,23.3359,23.6121,21.0132,22.3397,35806.500000392,0
DAD,D,20210707,000000,21.9945,22.6652,21.817,21.9945,16693.680555738,0
DAD,D,20210708,000000,22.1918,22.1918,21.6986,22.0438,30358.875000333,0
DAD,D,20210709,000000,21.7973,22.0932,21.6,21.7973,2908.8472222541,0
DAD,D,20210712,000000,22.0833,22.0833,20.3721,21.2055,44603.000000489,0
DAD,D,20210713,000000,21.6986,22.0636,21.6986,22.0636,3729.0833333742,0
DAD,D,20210714,000000,22.0636,22.6652,21.7973,22.2953,4124.5000000452,0
DAD,D,20210715,000000,22.2904,22.2904,22.1918,22.2312,2946.3611111434,0
DAD,D,20210716,000000,22.2904,22.2904,22.1918,22.2904,7593.0138889721,0
DAD,D,20210719,000000,22.4877,22.4877,21.4027,21.6,8128.3472223113,0
DAD,D,20210720,000000,21.4027,22.0932,21.4027,22.0932,36502.027778178,0
DAD,D,20210721,000000,22.0932,22.1918,21.4323,21.9945,3291.0833333694,0
DAD,D,20210722,000000,22.1868,22.1868,21.6986,21.7973,7315.2083334135,0
DAD,D,20210723,000000,21.7973,21.7973,21.6493,21.6493,634.6944444514,0
DAD,D,20210726,000000,21.6,21.6986,21.2548,21.2548,1110.2083333455,0
DAD,D,20210727,000000,21.4027,21.6986,21.2548,21.4027,2159.583333357,0
DAD,D,20210728,000000,21.5014,21.9452,21.3041,21.3041,1274.4583333473,0
DAD,D,20210729,000000,21.6986,22.0438,21.2844,21.4027,672.2083333407,0
DAD,D,20210730,000000,21.4027,21.4027,21.2055,21.2153,1008.8194444555,0
DAD,D,20210802,000000,21.3041,21.891,21.3041,21.6986,683.3611111186,0
DAD,D,20210803,000000,21.7973,22.0833,21.2548,22.0833,1003.750000011,0
DAD,D,20210804,000000,22.4778,22.4778,21.6247,21.6986,2092.6666666896,0
DAD,D,20210805,000000,21.6986,22.0932,21.3633,21.3633,376.1527777819,0
DAD,D,20210806,000000,22.0833,22.0833,20.9096,21.6789,4837.2638889419,0
DAD,D,20210809,000000,21.1562,21.6986,20.0318,21.1019,54473.20833393,0
DAD,D,20210810,000000,21.1019,21.3534,20.7123,21.2844,1743.888888908,0
DAD,D,20210811,000000,21.2548,21.2548,20.7123,20.7321,3912.5972222651,0
DAD,D,20210812,000000,21.0082,21.2548,20.7123,20.7123,2435.3611111378,0
DAD,D,20210813,000000,21.1266,21.1266,20.7123,21.1019,2693.9027778073,0
DAD,D,20210816,000000,21.1266,21.1266,20.7271,20.8997,612.3888888956,0
DAD,D,20210817,000000,21.0575,21.0575,20.8603,20.9145,668.1527777851,0
DAD,D,20210818,000000,20.7616,21.0427,20.7123,20.7123,2442.4583333601,0
DAD,D,20210819,000000,20.7025,20.7123,20.5249,20.7123,1754.027777797,0
DAD,D,20210820,000000,20.7321,20.9096,20.229,20.4214,3016.3194444775,0
DAD,D,20210823,000000,21.0082,21.5408,20.7123,21.1858,3123.7916667009,0
DAD,D,20210824,000000,20.8258,20.949,20.7123,20.949,6420.9583334037,0
DAD,D,20210825,000000,20.8603,20.8603,20.5151,20.6137,3492.8472222605,0
DAD,D,20210826,000000,20.7025,20.7123,20.6137,20.6137,1140.6250000125,0
DAD,D,20210827,000000,20.7123,20.7123,19.9233,20.0712,2767.916666697,0
DAD,D,20210830,000000,20.3178,20.4066,18.5622,18.937,4108.2777778228,0
DAD,D,20210831,000000,19.6274,19.726,19.2329,19.3315,8241.9027778681,0
DAD,D,20210901,000000,19.726,19.726,19.2329,19.2329,1842.2361111313,0
DAD,D,20210902,000000,19.7063,19.7063,19.5288,19.5288,3856.8333333756,0
DAD,D,20210903,000000,19.726,20.2142,19.726,19.7556,787.7916666753,0
DAD,D,20210906,000000,19.8247,19.8296,19.4301,19.4499,2613.8055555842,0
DAD,D,20210907,000000,19.4499,20.3079,19.4499,20.1008,6640.972222295,0
DAD,D,20210908,000000,20.0219,20.0219,19.8247,19.9134,697.5555555632,0
DAD,D,20210909,000000,20.2192,20.2192,19.726,20.086,762.4444444528,0
DAD,D,20210910,000000,20.091,20.1205,19.7753,19.9233,1043.2916666781,0
DAD,D,20210913,000000,20.2093,20.2093,19.6274,19.6274,2236.6388889134,0
DAD,D,20210914,000000,19.9233,19.9233,19.1342,19.3315,5015.7083333883,0
DAD,D,20210915,000000,19.5288,19.6866,19.3927,19.6866,1045.3194444559,0
DAD,D,20210916,000000,19.9233,19.9233,19.5268,19.726,607.3194444511,0
DAD,D,20210917,000000,19.726,19.8247,19.3848,19.7241,4741.9583333853,0
DAD,D,20210920,000000,19.4301,19.6057,19.154,19.4203,3947.0694444877,0
DAD,D,20210921,000000,19.6274,19.6274,18.937,19.0356,3740.2361111521,0
DAD,D,20210922,000000,19.5288,19.5288,19.1342,19.1342,432.9305555603,0
DAD,D,20210923,000000,19.5288,19.5288,19.0356,19.2822,625.5694444513,0
DAD,D,20210924,000000,19.2822,19.2822,18.937,18.937,1243.0277777914,0
DAD,D,20210927,000000,18.937,18.9587,18.937,18.937,752.3055555638,0
DAD,D,20210928,000000,19.1342,19.1342,18.3452,18.5425,3104.5277778118,0
DAD,D,20210929,000000,18.7397,18.7397,18.5425,18.7397,1734.7638889079,0
DAD,D,20210930,000000,18.7397,18.8384,18.6312,18.6411,997.6666666776,0
DAD,D,20211001,000000,18.937,18.937,18.6312,18.7397,620.5000000068,0
DAD,D,20211004,000000,18.7397,18.7397,18.5425,18.6411,2002.4305555775,0
DAD,D,20211005,000000,18.5622,18.5642,18.4438,18.4438,2110.9166666898,0
DAD,D,20211006,000000,18.4438,18.6214,18.2466,18.2466,1899.0138889097,0
DAD,D,20211007,000000,18.4438,18.4438,17.6173,17.8619,4493.5555556048,0
DAD,D,20211008,000000,18.0493,18.6411,18.0493,18.6411,4119.4305556007,0
DAD,D,20211011,000000,18.2466,18.937,18.2466,18.937,4989.3472222769,0
DAD,D,20211012,000000,18.937,18.937,18.0493,18.937,1231.8750000135,0
DAD,D,20211013,000000,18.937,18.937,18.2545,18.3472,386.2916666709,0
DAD,D,20211014,000000,18.3472,18.7397,17.7751,17.8126,4339.444444492,0
DAD,D,20211015,000000,17.8126,18.2466,17.8126,18.2367,3392.4722222594,0
DAD,D,20211018,000000,18.2367,18.4438,17.8521,18.1085,3269.7916667025,0
DAD,D,20211019,000000,18.071,18.073,17.8521,17.9014,2032.8472222445,0
DAD,D,20211020,000000,18.0454,18.0454,16.7671,16.9683,4428.6666667152,0
DAD,D,20211021,000000,17.1123,17.5562,16.8658,16.8914,5371.5833333922,0
DAD,D,20211022,000000,16.8914,17.2603,16.7671,17.211,5713.2638889515,0
DAD,D,20211025,000000,17.1616,17.1616,17.0137,17.0137,300.1111111144,0
DAD,D,20211026,000000,17.2603,17.2603,16.491,16.5107,6068.1250000665,0
DAD,D,20211027,000000,16.6882,16.7671,15.8795,16.6685,4458.0694444933,0
DAD,D,20211028,000000,16.7632,16.7652,16.274,16.4712,1601.944444462,0
DAD,D,20211029,000000,16.5699,16.7691,16.4712,16.7671,1826.0138889089,0
DAD,D,20211102,000000,16.3726,16.5659,16.274,16.3726,3900.4305555983,0
DAD,D,20211103,000000,16.3726,16.7375,16.1753,16.3726,4219.8055556018,0
DAD,D,20211104,000000,16.7277,16.9644,16.3746,16.9644,970.2916666773,0
DAD,D,20211105,000000,16.9545,17.6548,16.6212,16.7671,2205.2083333575,0
DAD,D,20211108,000000,17.2603,17.2603,16.7277,16.7277,2895.6666666984,0
DAD,D,20211109,000000,16.7573,17.0906,16.7474,16.7474,969.2777777884,0
DAD,D,20211110,000000,17.0117,17.0117,16.3726,16.3726,902.361111121,0
DAD,D,20211112,000000,16.9604,16.9604,16.3233,16.4712,1599.9166666842,0
DAD,D,20211115,000000,16.4712,16.5699,16.4633,16.5107,1066.6111111228,0
DAD,D,20211116,000000,16.6586,16.6685,16.5304,16.6685,2134.2361111345,0
DAD,D,20211117,000000,16.7671,16.9664,16.5107,16.7671,692.4861111187,0
DAD,D,20211118,000000,16.7671,16.7671,16.3233,16.56,823.2777777868,0
DAD,D,20211119,000000,16.5699,16.7573,16.3233,16.3332,871.944444454,0
DAD,D,20211122,000000,16.2759,16.2759,15.2877,15.5836,4847.4027778309,0
DAD,D,20211123,000000,15.3863,15.771,15.2916,15.3863,2311.666666692,0
DAD,D,20211124,000000,15.2877,16.27,15.189,16.0274,3050.7916667001,0
DAD,D,20211125,000000,15.9781,15.9781,15.5855,15.9781,190.6111111132,0
DAD,D,20211126,000000,15.9682,15.9682,15.2877,15.4258,3338.7361111477,0
DAD,D,20211129,000000,15.4258,15.4258,15.189,15.2877,922.638888899,0
DAD,D,20211130,000000,15.3271,15.3271,14.7945,15.0569,3569.9027778169,0
DAD,D,20211201,000000,14.7945,14.9721,14.6959,14.7945,3352.9305555923,0
DAD,D,20211202,000000,14.9622,14.9622,14.3033,14.7945,1580.6527777951,0
DAD,D,20211203,000000,14.8912,15.2877,14.8912,15.2877,698.5694444521,0
DAD,D,20211206,000000,15.2857,15.7808,15.189,15.7808,3464.4583333713,0
DAD,D,20211207,000000,15.9643,15.9643,15.2403,15.6822,1450.8750000159,0
DAD,D,20211208,000000,15.6723,15.6822,15.5342,15.6822,735.0694444525,0
DAD,D,20211209,000000,15.6723,15.7808,15.3468,15.3863,1000.7083333443,0
DAD,D,20211210,000000,15.771,15.771,15.0904,15.0904,900.3333333432,0
DAD,D,20211213,000000,15.2877,15.2877,15.0036,15.2758,1102.0972222343,0
DAD,D,20211214,000000,15.2877,15.4849,15.0904,15.3843,1018.9583333445,0
DAD,D,20211215,000000,15.3824,15.3824,14.9898,15.2186,5202.2638889459,0
DAD,D,20211216,000000,15.189,15.189,14.4,15.118,6491.9305556267,0
DAD,D,20211217,000000,15.1101,15.12,14.5381,14.5381,3118.7222222564,0
DAD,D,20211220,000000,14.5381,14.5381,14.1041,14.1534,8077.6527778663,0
DAD,D,20211221,000000,14.1534,14.3901,13.6603,13.6603,17246.250000189,0
DAD,D,20211222,000000,13.3151,13.7767,13.3151,13.5084,10996.638889009,0
DAD,D,20211223,000000,13.5123,13.7195,13.5123,13.5182,7997.5555556432,0
DAD,D,20211227,000000,13.4926,13.7096,13.3151,13.6899,9323.7222223244,0
DAD,D,20211228,000000,13.7096,13.7116,13.4334,13.4532,9925.972222331,0
DAD,D,20211229,000000,13.7096,13.7096,13.4236,13.6997,3392.4722222594,0
DAD,D,20211230,000000,13.6603,13.7096,13.4946,13.5912,2583.3888889172,0
DAD,D,20220103,000000,13.7096,14.2619,13.7076,14.0252,6320.5833334026,0
DAD,D,20220104,000000,14.1041,16.6685,14.1041,16.274,12106.847222355,0
DAD,D,20220105,000000,16.5699,17.061,15.9288,16.1753,2867.2777778092,0
DAD,D,20220107,000000,16.7671,16.7671,16.0037,16.6586,1498.5277777942,0
DAD,D,20220110,000000,16.7671,16.8658,16.7671,16.7671,3606.4027778173,0
DAD,D,20220111,000000,16.9644,17.5463,16.9624,17.1616,2615.833333362,0
DAD,D,20220112,000000,17.5424,17.5463,17.1025,17.5443,2168.7083333571,0
DAD,D,20220113,000000,17.5443,17.6942,17.1656,17.5562,3376.250000037,0
DAD,D,20220114,000000,17.5562,17.5562,17.2622,17.3096,587.0416666731,0
DAD,D,20220117,000000,17.6883,17.6883,17.5068,17.5068,99.3611111122,0
DAD,D,20220118,000000,17.6568,17.8521,17.6568,17.7534,3373.2083333703,0
DAD,D,20220119,000000,17.7534,17.9014,17.2603,17.5562,2673.6250000293,0
DAD,D,20220120,000000,17.5562,17.5562,16.7691,16.8658,2583.3888889172,0
DAD,D,20220121,000000,16.8658,16.8658,15.9307,16.4712,2037.916666689,0
DAD,D,20220124,000000,16.1773,16.8658,14.9918,14.9938,5995.1250000657,0
DAD,D,20220125,000000,14.7945,15.7315,14.7925,15.191,4620.2916667173,0
DAD,D,20220126,000000,15.7808,16.7553,15.4849,16.5679,2360.3333333592,0
DAD,D,20220127,000000,16.6567,16.6567,16.0767,16.1753,3019.3611111442,0
DAD,D,20220128,000000,16.5482,16.8658,16.1753,16.6093,2428.2638889155,0
DAD,D,20220131,000000,16.846,16.846,16.0767,16.0767,3178.5416667015,0
DAD,D,20220201,000000,16.8362,16.8362,16.3233,16.7356,572.8472222285,0
DAD,D,20220202,000000,17.2603,17.6449,17.1616,17.6449,3985.5972222659,0
DAD,D,20220203,000000,17.6449,17.6745,17.2603,17.5364,1486.3611111274,0
DAD,D,20220204,000000,17.5364,17.5364,16.917,17.3569,733.0416666747,0
DAD,D,20220207,000000,17.4378,17.4378,16.9387,17.1123,594.1388888954,0
DAD,D,20220208,000000,17.2603,17.2603,16.9151,16.9151,1454.9305555715,0
DAD,D,20220209,000000,17.2603,17.2603,16.7652,16.7671,1486.3611111274,0
DAD,D,20220210,000000,17.0532,17.0532,16.7671,16.7671,1226.805555569,0
DAD,D,20220211,000000,16.5817,16.5817,15.7808,15.9998,5523.6666667272,0
DAD,D,20220214,000000,15.9801,16.5284,15.4849,15.4849,3309.3333333696,0
DAD,D,20220215,000000,15.3863,16.2641,15.3863,16.0767,3233.2916667021,0
DAD,D,20220216,000000,16.1753,16.1753,15.4435,15.9781,2407.9861111375,0
DAD,D,20220217,000000,16.1438,16.1438,15.5007,15.7808,1269.3888889028,0
DAD,D,20220218,000000,15.5323,15.7788,15.4908,15.5836,1160.9027777905,0
DAD,D,20220221,000000,15.7808,15.7808,14.4986,15.2877,4873.7638889423,0
DAD,D,20220222,000000,14.7945,15.4751,14.7945,15.1693,1909.1527777987,0
DAD,D,20220223,000000,15.5737,15.5737,14.5085,14.5085,1482.3055555718,0
DAD,D,20220224,000000,14.2027,14.4,10.8493,13.7096,14399.250000158,0
DAD,D,20220225,000000,13.7096,13.8082,13.0192,13.2164,14741.944444606,0
DAD,D,20220228,000000,13.0192,13.3032,12.5458,13.2164,14417.500000158,0
DAD,D,20220301,000000,13.2164,13.4334,12.743,13.1908,1670.8888889072,0
DAD,D,20220302,000000,13.463,13.611,13.0685,13.5123,1125.416666679,0
DAD,D,20220303,000000,13.8082,15.189,13.8082,14.4,5910.972222287,0
DAD,D,20220304,000000,15.0904,15.0904,13.5123,13.609,5211.388888946,0
DAD,D,20220307,000000,13.3151,13.8141,13.3151,13.611,4319.166666714,0
DAD,D,20220308,000000,13.611,13.8062,13.0685,13.0882,22641.152778026,0
DAD,D,20220309,000000,12.8338,13.4137,12.526,13.4137,8604.8750000943,0
DAD,D,20220310,000000,13.7096,13.7096,13.0389,13.1671,5390.8472222813,0
DAD,D,20220311,000000,13.1671,13.3151,13.0527,13.2164,7891.0972223087,0
DAD,D,20220314,000000,13.2658,13.2658,12.7233,12.7233,3313.3888889252,0
DAD,D,20220315,000000,12.7233,12.7233,11.954,12.672,5176.9166667234,0
DAD,D,20220316,000000,12.4294,12.8239,12.4294,12.5576,9025.6388889878,0
DAD,D,20220317,000000,12.7884,13.2855,12.7864,12.8219,9788.0833334406,0
DAD,D,20220318,000000,12.8219,12.9718,12.7726,12.9205,2204.1944444686,0
DAD,D,20220321,000000,12.9205,13.0784,12.7884,12.7884,2634.0833333622,0
DAD,D,20220322,000000,12.7726,12.8219,12.3327,12.8219,7765.3750000851,0
DAD,D,20220323,000000,12.8219,13.5123,12.8199,13.1178,8006.6805556433,0
DAD,D,20220324,000000,14.183,14.5953,14.1041,14.1041,3928.8194444875,0
DAD,D,20220325,000000,14.0055,14.0055,13.7096,14.0035,4796.7083333859,0
DAD,D,20220328,000000,14.7847,14.7847,13.5577,14.1041,4237.0416667131,0
DAD,D,20220329,000000,14.6959,14.6959,13.8082,13.966,2920.000000032,0
DAD,D,20220330,000000,14.5973,14.5973,13.611,13.8082,3171.4444444792,0
DAD,D,20220331,000000,13.8082,13.8082,13.4137,13.5123,7429.7777778592,0
DAD,D,20220401,000000,13.5123,13.5616,13.3151,13.5123,3432.0138889265,0
DAD,D,20220404,000000,13.5616,13.611,13.5123,13.5616,2608.7361111397,0
DAD,D,20220405,000000,13.7885,13.7885,13.3348,13.611,5420.2500000594,0
DAD,D,20220406,000000,13.8082,14.3842,13.3151,13.3348,4788.5972222747,0
DAD,D,20220407,000000,13.6011,13.611,13.3131,13.3131,10720.861111229,0
DAD,D,20220408,000000,13.2519,13.461,13.0192,13.0685,6654.1527778507,0
DAD,D,20220411,000000,13.3545,13.3545,13.0192,13.0192,3789.9166667082,0
DAD,D,20220412,000000,13.0192,13.0192,12.7233,12.9699,2661.4583333625,0
DAD,D,20220413,000000,13.1671,13.2164,12.674,13.2164,1788.5000000196,0
DAD,D,20220414,000000,13.2164,13.5123,12.9205,13.5123,664.0972222295,0
DAD,D,20220419,000000,13.1178,13.6603,13.0685,13.5616,1222.7500000134,0
DAD,D,20220420,000000,13.6603,13.6603,12.7726,13.0192,39895.513889326,0
DAD,D,20220421,000000,12.8219,13.0192,12.7726,12.9699,1789.5138889085,0
DAD,D,20220422,000000,13.0192,13.0192,12.8219,12.9699,552.5694444505,0
DAD,D,20220425,000000,13.0192,13.0192,12.2301,12.2301,39885.375000437,0
DAD,D,20220426,000000,12.526,12.526,11.4411,11.8356,15336.083333501,0
DAD,D,20220427,000000,12.2795,12.2795,11.8356,12.2795,1613.0972222399,0
DAD,D,20220428,000000,12.2795,12.2795,11.8356,12.2301,485.6527777831,0
DAD,D,20220429,000000,12.2301,12.2301,11.7863,11.7863,1444.7916666825,0
DAD,D,20220502,000000,11.7863,11.8356,11.4904,11.4904,901.3472222321,0
DAD,D,20220504,000000,12.2301,12.2301,11.589,12.0822,512.0138888945,0
DAD,D,20220505,000000,12.0822,12.2301,11.6877,11.8849,694.5138888965,0
DAD,D,20220506,000000,11.4904,11.8356,11.3425,11.8356,3223.1527778131,0
DAD,D,20220509,000000,11.8356,11.8356,11.3918,11.3918,1113.2500000122,0
DAD,D,20220510,000000,11.8356,11.8356,11.3918,11.737,760.416666675,0
DAD,D,20220511,000000,11.737,11.737,11.3425,11.3918,1593.8333333508,0
DAD,D,20220512,000000,11.6877,11.6877,11.2438,11.2438,26077.222222508,0
DAD,D,20220513,000000,11.2932,11.589,11.2932,11.5397,1632.361111129,0
DAD,D,20220516,000000,11.6877,11.8356,11.3918,11.8356,1747.9444444636,0
DAD,D,20220517,000000,11.8356,12.0822,11.3918,12.0822,9567.0555556604,0
DAD,D,20220518,000000,12.0822,12.0822,11.8356,11.8849,197.7083333355,0
DAD,D,20220519,000000,12.0822,12.0822,11.8356,11.8356,2181.8888889128,0
DAD,D,20220520,000000,12.0329,12.0329,11.8356,11.9836,2302.5416666919,0
DAD,D,20220523,000000,12.3288,12.3288,11.2932,11.2932,7542.3194445271,0
DAD,D,20220524,000000,11.4411,11.6877,11.2932,11.4411,2098.750000023,0
DAD,D,20220525,000000,11.4904,11.4904,11.2438,11.2438,461.3194444495,0
DAD,D,20220526,000000,11.2438,11.5397,11.1452,11.1452,2260.972222247,0
DAD,D,20220527,000000,11.8356,11.8356,11.3425,11.3425,943.9305555659,0
DAD,D,20220530,000000,11.2438,11.4411,11.2438,11.2932,1087.9027777897,0
DAD,D,20220531,000000,11.3425,11.8356,11.3425,11.4411,2345.1250000257,0
DAD,D,20220601,000000,11.7863,11.7863,11.2932,11.3425,2027.7777778,0
DAD,D,20220602,000000,11.6384,11.6384,11.0959,11.0959,3432.0138889265,0
DAD,D,20220603,000000,11.4411,11.4411,11.0959,11.3425,1412.3472222377,0
DAD,D,20220606,000000,11.4904,11.4904,10.9479,10.9479,5551.0416667275,0
DAD,D,20220607,000000,11.3425,11.3425,10.8493,10.8493,3830.4722222642,0
DAD,D,20220608,000000,11.2438,11.2438,10.3562,10.4055,3192.7361111461,0
DAD,D,20220609,000000,10.8493,10.8493,10.7507,10.7507,807.0555555644,0
DAD,D,20220610,000000,10.8493,10.8493,10.4055,10.8,1767.2083333527,0
DAD,D,20220613,000000,11,11,10.2,10.5,1050,0
DAD,D,20220614,000000,10.85,10.9,10.5,10.55,2996,0
DAD,D,20220615,000000,10.9,10.9,10.55,10.85,1149,0
DAD,D,20220617,000000,10.85,10.85,10.5,10.7,614,0
DAD,D,20220620,000000,10.8,10.8,10.55,10.55,232,0
DAD,D,20220621,000000,10.8,11,10.55,11,1410,0
DAD,D,20220622,000000,10.75,10.8,10.75,10.8,393,0
DAD,D,20220623,000000,10.95,11,10.85,10.85,1273,0
DAD,D,20220624,000000,11.05,11.1,10.85,11.1,1083,0
DAD,D,20220627,000000,11.1,11.5,11,11.5,2121,0
DAD,D,20220628,000000,11.4,12,11.1,12,4727,0
DAD,D,20220629,000000,12.15,12.15,11.6,12.15,482,0
DAD,D,20220630,000000,12.4,12.4,11.85,12,551,0
DAD,D,20220701,000000,12,12.35,12,12.15,1711,0
DAD,D,20220704,000000,12,12.35,12,12,2483,0
DAD,D,20220705,000000,12.3,12.3,11.6,11.6,2763,0
DAD,D,20220706,000000,11.85,12.5,11.8,12.3,6159,0
DAD,D,20220707,000000,12.5,12.9,12.3,12.5,3566,0
DAD,D,20220708,000000,12.5,12.6,12.5,12.6,1370,0
DAD,D,20220711,000000,12.6,12.6,12.4,12.6,779,0
DAD,D,20220712,000000,12.6,12.6,12.35,12.4,826,0
DAD,D,20220713,000000,12.45,12.45,12.4,12.45,407,0
DAD,D,20220714,000000,12.75,12.75,12,12.65,1434,0
DAD,D,20220715,000000,12.7,12.7,12.5,12.7,383,0
DAD,D,20220718,000000,12.7,12.7,12.1,12.7,6312,0
DAD,D,20220719,000000,12.7,12.7,12.05,12.6,1638,0
DAD,D,20220720,000000,12.75,12.75,12.35,12.6,534,0
DAD,D,20220721,000000,12.7,12.7,12.25,12.25,138,0
DAD,D,20220722,000000,12.55,12.55,12,12.35,2526,0
DAD,D,20220725,000000,12.45,12.45,11.8,11.8,728,0
DAD,D,20220726,000000,11.8,12,11.8,12,1074,0
DAD,D,20220727,000000,12.4,12.4,12.3,12.3,58,0
DAD,D,20220728,000000,12.45,12.65,11.6,11.6,3883,0
DAD,D,20220729,000000,11.6,11.6,10.95,10.95,7755,0
DAD,D,20220801,000000,10.95,11,10.95,11,208,0
DAD,D,20220802,000000,11.45,11.45,11.15,11.15,445,0
DAD,D,20220803,000000,11.15,11.45,11.15,11.15,129,0
DAD,D,20220804,000000,11.15,11.8,11.15,11.8,774,0
DAD,D,20220805,000000,12,12,11.4,11.4,309,0
DAD,D,20220808,000000,11.6,11.8,11.6,11.75,374,0
DAD,D,20220809,000000,11.7,11.85,11.45,11.8,439,0
DAD,D,20220810,000000,11.8,11.8,11.35,11.65,498,0
DAD,D,20220811,000000,11.8,11.8,11.7,11.8,22,0
DAD,D,20220812,000000,11.8,11.8,11.7,11.7,666,0
DAD,D,20220816,000000,11.85,11.85,11.85,11.85,287,0
DAD,D,20220817,000000,11.85,11.85,11.35,11.85,517,0
DAD,D,20220818,000000,11.85,11.85,11.4,11.8,329,0
DAD,D,20220819,000000,11.8,11.8,11.35,11.7,2987,0
DAD,D,20220822,000000,11.85,11.85,11.4,11.5,1015,0
DAD,D,20220823,000000,11.55,11.55,11.3,11.3,622,0
DAD,D,20220824,000000,11.3,11.65,11.15,11.15,597,0
DAD,D,20220825,000000,11.2,11.2,10.7,11,1826,0
DAD,D,20220826,000000,11.2,11.2,10.6,10.6,1884,0
DAD,D,20220829,000000,10.6,10.6,10.5,10.5,17600,0
DAD,D,20220830,000000,10.2,11.15,10.2,11.15,392,0
DAD,D,20220831,000000,11.15,11.15,10.5,10.8,123,0
DAD,D,20220901,000000,10.85,10.85,10.5,10.6,766,0
DAD,D,20220902,000000,10.6,10.6,10.25,10.5,511,0
DAD,D,20220905,000000,10.6,10.6,10.4,10.4,1513,0
DAD,D,20220906,000000,10.4,10.5,10.4,10.4,2329,0
DAD,D,20220907,000000,10.6,10.6,10.5,10.5,112,0
DAD,D,20220908,000000,10.6,10.6,10.2,10.2,2805,0
DAD,D,20220909,000000,10.2,10.5,10.2,10.5,171,0
DAD,D,20220912,000000,10.3,10.45,10.3,10.45,227,0
DAD,D,20220913,000000,10.3,10.3,9.96,9.98,13414,0
DAD,D,20220914,000000,10,10.4,10,10.4,92,0
DAD,D,20220915,000000,10.4,10.4,9.96,9.96,6248,0
DAD,D,20220916,000000,10.15,10.15,9.5,9.5,2352,0
DAD,D,20220919,000000,9.5,9.66,9.5,9.5,3663,0
DAD,D,20220920,000000,9.44,9.6,9.1,9.18,4873,0
DAD,D,20220921,000000,9.5,9.5,8.6,8.66,35529,0
DAD,D,20220922,000000,8.98,9,8.6,9,2916,0
DAD,D,20220923,000000,9,9.18,8.62,9.18,6644,0
DAD,D,20220926,000000,9.36,9.36,8.68,9,1320,0
DAD,D,20220927,000000,9,9,8.52,8.78,7101,0
DAD,D,20220928,000000,8.96,8.96,8.52,8.52,1614,0
DAD,D,20220929,000000,8.68,8.68,8.4,8.52,1475,0
DAD,D,20220930,000000,8.96,8.96,8.6,8.6,176,0
DAD,D,20221003,000000,8.64,8.66,8.6,8.6,3616,0
DAD,D,20221004,000000,8.68,8.68,8.32,8.32,13482,0
DAD,D,20221005,000000,8.32,8.96,8.32,8.58,9504,0
DAD,D,20221006,000000,8.96,8.96,8.68,8.84,3421,0
DAD,D,20221007,000000,9,9.9,8.78,9.9,555,0
DAD,D,20221010,000000,9.8,9.8,8.8,8.8,4006,0
DAD,D,20221011,000000,9.02,9.18,8.6,8.6,1512,0
DAD,D,20221012,000000,9.2,9.2,9,9,945,0
DAD,D,20221013,000000,8.9,8.92,8.84,8.84,177,0
DAD,D,20221014,000000,9.8,9.8,9.02,9.02,1486,0
DAD,D,20221017,000000,9.5,9.5,8.82,8.82,2777,0
DAD,D,20221018,000000,8.76,9.16,8.7,9.08,1939,0
DAD,D,20221019,000000,9.3,9.3,9,9.08,50032,0
DAD,D,20221020,000000,9.08,9.08,8.7,8.78,3159,0
DAD,D,20221021,000000,9,9,8.98,9,297,0
DAD,D,20221024,000000,9,9.04,8.9,9.04,823,0
DAD,D,20221025,000000,9,9,8.78,9,882,0
DAD,D,20221026,000000,9,9.06,8.9,9.06,1696,0
DAD,D,20221027,000000,9.06,9.08,8.72,9.06,2951,0
DAD,D,20221028,000000,9.1,9.18,9.1,9.18,305,0
DAD,D,20221031,000000,9.1,9.6,9.1,9.5,1979,0
DAD,D,20221102,000000,9.5,10.2,9.42,10.15,1766,0
DAD,D,20221103,000000,10.15,10.15,9.5,10,3293,0
DAD,D,20221104,000000,10.35,10.35,9.76,10.1,555,0
DAD,D,20221107,000000,10.1,10.1,9.76,9.76,1063,0
DAD,D,20221108,000000,9.86,9.86,9.5,9.82,22986,0
DAD,D,20221109,000000,10.1,10.1,9.44,9.84,2431,0
DAD,D,20221110,000000,9.7,9.84,9.26,9.26,62897,0
DAD,D,20221114,000000,9.56,9.84,9.04,9.3,14553,0
DAD,D,20221115,000000,9.6,9.6,9.32,9.5,7160,0
DAD,D,20221116,000000,9.5,9.5,8.68,9.18,10673,0
DAD,D,20221117,000000,9.18,9.2,9.16,9.16,1463,0
DAD,D,20221118,000000,9.2,9.22,8.82,9.22,1839,0
DAD,D,20221121,000000,9.2,9.2,9,9.16,15788,0
DAD,D,20221122,000000,9.2,9.2,8.92,9.2,457,0
DAD,D,20221123,000000,9.22,9.3,9.2,9.3,945,0
DAD,D,20221124,000000,9.4,9.4,9.12,9.4,1690,0
DAD,D,20221125,000000,9.4,9.98,9.4,9.8,8880,0
DAD,D,20221128,000000,9.86,9.86,9.68,9.7,755,0
DAD,D,20221129,000000,9.86,9.86,9.1,9.64,5039,0
DAD,D,20221130,000000,9.8,9.8,9.36,9.42,459,0
DAD,D,20221201,000000,9.6,9.8,9.4,9.8,2762,0
DAD,D,20221202,000000,9.86,9.86,9.44,9.82,1240,0
DAD,D,20221205,000000,9.8,9.8,9.5,9.5,405,0
DAD,D,20221206,000000,9.5,9.7,9.5,9.7,92,0
DAD,D,20221207,000000,9.7,9.7,9.5,9.62,1934,0
DAD,D,20221208,000000,9.62,9.8,9.6,9.6,1201,0
DAD,D,20221209,000000,9.6,9.88,9.6,9.88,1174,0
DAD,D,20221212,000000,9.88,10.05,9.82,10.05,3391,0
DAD,D,20221213,000000,10.05,10.3,10,10.15,1747,0
DAD,D,20221214,000000,10.15,10.55,10.1,10.3,1726,0
DAD,D,20221215,000000,10.3,10.35,9.84,9.84,2250,0
DAD,D,20221216,000000,10,10.2,9.88,10.15,2078,0
DAD,D,20221219,000000,10.35,10.4,9.88,9.9,2137,0
DAD,D,20221220,000000,9.9,9.9,9.74,9.74,1526,0
DAD,D,20221221,000000,9.7,9.7,9.62,9.66,4121,0
DAD,D,20221222,000000,9.68,9.8,9.62,9.68,836,0
DAD,D,20221223,000000,9.68,10,9.66,9.86,2962,0
DAD,D,20221227,000000,9.88,10.05,9.7,10,6612,0
DAD,D,20221228,000000,10.1,10.1,9.8,10,4664,0
DAD,D,20221229,000000,10,10.2,9.92,10.2,2137,0
DAD,D,20221230,000000,10.2,10.25,10,10.15,40365,0
DAD,D,20230102,000000,10.2,10.25,10.2,10.2,452,0
DAD,D,20230103,000000,10.15,10.35,10.15,10.35,1492,0
DAD,D,20230104,000000,10.45,11,10.45,11,5463,0
DAD,D,20230105,000000,11.1,11.2,10.95,11.2,3809,0
DAD,D,20230109,000000,11.2,11.2,10.95,11.2,4432,0
DAD,D,20230110,000000,11.5,11.6,11.2,11.25,948,0
DAD,D,20230111,000000,11.55,11.55,11.25,11.25,1338,0
DAD,D,20230112,000000,11.45,11.45,11.3,11.4,881,0
DAD,D,20230113,000000,11.4,11.4,11.1,11.1,812,0
DAD,D,20230116,000000,11.5,11.7,11.35,11.4,1264,0
DAD,D,20230117,000000,11.6,11.75,11.55,11.6,3862,0
DAD,D,20230118,000000,11.65,11.8,11.45,11.45,3831,0
DAD,D,20230119,000000,11.4,11.4,11.3,11.3,317,0
DAD,D,20230120,000000,11.4,11.4,11.35,11.35,183,0
DAD,D,20230123,000000,11.35,11.75,11.3,11.3,1948,0
DAD,D,20230124,000000,11.3,11.6,11.3,11.4,912,0
DAD,D,20230125,000000,11.5,11.8,11.5,11.75,4791,0
DAD,D,20230126,000000,11.8,12,11.6,11.75,914,0
DAD,D,20230127,000000,11.75,11.95,11.7,11.8,480,0
DAD,D,20230130,000000,11.9,11.9,11.2,11.35,1710,0
DAD,D,20230131,000000,11.35,11.75,11.3,11.7,1003,0
DAD,D,20230201,000000,11.7,11.7,11.7,11.7,30,0
DAD,D,20230202,000000,11.65,11.8,11.65,11.8,1281,0
DAD,D,20230203,000000,11.8,11.95,11.8,11.9,1521,0
DAD,D,20230206,000000,11.9,11.9,11.5,11.5,1339,0
DAD,D,20230207,000000,11.5,11.85,11.5,11.65,240,0
DAD,D,20230208,000000,11.85,11.85,11.5,11.5,833,0
DAD,D,20230209,000000,11.6,11.7,11.5,11.5,758,0
DAD,D,20230210,000000,11.5,11.5,10.9,10.9,6429,0
DAD,D,20230213,000000,10.9,11.05,10.85,10.9,237,0
DAD,D,20230214,000000,10.9,11.05,10.9,11.05,299,0
DAD,D,20230215,000000,10.9,11.05,10.5,10.75,5969,0
DAD,D,20230216,000000,10.75,11.05,10.65,10.65,1318,0
DAD,D,20230217,000000,11,11,10.6,11,583,0
DAD,D,20230220,000000,11,11.05,10.65,11,1318,0
DAD,D,20230221,000000,11,11,10.5,10.9,15791,0
DAD,D,20230222,000000,10.9,10.9,10.9,10.9,2,0
DAD,D,20230223,000000,10.9,11,10.9,11,532,0
DAD,D,20230224,000000,11,11.05,11,11.05,74,0
DAD,D,20230227,000000,11,11.25,11,11.2,314,0
DAD,D,20230228,000000,11.2,11.25,11,11.25,296,0
DAD,D,20230301,000000,11.25,11.55,11.25,11.5,907,0
DAD,D,20230302,000000,11.5,11.5,11.1,11.15,211,0
DAD,D,20230303,000000,11.45,11.55,11.15,11.5,254,0
DAD,D,20230306,000000,11.5,11.55,11.5,11.55,22,0
DAD,D,20230307,000000,11.6,11.6,11.15,11.45,366,0
DAD,D,20230308,000000,11.45,11.65,11.45,11.65,786,0
DAD,D,20230309,000000,11.65,11.65,11.35,11.35,548,0
DAD,D,20230310,000000,11.35,11.4,11.05,11.05,673,0
DAD,D,20230313,000000,11.15,11.2,10.9,10.9,2320,0
DAD,D,20230314,000000,10.9,10.9,10.5,10.85,2883,0
DAD,D,20230315,000000,10.85,10.85,10.5,10.5,1980,0
DAD,D,20230316,000000,10.6,10.8,10.5,10.8,31999,0
DAD,D,20230317,000000,11,11.2,10.8,10.8,117,0
DAD,D,20230320,000000,10.8,11.2,10.5,10.5,796,0
DAD,D,20230321,000000,10.55,11.15,10.55,11.1,621,0
DAD,D,20230322,000000,11,11,10.45,10.5,8872,0
DAD,D,20230323,000000,10.5,10.75,10.1,10.2,2505,0
DAD,D,20230324,000000,9.98,10.2,9.98,10.15,937,0
DAD,D,20230327,000000,10.4,10.75,10.2,10.7,388,0
DAD,D,20230328,000000,10.75,10.75,10.5,10.5,216,0
DAD,D,20230329,000000,10.5,10.5,10.3,10.3,55,0
DAD,D,20230330,000000,10.3,11,10.3,10.9,2178,0
DAD,D,20230331,000000,10.95,10.95,10.9,10.9,128,0
DAD,D,20230403,000000,10.95,11.25,10.9,11.05,3611,0
DAD,D,20230404,000000,11.15,11.7,10.75,10.75,31193,0
DAD,D,20230405,000000,10.75,11.15,10.75,10.75,1849,0
DAD,D,20230406,000000,11,11.5,10.8,11.45,8765,0
DAD,D,20230411,000000,11.55,12.65,11.55,12.65,28186,0
DAD,D,20230412,000000,12.5,12.65,12.2,12.2,10773,0
DAD,D,20230413,000000,12.5,13,12.5,12.9,6760,0
DAD,D,20230414,000000,12.9,13.5,12.7,12.8,13812,0
DAD,D,20230417,000000,12.8,13.3,12.35,13.05,9406,0
DAD,D,20230418,000000,13.05,13.2,12.85,13.15,2082,0
DAD,D,20230419,000000,13.2,13.45,12.85,12.9,2050,0
DAD,D,20230420,000000,12.9,13.25,12.4,12.45,6734,0
DAD,D,20230421,000000,12.5,13.3,12.5,12.55,4878,0
DAD,D,20230424,000000,13,13,12.6,13,1397,0
DAD,D,20230425,000000,13,13,12.6,12.6,353,0
DAD,D,20230426,000000,12.6,12.95,12.4,12.95,2294,0
DAD,D,20230427,000000,12.95,14,12.35,14,14814,0
DAD,D,20230428,000000,14.05,14.4,14,14,22659,0
DAD,D,20230502,000000,14,14.7,14,14.65,5211,0
DAD,D,20230504,000000,14.7,14.8,14.15,14.15,4432,0
DAD,D,20230505,000000,14.15,14.35,14.1,14.35,2376,0
DAD,D,20230508,000000,14.35,14.75,14.3,14.3,1914,0
DAD,D,20230509,000000,14.7,14.7,14.15,14.2,3301,0
DAD,D,20230510,000000,14.1,14.1,13.1,13.55,8445,0
DAD,D,20230511,000000,13.9,13.9,13.15,13.2,1211,0
DAD,D,20230512,000000,13.8,14.2,13.5,14.1,2357,0
DAD,D,20230515,000000,14,14.05,13.5,14,8392,0
DAD,D,20230516,000000,14.05,14.15,13.65,14.15,1634,0
DAD,D,20230517,000000,14.2,14.2,13.8,14.2,1156,0
DAD,D,20230518,000000,14.2,14.2,13.75,14.05,1951,0
DAD,D,20230519,000000,14,14,13.75,13.75,237,0
DAD,D,20230522,000000,13.95,14.8,13.7,14.2,15038,0
DAD,D,20230523,000000,14.6,15.7,14.2,15.5,13814,0
DAD,D,20230524,000000,15.65,15.65,15,15.25,2449,0
DAD,D,20230525,000000,15,15.45,14.8,15,13861,0
DAD,D,20230526,000000,15.25,15.65,14.8,15.25,3054,0
DAD,D,20230529,000000,15.05,15.15,15,15.15,764,0
DAD,D,20230530,000000,15.15,15.4,14.95,15.3,2416,0
DAD,D,20230531,000000,15.15,15.15,14.2,15,8314,0
DAD,D,20230601,000000,14.4,15.05,14.4,15,4861,0
DAD,D,20230602,000000,15.35,15.4,15,15.05,1062,0
DAD,D,20230605,000000,15.45,15.9,15.45,15.9,12521,0
DAD,D,20230606,000000,15.85,15.85,15.6,15.8,2272,0
DAD,D,20230607,000000,15.85,15.85,15.1,15.65,1111,0
DAD,D,20230609,000000,15.5,15.55,15.25,15.25,193,0
DAD,D,20230612,000000,15.5,15.75,15.5,15.5,697,0
DAD,D,20230613,000000,15.7,16.6,15.35,16.35,17398,0
DAD,D,20230614,000000,16.5,16.5,15.8,16.05,780,0
DAD,D,20230615,000000,16,16,15.7,16,263,0
DAD,D,20230616,000000,16,16.15,15.75,16.15,1126,0
DAD,D,20230619,000000,16.1,16.1,15.5,15.5,274,0
DAD,D,20230620,000000,16.1,16.1,15.35,15.5,21845,0
DAD,D,20230621,000000,15.3,16,15.3,15.5,4092,0
DAD,D,20230622,000000,15.95,16,15.3,16,1314,0
DAD,D,20230623,000000,16,16,15.55,15.95,442,0
DAD,D,20230626,000000,15.8,15.8,15.75,15.75,42,0
DAD,D,20230627,000000,15.75,15.8,15.55,15.55,1095,0
DAD,D,20230628,000000,15.3,15.8,15.3,15.8,2027,0
DAD,D,20230629,000000,16,16,15.4,16,582,0
DAD,D,20230630,000000,15.95,15.95,15.4,15.55,356,0
DAD,D,20230703,000000,15.95,15.95,15.6,15.9,847,0
DAD,D,20230704,000000,15.85,16.45,15.8,16,16588,0
DAD,D,20230705,000000,16.45,16.45,15.95,16.2,1561,0
DAD,D,20230706,000000,16.2,16.2,15.4,15.8,2945,0
DAD,D,20230707,000000,15.5,15.85,15.5,15.8,1850,0
DAD,D,20230710,000000,15.8,15.8,15.65,15.8,654,0
DAD,D,20230711,000000,15.95,15.95,15.55,15.55,628,0
DAD,D,20230712,000000,15.55,15.55,15,15.2,5884,0
DAD,D,20230713,000000,15.3,15.3,15,15.2,4097,0
DAD,D,20230714,000000,15.35,15.5,15.05,15.3,448,0
DAD,D,20230717,000000,15.3,15.3,15,15.3,3056,0
DAD,D,20230718,000000,15.3,15.3,15.2,15.2,1787,0
DAD,D,20230719,000000,15.3,15.6,15.05,15.6,1751,0
DAD,D,20230720,000000,15.6,15.8,15.45,15.45,710,0
DAD,D,20230721,000000,15.8,15.9,15.45,15.45,1988,0
DAD,D,20230724,000000,15.45,16,15.45,16,1510,0
DAD,D,20230725,000000,16.2,16.8,16,16.8,10189,0
DAD,D,20230726,000000,16.8,16.8,16.45,16.55,803,0
DAD,D,20230727,000000,16.7,16.7,16.5,16.7,1892,0
DAD,D,20230728,000000,16.75,16.9,16.75,16.8,847,0
DAD,D,20230731,000000,16.8,16.95,16.8,16.9,1141,0
DAD,D,20230801,000000,16.85,16.9,16.7,16.85,978,0
DAD,D,20230802,000000,16.85,16.95,16.7,16.7,832,0
DAD,D,20230803,000000,16.5,16.7,16.5,16.55,3162,0
DAD,D,20230804,000000,16.55,16.6,16.5,16.5,1391,0
DAD,D,20230807,000000,16.5,16.7,16.5,16.5,1004,0
DAD,D,20230808,000000,16.5,16.75,16.5,16.55,2672,0
DAD,D,20230809,000000,16.55,16.65,16.5,16.55,294,0
DAD,D,20230810,000000,16.55,16.8,16.5,16.8,635,0
DAD,D,20230811,000000,16.8,16.8,16.5,16.65,3683,0
DAD,D,20230814,000000,16.65,16.65,16.6,16.6,129,0
DAD,D,20230816,000000,16.6,16.6,16.5,16.5,3749,0
DAD,D,20230817,000000,16.5,16.55,15.45,16.55,6815,0
DAD,D,20230818,000000,15.7,16.8,15.6,16.4,16874,0
DAD,D,20230821,000000,16.1,16.5,15.7,16.35,4073,0
DAD,D,20230822,000000,16.4,16.6,16.25,16.6,1394,0
DAD,D,20230823,000000,16.6,16.6,16.2,16.2,1851,0
DAD,D,20230824,000000,16.2,16.55,15.8,16.55,5649,0
DAD,D,20230825,000000,16.5,16.6,16.15,16.6,2932,0
DAD,D,20230828,000000,16.6,16.6,16.1,16.6,1456,0
DAD,D,20230829,000000,16.55,16.65,16.15,16.5,2286,0
DAD,D,20230830,000000,16.5,16.5,15.9,16,16177,0
DAD,D,20230831,000000,15.8,16.55,15.8,16.2,34607,0
DAD,D,20230901,000000,16.55,16.55,15.85,16.45,1838,0
DAD,D,20230904,000000,16.45,16.55,15.8,16.35,4248,0
DAD,D,20230905,000000,16,16.45,16,16.45,3391,0
DAD,D,20230906,000000,16.5,16.55,15.95,16.55,3467,0
DAD,D,20230907,000000,16.55,16.55,16.2,16.55,2451,0
DAD,D,20230908,000000,16.55,16.55,16.25,16.4,599,0
DAD,D,20230911,000000,16.65,16.65,16.5,16.6,3242,0
DAD,D,20230912,000000,16.6,16.6,16.5,16.5,2688,0
DAD,D,20230913,000000,16.6,16.6,16.45,16.5,2513,0
DAD,D,20230914,000000,16.5,16.55,16.3,16.5,1154,0
DAD,D,20230915,000000,16.55,16.55,16.55,16.55,2,0
DAD,D,20230918,000000,16.55,16.55,16.1,16.5,1514,0
DAD,D,20230919,000000,16.5,16.5,16.3,16.5,6823,0
DAD,D,20230920,000000,16.45,16.5,16.1,16.5,1011,0
DAD,D,20230921,000000,16.55,16.55,16.1,16.1,3,0
DAD,D,20230922,000000,16.1,16.1,16.1,16.1,3952,0
DAD,D,20230925,000000,16.5,16.55,16.35,16.5,928,0
DAD,D,20230926,000000,16.55,16.55,16.05,16.5,828,0
DAD,D,20230927,000000,16.4,16.4,16.4,16.4,6,0
DAD,D,20230928,000000,16.4,16.55,16.15,16.5,5496,0
DAD,D,20230929,000000,16.5,16.5,16.3,16.3,2798,0
DAD,D,20231002,000000,16.1,16.8,16.1,16.5,9672,0
DAD,D,20231003,000000,16.5,16.9,16.3,16.5,3944,0
DAD,D,20231004,000000,16.65,16.65,16.25,16.3,1436,0
DAD,D,20231005,000000,16.65,16.65,16.05,16.05,457,0
DAD,D,20231006,000000,16.55,16.55,16,16.45,1199,0
DAD,D,20231009,000000,16.35,16.55,16.35,16.5,4105,0
DAD,D,20231010,000000,16.55,16.85,16.15,16.5,4280,0
DAD,D,20231011,000000,16.45,16.7,16.45,16.55,1138,0
DAD,D,20231012,000000,16.55,16.65,16.5,16.5,958,0
DAD,D,20231013,000000,16.65,16.65,16.45,16.5,3010,0
DAD,D,20231016,000000,16.5,17,16.5,17,3082,0
DAD,D,20231017,000000,17,17.7,17,17.2,7120,0
DAD,D,20231018,000000,17,17.5,16.6,17.5,2589,0
DAD,D,20231019,000000,17.5,17.6,16.95,17.2,3393,0
DAD,D,20231020,000000,17.2,17.4,16.6,16.9,862,0
DAD,D,20231023,000000,16.9,16.9,16.2,16.3,4087,0
DAD,D,20231024,000000,16.6,16.6,16.2,16.5,1204,0
DAD,D,20231025,000000,16.55,16.55,16.55,16.55,419,0
DAD,D,20231026,000000,16.55,16.6,16.55,16.55,138,0
DAD,D,20231027,000000,16.5,16.6,16.25,16.5,981,0
DAD,D,20231030,000000,16.6,16.65,16.5,16.5,663,0
DAD,D,20231031,000000,16.5,16.5,16.45,16.5,39,0
DAD,D,20231102,000000,16.2,16.5,16.2,16.4,1835,0
DAD,D,20231103,000000,16.4,16.4,15.9,16.25,762,0
DAD,D,20231106,000000,15.9,17,15.9,17,3257,0
DAD,D,20231107,000000,16.95,16.95,16.2,16.95,723,0
DAD,D,20231108,000000,16.95,16.95,16.95,16.95,6,0
DAD,D,20231109,000000,16.3,16.4,16,16.15,3856,0
DAD,D,20231110,000000,16.15,16.3,16.15,16.15,1105,0
DAD,D,20231113,000000,16.15,16.3,16.15,16.15,895,0
DAD,D,20231114,000000,16.15,16.45,16,16,742,0
DAD,D,20231115,000000,16.05,16.4,16,16,157,0
DAD,D,20231116,000000,16,16.5,16,16.05,170,0
DAD,D,20231117,000000,16.4,16.4,16.1,16.35,287,0
DAD,D,20231120,000000,16.35,16.35,16.35,16.35,122,0
DAD,D,20231121,000000,16.35,16.35,15.9,15.9,431,0
DAD,D,20231122,000000,15.9,16.95,15.9,16.4,3465,0
DAD,D,20231123,000000,16.7,17.5,16.15,16.9,11380,0
DAD,D,20231124,000000,17,17,16.45,17,144,0
DAD,D,20231127,000000,17,17,16.4,16.6,224,0
DAD,D,20231128,000000,16.7,16.7,16.2,16.2,98,0
DAD,D,20231129,000000,16.15,16.35,16.05,16.05,153,0
DAD,D,20231130,000000,16.05,16.1,16.05,16.1,38,0
DAD,D,20231201,000000,16.15,16.65,16.15,16.2,97,0
DAD,D,20231204,000000,16.2,16.2,16.05,16.05,434,0
DAD,D,20231205,000000,16.05,16.15,16,16.15,918,0
DAD,D,20231206,000000,16.15,16.15,16,16.05,1224,0
DAD,D,20231207,000000,16.15,16.2,16,16,45,0
DAD,D,20231208,000000,15.9,16,15.9,15.9,2027,0
DAD,D,20231211,000000,15.9,15.9,15.3,15.3,1535,0
DAD,D,20231212,000000,15.3,15.5,15.3,15.5,40,0
DAD,D,20231213,000000,15.5,15.5,14.65,14.75,2148,0
DAD,D,20231214,000000,14.75,14.75,13.9,14.05,4191,0
DAD,D,20231215,000000,14.9,14.9,14.1,14.1,2419,0
DAD,D,20231218,000000,14.45,14.45,13.9,13.95,1696,0
DAD,D,20231219,000000,14,14.8,13.9,14.6,2187,0
DAD,D,20231220,000000,14.65,15.8,14.15,15.8,5187,0
DAD,D,20231221,000000,15.8,15.9,15.25,15.25,808,0
DAD,D,20231222,000000,15.25,17.15,15.25,15.4,31455,0
DAD,D,20231227,000000,15.4,15.75,15.1,15.1,1618,0
DAD,D,20231228,000000,15.1,16.2,15.1,16,2598,0
DAD,D,20231229,000000,16,16.1,15.4,15.95,2952,0
DAD,D,20240102,000000,16.2,16.2,16.05,16.05,3,0
DAD,D,20240103,000000,16.05,16.15,15.4,15.8,278,0
DAD,D,20240104,000000,15.3,16.8,15.3,16.15,5434,0
DAD,D,20240105,000000,16.7,16.7,16,16.7,2686,0
DAD,D,20240108,000000,16.5,16.5,16.2,16.2,3567,0
DAD,D,20240109,000000,16.5,16.5,16.05,16.05,763,0
DAD,D,20240110,000000,16,16.05,15.8,16.05,1355,0
DAD,D,20240111,000000,16.05,17.3,16.05,16.95,10448,0
DAD,D,20240112,000000,16.5,17.1,16.5,16.8,113,0
DAD,D,20240115,000000,16.9,16.9,16.4,16.6,265,0
DAD,D,20240116,000000,16.85,16.85,16.35,16.35,65,0
DAD,D,20240117,000000,16.35,16.4,15.9,16.2,409,0
DAD,D,20240118,000000,16.2,16.2,15.9,15.9,1191,0
DAD,D,20240119,000000,15.9,16.15,15.9,16.15,26,0
DAD,D,20240122,000000,16.15,16.2,16.15,16.2,102,0
DAD,D,20240123,000000,15.9,16,15.9,15.95,719,0
DAD,D,20240124,000000,16.35,16.45,16,16,1147,0
DAD,D,20240125,000000,16.3,16.3,16.2,16.3,211,0
DAD,D,20240126,000000,16.05,16.05,16.05,16.05,730,0
DAD,D,20240129,000000,16.05,16.5,16,16.35,1486,0
DAD,D,20240130,000000,16.35,16.4,16.05,16.4,453,0
DAD,D,20240131,000000,16.45,16.5,16.25,16.25,775,0
DAD,D,20240201,000000,16.65,16.65,16.2,16.3,837,0
DAD,D,20240202,000000,16.3,16.65,16.3,16.4,510,0
DAD,D,20240205,000000,16.45,16.65,16.45,16.6,744,0
DAD,D,20240206,000000,16.75,16.75,16.5,16.7,554,0
DAD,D,20240207,000000,16.7,16.8,16.5,16.8,570,0
DAD,D,20240208,000000,16.7,16.85,16.4,16.4,599,0
DAD,D,20240209,000000,16.4,16.5,16.4,16.4,304,0
DAD,D,20240212,000000,16.75,16.75,16.4,16.7,112,0
DAD,D,20240213,000000,16.7,16.7,16.3,16.3,264,0
DAD,D,20240214,000000,16.3,16.5,16.3,16.5,12,0
DAD,D,20240215,000000,16.5,16.5,16.5,16.5,396,0
DAD,D,20240216,000000,16.3,16.7,16.3,16.35,482,0
DAD,D,20240219,000000,16.35,16.4,16.3,16.4,209,0
DAD,D,20240220,000000,16.6,16.6,16.3,16.6,197,0
DAD,D,20240221,000000,16.5,16.6,16.3,16.6,806,0
DAD,D,20240222,000000,16.75,16.75,16.3,16.55,390,0
DAD,D,20240223,000000,16.4,16.55,16.4,16.4,449,0
DAD,D,20240226,000000,16.4,16.55,16.4,16.55,562,0
DAD,D,20240227,000000,16.55,16.55,16.25,16.45,558,0
DAD,D,20240228,000000,16.5,16.5,15.5,16.25,1112,0
DAD,D,20240229,000000,16.25,16.25,16.25,16.25,334,0
DAD,D,20240301,000000,16.25,16.3,16.25,16.3,642,0
DAD,D,20240304,000000,16.3,16.3,16.25,16.25,889,0
DAD,D,20240305,000000,16.5,16.5,16.5,16.5,370,0
DAD,D,20240306,000000,16.5,16.65,16.45,16.65,188,0
DAD,D,20240307,000000,16.65,16.65,16.3,16.55,212,0
DAD,D,20240308,000000,16.65,16.65,16.3,16.3,108,0
DAD,D,20240311,000000,16.35,16.35,16.35,16.35,27,0
DAD,D,20240312,000000,16.35,16.6,16.35,16.35,805,0
DAD,D,20240313,000000,16.65,16.65,16.35,16.35,535,0
DAD,D,20240314,000000,16.6,16.6,16.3,16.3,1143,0
DAD,D,20240315,000000,16.3,16.3,16.1,16.3,735,0
