<TICKER>,<PER>,<DATE>,<TIME>,<OPEN>,<HIGH>,<LOW>,<CLOSE>,<VOL>,<OPENINT>
GMT,D,20210317,000000,16.6,16.98,12.5,13.55,831848,0
GMT,D,20210318,000000,14.1,15.6,14,15.17,397656,0
GMT,D,20210319,000000,15.3,20.6,15.1,19.69,915539,0
GMT,D,20210322,000000,20.6,23.9,18.36,19.02,688829,0
GMT,D,20210323,000000,20,21.6,18.59,19,248344,0
GMT,D,20210324,000000,19,19,17.02,17.5,139949,0
GMT,D,20210325,000000,17.748,19.4,16.2,17,308540,0
GMT,D,20210326,000000,17.11,17.448,16.8,17.08,56772,0
GMT,D,20210329,000000,17.08,17.89,16.22,16.602,90740,0
GMT,D,20210330,000000,16.9,16.92,16.1,16.1,46638,0
GMT,D,20210331,000000,16.198,17.1,15.522,15.86,108910,0
GMT,D,20210401,000000,16,16.002,13.81,14.65,125643,0
GMT,D,20210406,000000,14.652,16.74,14.65,16.398,80810,0
GMT,D,20210407,000000,16.686,16.74,15.5,16.4,39193,0
GMT,D,20210408,000000,16.498,16.498,15.65,16.1,21403,0
GMT,D,20210409,000000,16.378,18.1,15.6,17.598,132973,0
GMT,D,20210412,000000,17.778,17.778,16.502,16.96,56784,0
GMT,D,20210413,000000,16.96,17.2,16.14,16.14,25465,0
GMT,D,20210414,000000,15.802,16.798,15.71,15.8,36288,0
GMT,D,20210415,000000,16.188,16.188,15.52,15.7,15419,0
GMT,D,20210416,000000,15.7,16,15.13,16,17589,0
GMT,D,20210419,000000,16,16,15.1,15.1,24945,0
GMT,D,20210420,000000,15.18,15.18,14.32,14.9,27321,0
GMT,D,20210421,000000,14.99,14.99,14.15,14.3,32063,0
GMT,D,20210422,000000,14.3,14.968,13.95,14.28,69919,0
GMT,D,20210423,000000,14.2,14.3,13.22,13.47,67728,0
GMT,D,20210426,000000,13.11,13.7,13.11,13.3,27069,0
GMT,D,20210427,000000,13.4,13.6,13.3,13.5,15520,0
GMT,D,20210428,000000,13.51,13.51,12.78,12.9,43696,0
GMT,D,20210429,000000,12.89,14,12.602,13.6,62132,0
GMT,D,20210430,000000,13.5,14.418,13.14,13.2,63676,0
GMT,D,20210504,000000,13.95,13.95,12.92,13.15,15847,0
GMT,D,20210505,000000,13.15,13.15,12.52,12.85,14108,0
GMT,D,20210506,000000,12.85,12.85,12.16,12.3,32963,0
GMT,D,20210507,000000,12.3,13,12.01,12.56,36817,0
GMT,D,20210510,000000,12.98,14.2,12.51,13.92,40430,0
GMT,D,20210511,000000,13.99,14.62,13.65,14,17686,0
GMT,D,20210512,000000,13.41,14,13.06,13.1,21785,0
GMT,D,20210513,000000,13.56,13.56,12.7,13.19,16577,0
GMT,D,20210514,000000,13.4,13.4,12.61,12.8,16553,0
GMT,D,20210517,000000,13,15.58,12.98,15.55,135884,0
GMT,D,20210518,000000,15.98,16,14.32,15.6,107470,0
GMT,D,20210519,000000,15.8,15.97,14.4,14.4,36566,0
GMT,D,20210520,000000,14.6,15,14.12,14.698,8332,0
GMT,D,20210521,000000,14.7,14.7,14.3,14.58,8721,0
GMT,D,20210524,000000,14.3,14.68,13.64,14.08,16270,0
GMT,D,20210525,000000,14,14.566,13.65,13.7,10988,0
GMT,D,20210526,000000,13.96,13.96,13.2,13.95,14550,0
GMT,D,20210527,000000,14,14.66,13.6,14.488,13067,0
GMT,D,20210528,000000,14.38,14.4,13.772,14.25,13118,0
GMT,D,20210531,000000,14.01,14.298,13.9,14.09,6377,0
GMT,D,20210601,000000,14.1,14.23,13.92,14,4805,0
GMT,D,20210602,000000,14,14.1,13.82,14.05,6284,0
GMT,D,20210604,000000,13.97,14,13.63,14,7106,0
GMT,D,20210607,000000,14,14,13.5,13.99,8857,0
GMT,D,20210608,000000,14.1,14.1,13.71,13.98,8927,0
GMT,D,20210609,000000,13.97,14.1,13.8,14,6706,0
GMT,D,20210610,000000,14.16,14.16,13.85,13.85,1893,0
GMT,D,20210611,000000,13.85,14.06,13.71,13.85,8294,0
GMT,D,20210614,000000,14.04,14.04,13.6,13.8,6699,0
GMT,D,20210615,000000,13.8,13.8,13.41,13.44,8911,0
GMT,D,20210616,000000,13.41,14.98,12.9,13.794,20383,0
GMT,D,20210617,000000,13.98,13.98,13.3,13.55,4874,0
GMT,D,20210618,000000,13.7,13.7,13.152,13.69,6394,0
GMT,D,20210621,000000,13.69,13.69,13.3,13.31,9093,0
GMT,D,20210622,000000,13.47,13.7,13.002,13.1,14871,0
GMT,D,20210623,000000,13.05,13.49,13.05,13.378,1268,0
GMT,D,20210624,000000,13.49,13.49,13.05,13.446,1912,0
GMT,D,20210625,000000,13.4,13.4,12.42,13.098,20514,0
GMT,D,20210628,000000,13.1,13.1,12.8,13,5652,0
GMT,D,20210629,000000,13.1,13.1,12.85,12.95,7021,0
GMT,D,20210630,000000,13.1,13.1,12.6,12.62,2719,0
GMT,D,20210701,000000,12.99,12.99,12.62,12.98,841,0
GMT,D,20210702,000000,12.97,12.98,12.62,12.682,2861,0
GMT,D,20210705,000000,12.8,12.8,12.522,12.536,6904,0
GMT,D,20210706,000000,12.6,12.7,12.522,12.6,4031,0
GMT,D,20210707,000000,12.7,12.8,12.6,12.7,3293,0
GMT,D,20210708,000000,12.8,13.35,12.65,12.9,14332,0
GMT,D,20210709,000000,12.706,12.99,12.7,12.99,1235,0
GMT,D,20210712,000000,13.05,13.1,12.61,12.61,10476,0
GMT,D,20210713,000000,13,13,12.61,12.7,2742,0
GMT,D,20210714,000000,12.88,12.88,12.4,12.7,4892,0
GMT,D,20210715,000000,12.85,12.85,12.602,12.85,1415,0
GMT,D,20210716,000000,12.85,12.85,12.6,12.82,4447,0
GMT,D,20210719,000000,12.65,12.85,12.4,12.422,7394,0
GMT,D,20210720,000000,12.38,12.422,12.18,12.422,7188,0
GMT,D,20210721,000000,12.422,12.5,12.1,12.4,6847,0
GMT,D,20210722,000000,12.12,12.4,12.12,12.38,1406,0
GMT,D,20210723,000000,12.38,12.5,12.17,12.498,1054,0
GMT,D,20210726,000000,12.3,12.5,11.5,12,20451,0
GMT,D,20210727,000000,12,12.5,11.56,11.898,17060,0
GMT,D,20210728,000000,11.7,11.88,11.54,11.85,12254,0
GMT,D,20210729,000000,11.7,11.7,11.52,11.646,5092,0
GMT,D,20210730,000000,11.52,11.7,10.85,11.24,27842,0
GMT,D,20210802,000000,11.1,11.2,10.8,10.99,25586,0
GMT,D,20210803,000000,10.99,11,10.81,10.94,3072,0
GMT,D,20210804,000000,10.88,11.8,10.88,11.354,13461,0
GMT,D,20210805,000000,11.354,11.43,11.03,11.05,1491,0
GMT,D,20210806,000000,11.38,11.38,11,11.22,12195,0
GMT,D,20210809,000000,11.25,11.374,11,11.298,4262,0
GMT,D,20210810,000000,11.01,11.318,11.01,11.3,2422,0
GMT,D,20210811,000000,11.3,11.31,10.99,11.278,9544,0
GMT,D,20210812,000000,11.258,11.26,10.99,10.99,6946,0
GMT,D,20210813,000000,11.238,11.238,10.85,10.9,7069,0
GMT,D,20210816,000000,10.806,11.27,10.806,11.21,7704,0
GMT,D,20210817,000000,11.27,12.23,11.27,11.5,16074,0
GMT,D,20210818,000000,11.67,11.67,11.2,11.2,2894,0
GMT,D,20210819,000000,11.21,11.21,10.99,11,8832,0
GMT,D,20210820,000000,10.99,11.2,10.8,10.9,8490,0
GMT,D,20210823,000000,11,11.15,10.8,11.138,6344,0
GMT,D,20210824,000000,11.1,11.1,10.6,10.998,8006,0
GMT,D,20210825,000000,10.82,11,10.7,10.85,9205,0
GMT,D,20210826,000000,10.9,10.968,10.7,10.88,9289,0
GMT,D,20210827,000000,10.878,10.878,10.6,10.798,14882,0
GMT,D,20210830,000000,10.796,10.796,10.65,10.778,3725,0
GMT,D,20210831,000000,10.778,10.794,10.4,10.738,8942,0
GMT,D,20210901,000000,10.738,11.04,10.62,10.898,1822,0
GMT,D,20210902,000000,10.802,10.898,10.62,10.784,3509,0
GMT,D,20210903,000000,10.798,10.798,10.6,10.69,2481,0
GMT,D,20210906,000000,10.65,10.898,10.51,10.898,5830,0
GMT,D,20210907,000000,10.9,12.2,10.9,11.798,16913,0
GMT,D,20210908,000000,11.5,12.5,11.35,12.48,12145,0
GMT,D,20210909,000000,12.5,12.8,11.35,12,8232,0
GMT,D,20210910,000000,12.1,12.3,11.9,12.2,3029,0
GMT,D,20210913,000000,12.4,12.498,11.9,12.4,6111,0
GMT,D,20210914,000000,12,12.42,11.7,11.9,3924,0
GMT,D,20210915,000000,11.99,11.99,11.15,11.7,4796,0
GMT,D,20210916,000000,11.688,11.688,11.2,11.5,3493,0
GMT,D,20210917,000000,11.6,11.6,11.18,11.5,1110,0
GMT,D,20210920,000000,11.688,11.688,11.02,11.38,2593,0
GMT,D,20210921,000000,11,12,11,11.5,10574,0
GMT,D,20210922,000000,11.22,11.58,11,11.4,4407,0
GMT,D,20210923,000000,11.4,11.4,11,11.3,881,0
GMT,D,20210924,000000,11.6,11.6,10.998,11.35,9537,0
GMT,D,20210927,000000,11.35,11.35,11.1,11.2,2949,0
GMT,D,20210928,000000,11.08,11.2,11,11.15,2502,0
GMT,D,20210929,000000,11,11.15,10.7,11,4111,0
GMT,D,20210930,000000,10.7,10.95,10.5,10.9,7702,0
GMT,D,20211001,000000,10.52,10.98,10.512,10.7,2733,0
GMT,D,20211004,000000,10.84,10.84,10.41,10.7,2985,0
GMT,D,20211005,000000,10.64,10.7,10.01,10.68,8214,0
GMT,D,20211006,000000,10.3,10.5,10.02,10.49,3157,0
GMT,D,20211007,000000,10.11,10.59,10.06,10.48,967,0
GMT,D,20211008,000000,10.48,10.5,10.2,10.498,3589,0
GMT,D,20211011,000000,10.59,11.4,10.59,10.89,3409,0
GMT,D,20211012,000000,10.89,10.9,10.5,10.7,3387,0
GMT,D,20211013,000000,10.888,10.9,10.33,10.9,2058,0
GMT,D,20211014,000000,10.35,10.884,10.35,10.78,2592,0
GMT,D,20211015,000000,10.78,10.78,10.352,10.4,723,0
GMT,D,20211018,000000,10.3,10.4,10.2,10.4,3645,0
GMT,D,20211019,000000,10.38,10.68,10.25,10.65,2724,0
GMT,D,20211020,000000,10.3,10.48,10.222,10.48,2605,0
GMT,D,20211021,000000,10.24,10.68,10.22,10.66,5551,0
GMT,D,20211022,000000,10.52,10.66,10.22,10.66,1625,0
GMT,D,20211025,000000,10.26,10.6,10.12,10.16,5329,0
GMT,D,20211026,000000,10.1,10.38,10.01,10.28,7176,0
GMT,D,20211027,000000,10.02,10.38,9.88,10,11034,0
GMT,D,20211028,000000,10,10.3,9.654,9.989,12939,0
GMT,D,20211029,000000,9.989,10.2,9.7,9.7,9400,0
GMT,D,20211102,000000,9.75,10.1,9.75,10.1,6612,0
GMT,D,20211103,000000,10.1,10.19,9.91,10.19,7503,0
GMT,D,20211104,000000,10.2,10.2,10.04,10.2,4789,0
GMT,D,20211105,000000,10.2,10.478,10.06,10.42,23901,0
GMT,D,20211108,000000,10.36,11.36,10.1,11,18941,0
GMT,D,20211109,000000,10.99,11.15,10.5,10.9,6799,0
GMT,D,20211110,000000,10.9,10.988,10.5,10.896,4173,0
GMT,D,20211112,000000,10.5,10.78,10.3,10.54,4652,0
GMT,D,20211115,000000,10.36,10.48,10,10.448,5519,0
GMT,D,20211116,000000,10.44,10.44,9.86,9.92,4526,0
GMT,D,20211117,000000,9.92,9.998,9.82,9.998,2576,0
GMT,D,20211118,000000,9.95,9.998,9.7,9.994,6325,0
GMT,D,20211119,000000,9.8,9.936,9.701,9.8,15059,0
GMT,D,20211122,000000,9.701,9.8,9.55,9.769,5002,0
GMT,D,20211123,000000,9.6,9.769,9.5,9.6,7898,0
GMT,D,20211124,000000,9.6,10,9.6,9.7,6471,0
GMT,D,20211125,000000,9.99,10,9.652,9.959,2167,0
GMT,D,20211126,000000,9.958,10,9.7,10,1909,0
GMT,D,20211129,000000,9.8,10,9.76,9.979,4386,0
GMT,D,20211130,000000,9.979,10,9.66,9.68,7095,0
GMT,D,20211201,000000,10,10.28,10,10.28,6969,0
GMT,D,20211202,000000,10.3,10.35,10,10.25,2527,0
GMT,D,20211203,000000,10.27,10.27,10.07,10.2,12174,0
GMT,D,20211206,000000,10.25,10.3,10.07,10.1,4864,0
GMT,D,20211207,000000,10.07,10.096,9.5,10.09,5710,0
GMT,D,20211208,000000,9.75,10,9.75,10,4614,0
GMT,D,20211209,000000,9.85,10,9.8,10,1594,0
GMT,D,20211210,000000,9.81,9.9,9.8,9.8,3525,0
GMT,D,20211213,000000,9.8,9.8,9.62,9.73,1052,0
GMT,D,20211214,000000,9.73,10,9.12,9.7,24526,0
GMT,D,20211215,000000,9.401,9.5,9,9.5,9350,0
GMT,D,20211216,000000,9.499,9.9,9.21,9.78,3664,0
GMT,D,20211217,000000,9.78,9.799,9.4,9.6,613,0
GMT,D,20211220,000000,9.74,9.74,9.06,9.59,5164,0
GMT,D,20211221,000000,9.2,9.49,9.1,9.35,1629,0
GMT,D,20211222,000000,9.2,9.39,9.07,9.27,16230,0
GMT,D,20211223,000000,9.26,9.3,9,9.2,18974,0
GMT,D,20211227,000000,9.06,9.27,8.82,8.9,23971,0
GMT,D,20211228,000000,8.92,9,8.7,8.79,25154,0
GMT,D,20211229,000000,8.7,9.4,8.6,9.34,10347,0
GMT,D,20211230,000000,9.18,9.38,9.1,9.35,4621,0
GMT,D,20220103,000000,9.35,9.996,9.35,9.838,5733,0
GMT,D,20220104,000000,9.838,9.96,9.14,9.94,4254,0
GMT,D,20220105,000000,9.8,10.8,9.48,10.5,16256,0
GMT,D,20220107,000000,10.6,11.2,10.11,10.8,11480,0
GMT,D,20220110,000000,11.05,11.05,10.4,10.5,10993,0
GMT,D,20220111,000000,10.4,10.716,10.2,10.57,2052,0
GMT,D,20220112,000000,10.5,10.6,10,10,2517,0
GMT,D,20220113,000000,10.012,10.498,10,10.19,12223,0
GMT,D,20220114,000000,10,10.19,9.7,9.9,10505,0
GMT,D,20220117,000000,10,10.2,9.702,10,5908,0
GMT,D,20220118,000000,9.9,10,9.7,10,3313,0
GMT,D,20220119,000000,9.8,10,9.6,9.9,2573,0
GMT,D,20220120,000000,9.99,9.99,9.7,9.93,1389,0
GMT,D,20220121,000000,10,10,9.503,9.9,3893,0
GMT,D,20220124,000000,9.504,9.78,9.1,9.2,6945,0
GMT,D,20220125,000000,9.45,9.69,9.3,9.5,5726,0
GMT,D,20220126,000000,9.5,9.5,9.26,9.49,3595,0
GMT,D,20220127,000000,9.5,9.5,9.1,9.496,2534,0
GMT,D,20220128,000000,9.5,9.5,9,9.099,11104,0
GMT,D,20220131,000000,9.45,9.45,9.3,9.4,2796,0
GMT,D,20220201,000000,9.3,9.4,9,9.3,5022,0
GMT,D,20220202,000000,9.3,9.398,9,9.398,5935,0
GMT,D,20220203,000000,9.379,9.379,8.95,9.05,9104,0
GMT,D,20220204,000000,8.956,9.09,8.9,9,3381,0
GMT,D,20220207,000000,8.9,9.136,8.8,8.99,817,0
GMT,D,20220208,000000,9,9.28,8.8,9.28,8287,0
GMT,D,20220209,000000,9.28,9.377,8.8,8.904,9883,0
GMT,D,20220210,000000,9.186,9.2,8.95,8.95,1895,0
GMT,D,20220211,000000,8.981,10,8.981,9.97,5025,0
GMT,D,20220214,000000,9.75,9.95,9.4,9.7,4950,0
GMT,D,20220215,000000,9.7,10,9.7,10,577,0
GMT,D,20220216,000000,9.71,10,9.71,9.78,1944,0
GMT,D,20220217,000000,9.78,9.99,9.7,9.99,3160,0
GMT,D,20220218,000000,9.8,9.98,9.71,9.71,2053,0
GMT,D,20220221,000000,9.81,9.99,9.4,9.85,4147,0
GMT,D,20220222,000000,9.4,9.88,9.4,9.8,2259,0
GMT,D,20220223,000000,9.7,9.8,9.7,9.75,2731,0
GMT,D,20220224,000000,8.63,9.2,7,8.4,17696,0
GMT,D,20220225,000000,8,9,8,8.89,10354,0
GMT,D,20220228,000000,8.65,9.4,8.65,9.4,5504,0
GMT,D,20220301,000000,9.1,9.2,8.5,9,7529,0
GMT,D,20220302,000000,8.5,8.5,7.91,8.4,9341,0
GMT,D,20220303,000000,8.3,8.3,7.8,7.89,12234,0
GMT,D,20220304,000000,7.999,8,7.26,7.59,13428,0
GMT,D,20220307,000000,7.3,7.3,6,6.9,33089,0
GMT,D,20220308,000000,6.9,7.199,6.651,6.82,3787,0
GMT,D,20220309,000000,7.099,7.75,6.92,7,16377,0
GMT,D,20220310,000000,7,7,6.85,7,15950,0
GMT,D,20220311,000000,6.95,7,6.9,7,16411,0
GMT,D,20220314,000000,7,7,6.8,6.99,17562,0
GMT,D,20220315,000000,7,7,6.802,7,9346,0
GMT,D,20220316,000000,7,8,7,7.5,18152,0
GMT,D,20220317,000000,7.7,7.88,7.6,7.79,22012,0
GMT,D,20220318,000000,7.6,7.95,7.5,7.88,6163,0
GMT,D,20220321,000000,8.3,8.3,7.75,7.96,5242,0
GMT,D,20220322,000000,7.75,7.9,7.502,7.55,8632,0
GMT,D,20220323,000000,7.55,7.55,7,7,14893,0
GMT,D,20220324,000000,6.98,7.2,6.902,7.19,2781,0
GMT,D,20220325,000000,7.05,7.05,7,7,5384,0
GMT,D,20220328,000000,7.05,7.05,6.964,7,752,0
GMT,D,20220329,000000,7,7,6.56,6.95,13283,0
GMT,D,20220330,000000,6.95,6.95,6.85,6.9,9085,0
GMT,D,20220331,000000,6.9,6.9,6.8,6.82,9708,0
GMT,D,20220401,000000,6.6,7.1,6.6,7,1833,0
GMT,D,20220404,000000,7,7,6.7,6.8,6777,0
GMT,D,20220405,000000,6.71,6.799,6.4,6.5,14608,0
GMT,D,20220406,000000,6.5,6.59,6.401,6.54,17777,0
GMT,D,20220407,000000,6.5,7,6.4,7,27949,0
GMT,D,20220408,000000,7,7.49,6.8,7,3578,0
GMT,D,20220411,000000,7,7.36,6.82,7.16,2926,0
GMT,D,20220412,000000,7.16,7.45,6.85,7.36,3729,0
GMT,D,20220413,000000,7.1,7.4,7.1,7.4,2207,0
GMT,D,20220414,000000,7.38,7.38,7.37,7.38,313,0
GMT,D,20220419,000000,7.1,7.2,6.91,7.09,14122,0
GMT,D,20220420,000000,7.14,7.19,6.92,7.16,2807,0
GMT,D,20220421,000000,7.17,7.17,7.13,7.13,1639,0
GMT,D,20220422,000000,6.96,7.12,6.91,7.12,2243,0
GMT,D,20220425,000000,6.9,7.11,6.89,7,1842,0
GMT,D,20220426,000000,7,7.08,6.71,7,7531,0
GMT,D,20220427,000000,7,7,6.99,6.99,147,0
GMT,D,20220428,000000,6.8,6.9,6.72,6.89,1915,0
GMT,D,20220429,000000,7,8.4,6.95,7.4,46838,0
GMT,D,20220502,000000,7.65,7.65,7.2,7.5,3753,0
GMT,D,20220504,000000,8,8,7.05,7.35,10525,0
GMT,D,20220505,000000,7.4,7.4,7,7.1,10873,0
GMT,D,20220506,000000,7.1,7.35,7.01,7.3,2656,0
GMT,D,20220509,000000,7.04,7.28,7.04,7.25,620,0
GMT,D,20220510,000000,7.05,7.05,7,7,4040,0
GMT,D,20220511,000000,7.27,7.27,7,7.27,872,0
GMT,D,20220512,000000,7.27,7.28,7,7.24,3724,0
GMT,D,20220513,000000,7.24,7.24,7.21,7.21,820,0
GMT,D,20220516,000000,7.28,7.3,7.28,7.29,850,0
GMT,D,20220517,000000,7.1,7.1,7,7,4845,0
GMT,D,20220518,000000,7.19,7.19,7.19,7.19,875,0
GMT,D,20220519,000000,7.06,7.06,7,7,1188,0
GMT,D,20220520,000000,7,7,6.9,6.99,1987,0
GMT,D,20220523,000000,7.2,7.2,6.88,7,2089,0
GMT,D,20220524,000000,7.18,7.19,6.89,7,1558,0
GMT,D,20220525,000000,7.05,7.05,7.05,7.05,70,0
GMT,D,20220526,000000,7.05,7.28,7.05,7.28,1357,0
GMT,D,20220527,000000,7.3,7.3,7.3,7.3,337,0
GMT,D,20220530,000000,7.1,7.27,7,7,10242,0
GMT,D,20220531,000000,7,7.27,5.8,6.21,38394,0
GMT,D,20220601,000000,6.55,6.8,6.16,6.8,13684,0
GMT,D,20220602,000000,6.8,6.8,6.41,6.5,6003,0
GMT,D,20220603,000000,6.5,6.6,6.2,6.25,11432,0
GMT,D,20220606,000000,6.26,6.5,6.14,6.39,7062,0
GMT,D,20220607,000000,6.38,6.4,6.17,6.39,4628,0
GMT,D,20220608,000000,6.46,6.9,6.21,6.21,33065,0
GMT,D,20220609,000000,6.37,6.37,6,6.1,13612,0
GMT,D,20220610,000000,6.2,6.25,5.9,6.05,18035,0
GMT,D,20220613,000000,6.04,6.04,5.52,5.6,7120,0
GMT,D,20220614,000000,5.6,5.85,5.51,5.51,8690,0
GMT,D,20220615,000000,5.6,5.88,5.55,5.88,1550,0
GMT,D,20220617,000000,5.5,5.7,5.41,5.7,5477,0
GMT,D,20220620,000000,5.36,5.79,5.2,5.74,7522,0
GMT,D,20220621,000000,5.7,5.77,5.4,5.71,4707,0
GMT,D,20220622,000000,5.7,5.7,5.38,5.69,275,0
GMT,D,20220624,000000,5.7,5.7,5.36,5.67,1712,0
GMT,D,20220627,000000,5.7,6.26,5.43,5.79,10650,0
GMT,D,20220628,000000,5.53,6.08,5.53,6.08,3682,0
GMT,D,20220629,000000,6.08,6.08,5.9,6.05,1647,0
GMT,D,20220630,000000,6.04,6.04,5.56,5.89,1171,0
GMT,D,20220701,000000,5.89,6.08,5.89,6.03,3583,0
GMT,D,20220704,000000,6.06,6.08,5.98,5.98,967,0
GMT,D,20220705,000000,6.07,6.07,5.55,6,12054,0
GMT,D,20220706,000000,5.75,6,5.66,5.99,1450,0
GMT,D,20220707,000000,6,6.08,5.9,6,860,0
GMT,D,20220708,000000,5.98,6,5.98,6,724,0
GMT,D,20220711,000000,6,6,5.9,5.99,1203,0
GMT,D,20220712,000000,5.7,5.97,5.7,5.97,348,0
GMT,D,20220713,000000,5.97,5.98,5.97,5.98,965,0
GMT,D,20220714,000000,5.99,5.99,5.85,5.99,1358,0
GMT,D,20220715,000000,5.71,5.98,5.7,5.98,400,0
GMT,D,20220718,000000,6,6,5.9,5.9,526,0
GMT,D,20220719,000000,5.9,5.9,5.9,5.9,6,0
GMT,D,20220720,000000,5.65,5.98,5.65,5.7,855,0
GMT,D,20220721,000000,5.9,5.9,5.71,5.9,439,0
GMT,D,20220722,000000,5.66,5.9,5.66,5.9,506,0
GMT,D,20220725,000000,5.66,5.97,5.65,5.97,2270,0
GMT,D,20220726,000000,5.77,5.96,5.66,5.96,2740,0
GMT,D,20220727,000000,5.94,5.94,5.94,5.94,56,0
GMT,D,20220728,000000,5.97,5.97,5.95,5.95,90,0
GMT,D,20220729,000000,5.85,5.95,5.75,5.94,5643,0
GMT,D,20220801,000000,5.66,5.91,5.5,5.91,3975,0
GMT,D,20220802,000000,5.9,5.9,5.7,5.89,4416,0
GMT,D,20220803,000000,5.8,6.25,5.8,5.99,68725,0
GMT,D,20220804,000000,5.9,6.17,5.9,6.1,8071,0
GMT,D,20220805,000000,6.05,6.1,6,6.08,792,0
GMT,D,20220808,000000,6.08,6.1,5.91,6.05,2385,0
GMT,D,20220809,000000,5.96,6.03,5.7,6,11745,0
GMT,D,20220810,000000,6,6.05,5.8,5.82,36765,0
GMT,D,20220811,000000,5.85,6,5.83,6,3205,0
GMT,D,20220812,000000,5.84,6.2,5.84,6.2,45458,0
GMT,D,20220816,000000,6.36,6.48,6.21,6.41,11615,0
GMT,D,20220817,000000,6.31,6.33,5.9,6,12054,0
GMT,D,20220818,000000,5.9,6.15,5.8,5.8,15004,0
GMT,D,20220819,000000,5.74,6,5.7,5.77,10466,0
GMT,D,20220822,000000,5.8,6.09,5.8,6,901,0
GMT,D,20220823,000000,5.85,5.95,5.75,5.95,1202,0
GMT,D,20220824,000000,5.8,5.99,5.75,5.99,1594,0
GMT,D,20220825,000000,5.8,5.98,5.8,5.97,822,0
GMT,D,20220826,000000,5.98,5.98,5.75,5.98,3689,0
GMT,D,20220829,000000,5.71,5.8,5.62,5.78,1763,0
GMT,D,20220830,000000,5.64,5.81,5.64,5.7,995,0
GMT,D,20220831,000000,5.7,5.9,5.6,5.9,4399,0
GMT,D,20220901,000000,5.9,5.9,5.46,5.7,3928,0
GMT,D,20220902,000000,5.7,5.76,5.7,5.76,213,0
GMT,D,20220905,000000,5.5,5.6,5.4,5.6,3846,0
GMT,D,20220906,000000,5.6,5.6,5.6,5.6,1156,0
GMT,D,20220907,000000,5.41,5.5,5.4,5.5,1726,0
GMT,D,20220908,000000,5.3,5.5,5.2,5.48,2544,0
GMT,D,20220909,000000,5.2,5.9,5.2,5.5,6836,0
GMT,D,20220912,000000,5.6,6.18,5.6,5.89,12778,0
GMT,D,20220913,000000,5.62,5.99,5.4,5.6,3685,0
GMT,D,20220914,000000,5.4,5.7,5.01,5.5,405,0
GMT,D,20220915,000000,5.7,5.8,5.31,5.31,3818,0
GMT,D,20220916,000000,5.5,5.65,5.25,5.5,3704,0
GMT,D,20220919,000000,5.65,5.85,5.6,5.7,616,0
GMT,D,20220920,000000,5.7,5.7,5.7,5.7,26,0
GMT,D,20220922,000000,5.52,5.66,5.5,5.6,740,0
GMT,D,20220923,000000,5.66,5.66,5.27,5.4,2481,0
GMT,D,20220926,000000,5.28,5.49,4.71,5.45,9303,0
GMT,D,20220927,000000,5.05,5.38,5.05,5.38,1834,0
GMT,D,20220928,000000,5.25,5.39,5.25,5.25,1176,0
GMT,D,20220929,000000,5.4,5.4,5.2,5.2,1507,0
GMT,D,20220930,000000,5.1,5.1,4.855,5.1,3060,0
GMT,D,20221003,000000,4.9,5.1,4.9,5.1,1444,0
GMT,D,20221004,000000,5.2,5.2,4.95,5,6396,0
GMT,D,20221005,000000,5.1,5.2,4.975,5,3068,0
GMT,D,20221006,000000,5.1,5.1,4.875,5,972,0
GMT,D,20221007,000000,5.09,5.09,5,5.07,326,0
GMT,D,20221010,000000,5.1,5.1,4.875,5.04,1402,0
GMT,D,20221011,000000,5.05,5.05,4.8,4.895,3769,0
GMT,D,20221012,000000,4.87,4.87,4.39,4.84,8930,0
GMT,D,20221013,000000,4.795,4.795,4.305,4.6,12335,0
GMT,D,20221014,000000,4.6,4.9,4.35,4.515,8926,0
GMT,D,20221017,000000,4.7,5.15,4.7,4.965,2203,0
GMT,D,20221018,000000,5.1,5.1,4.8,4.805,4760,0
GMT,D,20221019,000000,5.1,5.1,5.05,5.09,3166,0
GMT,D,20221020,000000,5.1,5.1,5.07,5.07,3711,0
GMT,D,20221021,000000,5.06,5.09,5.06,5.07,3070,0
GMT,D,20221024,000000,5.07,5.35,5.07,5.26,3352,0
GMT,D,20221025,000000,5.27,5.27,5.26,5.26,411,0
GMT,D,20221026,000000,5.39,5.39,5,5.2,102889,0
GMT,D,20221027,000000,5.01,5.5,5.01,5.25,5276,0
GMT,D,20221028,000000,5.46,5.46,5.21,5.38,1407,0
GMT,D,20221031,000000,5.45,5.45,5.21,5.22,1938,0
GMT,D,20221102,000000,5.25,5.99,5.13,5.73,28610,0
GMT,D,20221103,000000,5.69,5.7,5.42,5.68,26377,0
GMT,D,20221104,000000,5.7,5.7,5.5,5.68,4543,0
GMT,D,20221107,000000,5.65,5.65,5.34,5.57,3164,0
GMT,D,20221108,000000,5.56,5.56,5.31,5.47,3272,0
GMT,D,20221109,000000,5.32,5.39,5.25,5.39,3461,0
GMT,D,20221110,000000,5.37,5.37,5.12,5.37,8665,0
GMT,D,20221114,000000,5.36,5.49,5,5.49,13474,0
GMT,D,20221115,000000,5.29,5.29,5.1,5.29,2010,0
GMT,D,20221116,000000,5.3,5.3,4.95,5.18,86408,0
GMT,D,20221117,000000,5.2,5.2,5,5,63553,0
GMT,D,20221118,000000,5.1,5.27,5.05,5.27,44941,0
GMT,D,20221121,000000,5.3,5.3,5.1,5.24,2419,0
GMT,D,20221122,000000,5.24,5.25,5.01,5.23,10282,0
GMT,D,20221123,000000,5.28,5.28,5.05,5.1,11053,0
GMT,D,20221124,000000,5.27,5.27,5.04,5.26,44206,0
GMT,D,20221125,000000,5.28,5.28,5.19,5.26,22072,0
GMT,D,20221128,000000,5.28,5.28,5.02,5.24,188983,0
GMT,D,20221129,000000,5.2,5.7,5.11,5.66,127958,0
GMT,D,20221130,000000,5.7,6.82,5.69,6.48,66444,0
GMT,D,20221201,000000,6.5,6.5,6.1,6.38,17785,0
GMT,D,20221202,000000,6.4,6.4,6.22,6.38,9944,0
GMT,D,20221205,000000,6.4,7.55,6.13,7.1,88895,0
GMT,D,20221206,000000,7.1,7.48,7,7.42,47463,0
GMT,D,20221207,000000,7.49,7.49,6.8,6.98,46035,0
GMT,D,20221208,000000,7.1,7.16,6.65,6.96,15176,0
GMT,D,20221209,000000,7.1,7.1,6.79,7.08,9491,0
GMT,D,20221212,000000,7.1,7.1,6.5,6.7,44018,0
GMT,D,20221213,000000,6.96,6.97,6.66,6.8,9658,0
GMT,D,20221214,000000,6.49,6.74,6.28,6.71,27400,0
GMT,D,20221215,000000,6.65,6.65,6.4,6.5,34414,0
GMT,D,20221216,000000,6.49,6.54,6.4,6.49,10869,0
GMT,D,20221219,000000,6.5,8.3,6.5,7.69,173309,0
GMT,D,20221220,000000,7.6,7.68,7.12,7.6,27947,0
GMT,D,20221221,000000,7.64,7.91,7.56,7.9,79440,0
GMT,D,20221222,000000,7.95,9.71,7.72,9.59,161644,0
GMT,D,20221223,000000,9.8,11.36,9.3,11,185258,0
GMT,D,20221227,000000,11.56,12.4,11,12.2,165001,0
GMT,D,20221228,000000,11.8,12.8,11.12,11.46,96443,0
GMT,D,20221229,000000,10.62,12.3,9.54,11.8,142524,0
GMT,D,20221230,000000,11.86,12.22,11.34,11.62,32946,0
GMT,D,20230102,000000,11.8,14.1,11.8,13.78,137510,0
GMT,D,20230103,000000,13.7,14.9,13.7,14.68,106167,0
GMT,D,20230104,000000,15,16.38,13.52,14.58,208172,0
GMT,D,20230105,000000,15,15.18,12.74,14.4,147287,0
GMT,D,20230109,000000,14.4,14.4,13,13.96,73155,0
GMT,D,20230110,000000,15.24,16.22,13.22,13.96,236469,0
GMT,D,20230111,000000,14.18,14.98,13.96,14.78,60080,0
GMT,D,20230112,000000,14.78,14.9,12.44,13.02,75096,0
GMT,D,20230113,000000,13.38,13.38,12.52,12.78,22726,0
GMT,D,20230116,000000,12.78,12.78,11.4,11.7,119707,0
GMT,D,20230117,000000,12,12,11.68,11.9,17220,0
GMT,D,20230118,000000,11.94,11.94,10.74,11.46,75879,0
GMT,D,20230119,000000,11.3,11.5,10.98,11.5,16713,0
GMT,D,20230120,000000,11.5,11.5,11.14,11.26,25877,0
GMT,D,20230123,000000,11.46,11.48,10.9,10.94,13949,0
GMT,D,20230124,000000,11,11.5,10.7,11.5,50417,0
GMT,D,20230125,000000,11.5,12.86,11.4,12.7,92262,0
GMT,D,20230126,000000,13,13.4,11.96,12.34,51865,0
GMT,D,20230127,000000,12.34,12.48,11.6,12.16,14027,0
GMT,D,20230130,000000,11.9,12.26,11.3,11.64,16378,0
GMT,D,20230131,000000,11.7,11.9,11.2,11.52,7174,0
GMT,D,20230201,000000,11.7,11.96,11.3,11.66,9583,0
GMT,D,20230202,000000,11.66,12.5,11.26,11.88,15926,0
GMT,D,20230203,000000,11.88,12.48,11.4,11.76,5881,0
GMT,D,20230206,000000,11.96,11.96,11,11.04,11698,0
GMT,D,20230207,000000,11.1,11.46,10.7,11.1,29050,0
GMT,D,20230208,000000,11.1,11.74,11,11.58,11758,0
GMT,D,20230209,000000,11.7,11.88,11.22,11.6,4910,0
GMT,D,20230210,000000,13,13.4,12.1,12.8,122193,0
GMT,D,20230213,000000,13,13.4,12.86,13,16681,0
GMT,D,20230214,000000,13,13.3,13,13.18,19111,0
GMT,D,20230215,000000,13.28,14.08,13,13.9,45906,0
GMT,D,20230216,000000,14.2,14.46,12.8,13.08,68017,0
GMT,D,20230217,000000,13.38,13.38,12.6,12.6,15653,0
GMT,D,20230220,000000,12.42,12.5,11.7,11.8,38685,0
GMT,D,20230221,000000,11.96,12,11.7,11.76,22465,0
GMT,D,20230222,000000,11.8,11.8,11,11.34,17735,0
GMT,D,20230223,000000,11.12,11.7,11,11.36,17750,0
GMT,D,20230224,000000,11.68,11.68,10.64,10.94,37181,0
GMT,D,20230227,000000,11,11.46,10.94,11.4,21123,0
GMT,D,20230228,000000,11.4,11.76,10,10.34,81138,0
GMT,D,20230301,000000,10.36,10.4,9.9,10.08,27568,0
GMT,D,20230302,000000,10.16,10.24,9.61,10.04,24397,0
GMT,D,20230303,000000,10.02,10.04,9.85,10.02,13654,0
GMT,D,20230306,000000,10,11,9.84,10.5,32740,0
GMT,D,20230307,000000,10.52,10.78,10.1,10.2,18096,0
GMT,D,20230308,000000,10.46,10.46,10.02,10.1,11377,0
GMT,D,20230309,000000,10.34,10.5,9.86,10.04,16571,0
GMT,D,20230310,000000,10.4,10.4,9.84,9.9,15107,0
GMT,D,20230313,000000,10.2,10.2,9.74,10.06,22821,0
GMT,D,20230314,000000,10.04,10.04,9.6,9.6,7705,0
GMT,D,20230315,000000,9.6,9.99,9.05,9.35,14301,0
GMT,D,20230316,000000,9.93,9.93,9.16,9.32,6947,0
GMT,D,20230317,000000,9.82,9.86,9.32,9.86,4640,0
GMT,D,20230320,000000,10,10,9.27,9.4,12818,0
GMT,D,20230321,000000,9.3,11,9.24,10.52,66122,0
GMT,D,20230322,000000,11,11,10.6,10.88,23224,0
GMT,D,20230323,000000,10.76,10.76,10.2,10.2,4433,0
GMT,D,20230324,000000,10.5,10.94,10,10.5,10133,0
GMT,D,20230327,000000,10.4,10.52,10,10.28,6491,0
GMT,D,20230328,000000,10.46,10.48,10.16,10.4,8053,0
GMT,D,20230329,000000,10.4,10.48,10,10.3,12792,0
GMT,D,20230330,000000,10.32,10.4,10.02,10.18,5955,0
GMT,D,20230331,000000,10.16,11,10.02,10.82,36117,0
GMT,D,20230403,000000,10.92,12.88,10.9,12.18,63492,0
GMT,D,20230404,000000,12.58,12.98,11.76,12.08,50553,0
GMT,D,20230405,000000,11.98,11.98,10.9,11,43633,0
GMT,D,20230406,000000,10.98,11.02,10.5,10.9,21908,0
GMT,D,20230411,000000,10.92,11.08,10.38,10.48,21257,0
GMT,D,20230412,000000,10.86,10.86,10.4,10.42,6253,0
GMT,D,20230413,000000,10.5,10.5,10.14,10.2,17866,0
GMT,D,20230414,000000,10.36,10.36,10,10,16049,0
GMT,D,20230417,000000,10.34,10.34,9.7,9.99,16118,0
GMT,D,20230418,000000,9.61,9.9,9.26,9.6,31283,0
GMT,D,20230419,000000,9.58,9.9,9.34,9.35,25548,0
GMT,D,20230420,000000,9.22,9.76,9.22,9.34,29032,0
GMT,D,20230421,000000,9.22,9.4,9.04,9.38,12194,0
GMT,D,20230424,000000,9.38,9.38,9.1,9.26,12124,0
GMT,D,20230425,000000,9.28,9.7,9.18,9.2,50520,0
GMT,D,20230426,000000,9.22,9.38,8.4,8.88,84593,0
GMT,D,20230427,000000,8.88,9.38,8.48,8.82,69479,0
GMT,D,20230428,000000,9,9,8.52,8.78,23670,0
GMT,D,20230502,000000,9.08,9.8,8.78,9.74,65526,0
GMT,D,20230504,000000,9.7,10.85,9.54,10.15,95620,0
GMT,D,20230505,000000,10.15,10.2,9.66,9.94,28915,0
GMT,D,20230508,000000,9.94,10.1,9.7,9.86,36919,0
GMT,D,20230509,000000,9.74,9.82,9.4,9.42,24254,0
GMT,D,20230510,000000,9.44,9.56,9.24,9.4,20697,0
GMT,D,20230511,000000,9.4,9.44,9.2,9.4,4860,0
GMT,D,20230512,000000,9.64,9.7,9.22,9.5,14649,0
GMT,D,20230515,000000,9.7,9.7,9.26,9.46,15082,0
GMT,D,20230516,000000,9.66,9.66,9.1,9.28,16074,0
GMT,D,20230517,000000,9.14,9.26,8.86,9.06,24029,0
GMT,D,20230518,000000,9,9.3,8.8,8.94,31063,0
GMT,D,20230519,000000,8.94,9.44,8.92,9.4,26122,0
GMT,D,20230522,000000,9.4,9.8,9.4,9.52,28621,0
GMT,D,20230523,000000,9.52,9.52,9.02,9.16,16547,0
GMT,D,20230524,000000,9,9.18,8.84,9,17664,0
GMT,D,20230525,000000,9,9,8.78,8.88,19308,0
GMT,D,20230526,000000,8.76,8.94,8.72,8.9,9977,0
GMT,D,20230529,000000,8.94,8.96,8.7,8.96,16363,0
GMT,D,20230530,000000,8.96,8.96,8.52,8.74,22601,0
GMT,D,20230531,000000,8.72,8.72,8.4,8.54,17178,0
GMT,D,20230601,000000,8.52,8.54,8.36,8.4,13072,0
GMT,D,20230602,000000,8.46,8.5,8.32,8.48,8809,0
GMT,D,20230605,000000,8.48,9,8.42,8.8,24884,0
GMT,D,20230606,000000,8.8,8.9,8.66,8.82,10093,0
GMT,D,20230607,000000,8.74,9.48,8.66,9.34,46701,0
GMT,D,20230609,000000,9.34,9.44,8.8,8.98,13291,0
GMT,D,20230612,000000,9,9,8.7,8.8,9224,0
GMT,D,20230613,000000,8.8,8.8,8.64,8.72,7412,0
GMT,D,20230614,000000,8.8,8.8,8.48,8.68,21768,0
GMT,D,20230615,000000,8.64,8.7,8.5,8.7,4233,0
GMT,D,20230616,000000,8.66,8.8,8.52,8.72,7569,0
GMT,D,20230619,000000,8.72,8.72,8.18,8.24,96850,0
GMT,D,20230620,000000,8.38,8.66,8.26,8.34,21921,0
GMT,D,20230621,000000,8.6,8.9,8.4,8.9,27602,0
GMT,D,20230622,000000,8.9,9.1,8.48,8.7,32091,0
GMT,D,20230623,000000,8.86,8.86,8.5,8.6,4005,0
GMT,D,20230626,000000,8.6,8.6,8.42,8.6,3080,0
GMT,D,20230627,000000,8.6,8.84,8.4,8.5,11193,0
GMT,D,20230628,000000,8.66,8.68,8.48,8.68,1923,0
GMT,D,20230629,000000,8.48,8.56,8.3,8.56,20964,0
GMT,D,20230630,000000,8.56,8.56,8.36,8.56,4888,0
GMT,D,20230703,000000,8.56,8.56,8.24,8.5,13204,0
GMT,D,20230704,000000,8.3,8.48,8.3,8.44,17170,0
GMT,D,20230705,000000,8.3,8.44,8.14,8.26,53293,0
GMT,D,20230706,000000,8.36,8.38,8.16,8.18,15202,0
GMT,D,20230707,000000,8.36,8.66,8.24,8.58,22866,0
GMT,D,20230710,000000,8.58,9.5,8.5,9.26,83185,0
GMT,D,20230711,000000,9.36,9.36,8.76,9.04,23655,0
GMT,D,20230712,000000,9,9.24,8.9,9.2,11835,0
GMT,D,20230713,000000,9.22,9.48,9.2,9.4,24460,0
GMT,D,20230714,000000,9.46,9.5,9.2,9.38,34122,0
GMT,D,20230717,000000,9.44,9.44,8.92,9.08,13335,0
GMT,D,20230718,000000,9.08,9.08,8.74,8.94,9091,0
GMT,D,20230719,000000,8.94,9.3,8.72,9.1,10949,0
GMT,D,20230720,000000,9.14,9.14,8.82,9.06,2614,0
GMT,D,20230721,000000,9.06,9.24,8.8,9.1,37047,0
GMT,D,20230724,000000,9.18,9.18,8.8,8.98,30561,0
GMT,D,20230725,000000,8.98,8.98,8.7,8.86,21268,0
GMT,D,20230726,000000,8.92,8.92,8.64,8.84,17054,0
GMT,D,20230727,000000,8.8,8.84,8.56,8.84,21046,0
GMT,D,20230728,000000,8.76,8.76,8.5,8.64,22278,0
GMT,D,20230731,000000,8.52,8.86,8.52,8.7,11315,0
GMT,D,20230801,000000,8.88,8.88,8.56,8.62,1650,0
GMT,D,20230802,000000,8.76,8.76,8.44,8.68,3735,0
GMT,D,20230803,000000,8.66,8.88,8.42,8.5,17320,0
GMT,D,20230804,000000,8.54,8.54,8.3,8.44,15680,0
GMT,D,20230807,000000,8.44,8.48,8.24,8.48,6378,0
GMT,D,20230808,000000,8.48,8.48,8.22,8.44,4500,0
GMT,D,20230809,000000,8.38,8.6,8.3,8.6,4896,0
GMT,D,20230810,000000,8.58,8.58,8.22,8.5,2707,0
GMT,D,20230811,000000,8.3,8.52,8.3,8.52,3006,0
GMT,D,20230814,000000,8.52,8.82,8.36,8.62,21945,0
GMT,D,20230816,000000,8.72,8.72,8.36,8.38,10539,0
GMT,D,20230817,000000,8.64,8.64,8.34,8.52,11985,0
GMT,D,20230818,000000,8.6,8.6,8.22,8.36,4844,0
GMT,D,20230821,000000,8.3,8.8,8.3,8.72,17614,0
GMT,D,20230822,000000,8.72,8.84,8.66,8.66,24028,0
GMT,D,20230823,000000,8.86,8.86,8.6,8.84,14582,0
GMT,D,20230824,000000,8.84,9.48,8.66,9.48,168830,0
GMT,D,20230825,000000,9.4,9.48,9.02,9.16,37774,0
GMT,D,20230828,000000,9.16,9.18,8.84,9.1,22533,0
GMT,D,20230829,000000,9.18,9.42,8.92,9.1,20108,0
GMT,D,20230830,000000,9.36,9.36,9.12,9.24,12170,0
GMT,D,20230831,000000,9.24,9.24,8.8,9.2,13326,0
GMT,D,20230901,000000,9.22,9.22,9,9.14,1943,0
GMT,D,20230904,000000,9.16,10.6,9,10.25,73479,0
GMT,D,20230905,000000,10.15,11.15,9.96,11,140098,0
GMT,D,20230906,000000,11,11.35,10.65,10.9,85108,0
GMT,D,20230907,000000,10.85,11.2,10.6,10.8,14590,0
GMT,D,20230908,000000,10.95,10.95,10.3,10.45,17427,0
GMT,D,20230911,000000,10.75,11,10.35,10.9,19597,0
GMT,D,20230912,000000,10.85,11.1,10.6,10.85,10128,0
GMT,D,20230913,000000,11,11,10.55,10.95,10700,0
GMT,D,20230914,000000,11.1,11.1,10.75,10.75,14818,0
GMT,D,20230915,000000,10.9,12.2,10.75,11.9,88205,0
GMT,D,20230918,000000,11.9,12.8,11.4,11.8,56229,0
GMT,D,20230919,000000,11.45,12.15,11.3,11.35,30124,0
GMT,D,20230920,000000,11.35,11.7,11.1,11.55,24351,0
GMT,D,20230921,000000,11.55,11.7,11.35,11.6,31061,0
GMT,D,20230922,000000,11.6,11.6,11.3,11.4,5941,0
GMT,D,20230925,000000,11.2,11.2,9.72,10,57700,0
GMT,D,20230926,000000,9.9,10.7,9.4,10.4,58512,0
GMT,D,20230927,000000,10.55,10.55,9.92,10.35,15093,0
GMT,D,20230928,000000,9.94,11.4,9.9,11.15,39301,0
GMT,D,20230929,000000,11.15,11.9,10.55,11.9,48675,0
GMT,D,20231002,000000,11.85,12.25,11,12,183722,0
GMT,D,20231003,000000,11.95,12.8,11.4,12.6,54686,0
GMT,D,20231004,000000,12.2,12.8,12,12.8,32110,0
GMT,D,20231005,000000,12.8,13.25,11.8,12.45,73856,0
GMT,D,20231006,000000,12.45,13,11.8,12.85,60812,0
GMT,D,20231009,000000,13,13.2,12.4,13,20086,0
GMT,D,20231010,000000,12.6,12.9,12.55,12.7,54309,0
GMT,D,20231011,000000,12.65,12.65,12,12.5,38277,0
GMT,D,20231012,000000,12.6,12.6,11.8,11.9,102981,0
GMT,D,20231013,000000,11.95,12.5,11.5,12.45,92979,0
GMT,D,20231016,000000,12.25,12.6,11.9,12.45,56401,0
GMT,D,20231017,000000,12.4,12.5,12,12.5,86097,0
GMT,D,20231018,000000,12.45,12.45,11.9,12,77949,0
GMT,D,20231019,000000,12,12.3,11.6,11.95,101481,0
GMT,D,20231020,000000,12.35,12.6,11.85,12.3,65598,0
GMT,D,20231023,000000,12.3,12.9,11.55,12.9,35309,0
GMT,D,20231024,000000,12.4,12.95,12.4,12.95,46125,0
GMT,D,20231025,000000,12.95,13.3,12.6,13.3,58511,0
GMT,D,20231026,000000,13.1,14,12.8,14,101387,0
GMT,D,20231027,000000,13.95,13.95,12.6,12.7,244816,0
GMT,D,20231030,000000,12.6,12.6,11.8,12.1,79647,0
GMT,D,20231031,000000,12,12.1,11.6,11.6,63487,0
GMT,D,20231102,000000,11.55,11.8,11.25,11.55,75643,0
GMT,D,20231103,000000,11.6,12.4,11.4,11.45,29192,0
GMT,D,20231106,000000,11.45,11.85,11.3,11.45,16301,0
GMT,D,20231107,000000,11.6,11.6,10.45,10.85,66218,0
GMT,D,20231108,000000,10.95,11.2,10.65,11,10968,0
GMT,D,20231109,000000,11,11.35,10.75,11.35,12460,0
GMT,D,20231110,000000,11.35,11.35,10.65,10.85,10062,0
GMT,D,20231113,000000,11.15,11.15,10.6,10.7,4762,0
GMT,D,20231114,000000,10.75,11.05,10.55,10.85,8498,0
GMT,D,20231115,000000,10.9,10.9,10.5,10.75,14747,0
GMT,D,20231116,000000,10.75,10.9,10.45,10.7,9720,0
GMT,D,20231117,000000,10.9,10.95,10.7,10.8,4844,0
GMT,D,20231120,000000,10.9,10.9,10.45,10.55,7904,0
GMT,D,20231121,000000,10.5,10.8,10.45,10.8,10940,0
GMT,D,20231122,000000,10.85,10.85,10.55,10.7,2324,0
GMT,D,20231123,000000,10.6,10.65,10.55,10.65,3406,0
GMT,D,20231124,000000,10.65,10.7,10.55,10.7,4194,0
GMT,D,20231127,000000,10.7,11.3,10.55,11.3,19275,0
GMT,D,20231128,000000,11.3,11.3,10.9,11,12392,0
GMT,D,20231129,000000,10.9,11.15,10.7,10.8,7012,0
GMT,D,20231130,000000,11.1,11.1,10.45,10.6,11477,0
GMT,D,20231201,000000,10.8,10.8,10.2,10.5,21683,0
GMT,D,20231204,000000,10.6,11.15,10.25,11,14319,0
GMT,D,20231205,000000,11,11.15,10.7,10.9,9048,0
GMT,D,20231206,000000,10.95,10.95,10.45,10.75,22575,0
GMT,D,20231207,000000,10.75,10.75,10.5,10.7,4221,0
GMT,D,20231208,000000,10.75,10.9,10.6,10.8,11371,0
GMT,D,20231211,000000,10.7,10.9,10.7,10.8,11261,0
GMT,D,20231212,000000,10.85,10.95,10.8,10.9,8047,0
GMT,D,20231213,000000,10.95,11.9,10.85,11.7,59117,0
GMT,D,20231214,000000,11.8,11.8,11.15,11.6,10723,0
GMT,D,20231215,000000,11.7,11.7,11.1,11.4,10450,0
GMT,D,20231218,000000,11.4,11.45,10.9,11,8065,0
GMT,D,20231219,000000,10.9,11.2,10.8,11,21986,0
GMT,D,20231220,000000,11,11,10.5,10.85,26149,0
GMT,D,20231221,000000,10.6,10.85,10.4,10.7,22714,0
GMT,D,20231222,000000,10.65,10.65,10.2,10.45,16882,0
GMT,D,20231227,000000,10.85,11.35,10.55,11.1,37046,0
GMT,D,20231228,000000,11.1,11.2,10.7,11.1,8146,0
GMT,D,20231229,000000,10.9,11.05,10.6,10.85,7454,0
GMT,D,20240102,000000,11.1,11.1,10.5,10.8,37382,0
GMT,D,20240103,000000,10.85,10.85,10.4,10.6,16819,0
GMT,D,20240104,000000,10.5,10.5,10,10.3,46419,0
GMT,D,20240105,000000,10.2,10.2,9.9,10.15,24291,0
GMT,D,20240108,000000,10.15,10.75,10,10.45,33742,0
GMT,D,20240109,000000,10.3,10.8,10.3,10.35,6701,0
GMT,D,20240110,000000,10.2,10.55,10.1,10.1,32127,0
GMT,D,20240111,000000,10.05,10.2,9.84,9.9,41588,0
GMT,D,20240112,000000,9.92,10.1,9.92,9.98,10330,0
GMT,D,20240115,000000,10.15,10.4,9.98,10.1,20561,0
GMT,D,20240116,000000,10.1,10.15,9.94,10,15633,0
GMT,D,20240117,000000,10,10.15,9.96,10.15,9259,0
GMT,D,20240118,000000,10.05,10.2,9.98,10.1,15719,0
GMT,D,20240119,000000,10.1,10.1,9.96,10.05,17667,0
GMT,D,20240122,000000,10.05,10.15,9.94,10.1,2055,0
GMT,D,20240123,000000,10.1,10.1,9.94,10.1,1537,0
GMT,D,20240124,000000,10,10.1,9.92,9.98,4020,0
GMT,D,20240125,000000,10,10,9.9,9.92,13037,0
GMT,D,20240126,000000,9.9,9.98,9.86,9.88,8760,0
GMT,D,20240129,000000,10,10,9.82,9.98,6793,0
GMT,D,20240130,000000,10.05,10.5,9.94,10.35,19804,0
GMT,D,20240131,000000,10.35,10.4,10.05,10.25,4147,0
GMT,D,20240201,000000,10.4,10.4,9.96,9.96,8810,0
GMT,D,20240202,000000,10.15,10.15,9.92,10,6697,0
GMT,D,20240205,000000,10,10.1,9.78,10,14987,0
GMT,D,20240206,000000,9.9,10,9.88,9.88,3065,0
GMT,D,20240207,000000,10,10,9.5,9.98,7119,0
GMT,D,20240208,000000,10,10,9.7,9.86,6373,0
GMT,D,20240209,000000,9.86,9.96,9.74,9.92,5697,0
GMT,D,20240212,000000,9.8,10.3,9.8,10.25,33232,0
GMT,D,20240213,000000,10.25,11.15,10.1,10.4,68263,0
GMT,D,20240214,000000,10.4,10.5,10.25,10.3,9099,0
GMT,D,20240215,000000,10.3,10.45,10.15,10.35,11707,0
GMT,D,20240216,000000,10.25,10.35,10.15,10.3,10281,0
GMT,D,20240219,000000,10.3,10.35,10.1,10.2,14955,0
GMT,D,20240220,000000,10.4,10.55,10.1,10.4,7824,0
GMT,D,20240221,000000,10.5,10.95,10.15,10.3,78807,0
GMT,D,20240222,000000,10.3,10.4,10.05,10.2,31725,0
GMT,D,20240223,000000,10.4,10.4,9.94,10.05,58173,0
GMT,D,20240226,000000,9.94,10.25,9.78,9.8,42737,0
GMT,D,20240227,000000,9.86,10,9.82,9.96,5542,0
GMT,D,20240228,000000,9.96,10,9.8,9.8,7183,0
GMT,D,20240229,000000,10.5,10.5,9.9,9.9,47125,0
GMT,D,20240301,000000,10,10.25,9.84,10.05,6063,0
GMT,D,20240304,000000,10.05,10.15,9.96,10.1,11849,0
GMT,D,20240305,000000,10.1,10.15,9.86,10.1,5065,0
GMT,D,20240306,000000,9.9,10.15,9.9,9.92,3672,0
GMT,D,20240307,000000,10.1,10.1,9.94,10.05,54351,0
GMT,D,20240308,000000,10.3,11.2,10,11.1,101218,0
GMT,D,20240311,000000,11.05,11.05,10.5,11,74128,0
GMT,D,20240312,000000,11.05,11.5,10.6,11,34197,0
GMT,D,20240313,000000,10.95,10.95,10.6,10.7,16441,0
GMT,D,20240314,000000,10.8,10.9,10.5,10.5,32305,0
GMT,D,20240315,000000,10.5,10.7,10,10.65,48555,0
