<TICKER>,<PER>,<DATE>,<TIME>,<OPEN>,<HIGH>,<LOW>,<CLOSE>,<VOL>,<OPENINT>
GOP,D,20200417,000000,39.4364,39.5268,34.1363,39.5268,103829.52140087,0
GOP,D,20200420,000000,43.8384,43.8384,36.2027,42.6618,492405.85767857,0
GOP,D,20200421,000000,43.1201,43.8338,39.1672,40.8739,77830.65869557,0
GOP,D,20200422,000000,39.5268,40.8739,37.9989,38.6278,89691.900985142,0
GOP,D,20200423,000000,39.8855,44.3778,38.3584,38.6278,351777.96267182,0
GOP,D,20200424,000000,36.8315,37.523,32.34,35.5738,480235.53117464,0
GOP,D,20200427,000000,35.6633,38.6278,34.2441,35.0344,120802.04054065,0
GOP,D,20200428,000000,35.0261,35.4844,32.34,34.945,83781.34320164,0
GOP,D,20200429,000000,34.945,34.9901,33.2382,33.418,45317.168356228,0
GOP,D,20200430,000000,33.418,33.418,30.7412,32.7439,51908.795917354,0
GOP,D,20200504,000000,34.2267,35.9335,34.1363,35.9335,44472.338170293,0
GOP,D,20200505,000000,37.7296,37.7296,35.5738,36.5623,31053.745242719,0
GOP,D,20200506,000000,36.7421,36.7421,34.7024,34.72,20575.248122682,0
GOP,D,20200507,000000,35.7352,35.7352,34.1722,34.1815,17125.434487943,0
GOP,D,20200508,000000,34.1722,34.8555,32.7347,33.867,27891.325702041,0
GOP,D,20200511,000000,34.1363,34.4056,32.7891,33.3101,13293.874735812,0
GOP,D,20200512,000000,33.5618,33.5618,32.2321,32.6988,13173.494568112,0
GOP,D,20200513,000000,32.9238,32.9238,31.4503,32.7891,13710.325045696,0
GOP,D,20200514,000000,33.2198,33.2198,31.4411,31.891,20956.994240075,0
GOP,D,20200515,000000,31.891,33.0132,31.5314,32.7439,9460.1459716504,0
GOP,D,20200518,000000,32.8786,32.8786,31.9805,32.7845,13290.621217766,0
GOP,D,20200519,000000,32.4295,32.7891,32.3447,32.4295,2858.7578563877,0
GOP,D,20200520,000000,32.3484,34.8555,32.3484,34.7651,22249.725410338,0
GOP,D,20200521,000000,34.7651,34.7651,33.5074,33.9703,10391.736638812,0
GOP,D,20200522,000000,33.6513,33.6513,32.4562,33.0583,5102.6008020881,0
GOP,D,20200525,000000,32.4387,32.5199,31.8006,32.2949,22252.978928384,0
GOP,D,20200526,000000,32.34,32.969,31.9805,32.6093,10352.69442226,0
GOP,D,20200527,000000,32.7845,32.7845,32.0699,32.0699,18754.362522956,0
GOP,D,20200528,000000,32.34,32.6988,32.0256,32.6988,5810.7832300932,0
GOP,D,20200529,000000,32.6988,33.7776,32.0699,32.6545,6331.3461174475,0
GOP,D,20200601,000000,32.34,32.6988,31.5314,32.34,14767.718410634,0
GOP,D,20200602,000000,32.6093,32.6093,31.9989,32.0699,4402.0099161904,0
GOP,D,20200603,000000,32.0699,33.2335,31.891,32.2451,13611.634998301,0
GOP,D,20200604,000000,32.2497,32.7393,31.7112,31.8098,8846.3155669783,0
GOP,D,20200605,000000,32.3133,32.5199,31.6209,32.34,11574.932701527,0
GOP,D,20200608,000000,32.5199,32.5199,31.0823,32.2497,23847.202770907,0
GOP,D,20200609,000000,32.5199,32.8786,31.7555,32.34,15097.408239292,0
GOP,D,20200610,000000,32.5199,33.0132,31.9805,32.6988,8456.9779074779,0
GOP,D,20200612,000000,31.217,32.6988,31.181,32.6988,6170.8392271799,0
GOP,D,20200615,000000,32.6988,32.6988,31.8006,32.0699,4025.6863288738,0
GOP,D,20200616,000000,32.34,32.6988,31.9805,32.6093,3570.1938024387,0
GOP,D,20200617,000000,32.5559,32.6093,32.115,32.5015,3350.0390813284,0
GOP,D,20200618,000000,32.6988,39.9758,32.5199,39.9758,107768.44724852,0
GOP,D,20200619,000000,40.4064,42.6258,38.4663,40.4249,98679.202334113,0
GOP,D,20200622,000000,40.4249,41.3229,36.6969,37.8467,30887.815822374,0
GOP,D,20200623,000000,37.8559,39.1672,36.8315,37.7296,15014.985782128,0
GOP,D,20200624,000000,38.5383,39.0777,36.8315,38.1068,17499.589063229,0
GOP,D,20200625,000000,38.5383,38.5383,36.8315,37.6401,9305.0616114594,0
GOP,D,20200626,000000,37.6845,37.7296,36.6518,36.6518,11928.481662523,0
GOP,D,20200629,000000,36.6518,37.2806,34.8555,34.945,15799.083631205,0
GOP,D,20200630,000000,34.945,36.3824,34.945,35.0529,10937.243164518,0
GOP,D,20200701,000000,35.9335,35.9335,35.0529,35.3765,3143.9829384173,0
GOP,D,20200702,000000,35.394,37.5498,35.0529,36.9754,10403.66620498,0
GOP,D,20200703,000000,36.98,39.8855,36.98,39.0777,23183.48508953,0
GOP,D,20200706,000000,39.0777,41.2335,38.7356,41.2243,26023.806343657,0
GOP,D,20200707,000000,41.0537,42.0375,39.5268,39.89,21196.670069461,0
GOP,D,20200708,000000,39.8771,39.8771,38.637,38.7181,6636.0923077529,0
GOP,D,20200709,000000,38.8979,39.4816,37.82,38.6278,11288.623113483,0
GOP,D,20200710,000000,39.4364,39.4364,36.5623,37.6401,10236.652278621,0
GOP,D,20200713,000000,36.8767,38.1787,36.8315,37.2806,6819.3738243422,0
GOP,D,20200714,000000,37.7296,37.7296,35.5204,36.3824,10104.342544751,0
GOP,D,20200715,000000,35.9335,36.5439,35.4844,35.843,6555.8388626191,0
GOP,D,20200716,000000,35.843,35.843,35.0344,35.5738,5891.036675227,0
GOP,D,20200717,000000,35.5286,35.5286,33.3276,34.6757,12277.692599455,0
GOP,D,20200720,000000,33.5978,33.7776,32.6093,33.0583,14407.662413548,0
GOP,D,20200721,000000,33.0583,33.0583,31.4411,32.7891,25723.398177414,0
GOP,D,20200722,000000,32.7891,36.7863,32.34,34.5853,36615.092089288,0
GOP,D,20200723,000000,34.5853,35.0344,32.5199,33.5978,25154.03251937,0
GOP,D,20200724,000000,32.7983,33.2382,32.34,32.34,8631.5833759446,0
GOP,D,20200727,000000,32.5199,32.6988,31.9805,32.34,13214.705796694,0
GOP,D,20200728,000000,32.1603,32.34,31.4595,31.891,13929.395260791,0
GOP,D,20200729,000000,32.34,34.5853,32.34,33.418,18522.278235678,0
GOP,D,20200730,000000,33.7776,33.7776,31.4411,32.2055,13021.663725967,0
GOP,D,20200731,000000,31.9629,33.2198,31.5895,31.5895,7400.6690485546,0
GOP,D,20200803,000000,33.229,33.229,31.5406,32.1603,5058.13605546,0
GOP,D,20200804,000000,32.1603,32.34,31.5406,32.34,4361.8831936235,0
GOP,D,20200805,000000,32.6315,32.7891,31.8993,32.0256,4171.0101349269,0
GOP,D,20200806,000000,32.0699,33.9565,32.0256,33.2382,7861.5841050663,0
GOP,D,20200807,000000,33.2382,33.2382,32.0791,32.34,3942.179365694,0
GOP,D,20200810,000000,32.0699,33.1303,32.0339,32.34,1036.7877506475,0
GOP,D,20200811,000000,32.34,32.7891,32.2497,32.2497,2056.2234050498,0
GOP,D,20200812,000000,32.3308,32.5107,31.7112,31.7555,3062.6449872682,0
GOP,D,20200813,000000,31.7647,32.34,31.7647,31.8458,2069.2374772336,0
GOP,D,20200814,000000,31.7204,32.5199,31.7204,31.8098,4780.5025155376,0
GOP,D,20200817,000000,32.34,34.0468,31.8458,33.2382,7878.9362013115,0
GOP,D,20200818,000000,33.6873,33.6873,32.3484,32.6093,7073.1482319275,0
GOP,D,20200819,000000,32.3576,33.5074,32.0699,32.7983,3390.1658038953,0
GOP,D,20200820,000000,33.2382,33.3276,31.9897,33.2382,4010.5032446593,0
GOP,D,20200821,000000,33.2382,35.0344,32.34,35.0344,61968.673715476,0
GOP,D,20200824,000000,35.3045,36.7863,33.2382,35.6633,13219.043820755,0
GOP,D,20200825,000000,36.1132,36.1132,34.1363,34.2709,5220.8119577582,0
GOP,D,20200826,000000,34.1363,34.7651,33.7776,34.5678,1464.0831206842,0
GOP,D,20200827,000000,34.6305,34.945,34.1363,34.2267,1353.4635071214,0
GOP,D,20200828,000000,35.9335,36.1132,35.0344,35.843,9895.0328837943,0
GOP,D,20200831,000000,37.7296,37.7296,34.8638,35.843,5317.3329931218,0
GOP,D,20200901,000000,35.843,35.843,33.6965,34.4056,1661.4632154727,0
GOP,D,20200902,000000,34.5899,34.8555,33.2556,33.8938,1911.984105012,0
GOP,D,20200903,000000,34.7835,34.7835,33.2382,33.2382,3817.461173932,0
GOP,D,20200904,000000,33.1487,33.6781,32.4295,33.229,2725.3636165032,0
GOP,D,20200907,000000,33.6873,33.6873,32.5281,33.193,2119.1247539384,0
GOP,D,20200908,000000,33.0583,33.0583,31.5314,32.34,7147.9791469847,0
GOP,D,20200909,000000,31.9353,32.8703,31.7112,32.8703,1716.7730222541,0
GOP,D,20200910,000000,33.1487,33.1487,32.34,32.969,800.36543930734,0
GOP,D,20200911,000000,32.9643,32.9643,32.34,32.7707,2577.8707984195,0
GOP,D,20200914,000000,32.7661,32.7891,32.0699,32.5199,5797.7691579093,0
GOP,D,20200915,000000,32.7845,32.7891,31.9805,32.6988,3043.1238789924,0
GOP,D,20200916,000000,32.7891,32.7891,32.3576,32.7347,764.57674080173,0
GOP,D,20200917,000000,32.7891,32.7891,31.891,32.0699,5997.3182647285,0
GOP,D,20200918,000000,32.7439,32.7439,31.8098,31.891,2890.2085308321,0
GOP,D,20200921,000000,31.985,32.5199,31.6661,31.6661,2581.1243164654,0
GOP,D,20200922,000000,32.2636,32.2636,30.5429,31.8006,6220.7265038847,0
GOP,D,20200923,000000,31.4641,31.8274,30.6333,31.4374,13935.902296883,0
GOP,D,20200924,000000,31.4374,31.4374,30.3631,30.3631,2634.2651112162,0
GOP,D,20200925,000000,29.6983,30.5429,26.9496,29.4199,6949.5145461808,0
GOP,D,20200928,000000,29.6449,29.6449,28.7467,29.5554,4000.7426905214,0
GOP,D,20200929,000000,29.5554,31.1543,29.465,30.5429,4287.0522785663,0
GOP,D,20200930,000000,31.4411,32.6988,31.1718,31.891,8361.5413781296,0
GOP,D,20201001,000000,31.7112,31.7112,28.5401,28.8361,17859.645060316,0
GOP,D,20201002,000000,28.5448,28.7467,27.2558,27.7583,8194.52745177,0
GOP,D,20201005,000000,27.1294,29.241,27.1294,28.8361,2859.8423624031,0
GOP,D,20201006,000000,29.1054,29.631,27.5969,29.1958,9327.8362377811,0
GOP,D,20201007,000000,28.0367,29.6273,28.0367,28.7467,1044.3792927547,0
GOP,D,20201008,000000,28.2617,28.9266,27.8486,28.7421,6485.3459716232,0
GOP,D,20201009,000000,28.9266,28.9266,27.5784,27.8486,2542.0820999138,0
GOP,D,20201012,000000,27.8486,27.8486,27.04,27.3903,2816.4621217902,0
GOP,D,20201013,000000,27.3903,27.4844,25.1534,25.3148,10450.299963639,0
GOP,D,20201014,000000,25.9436,25.9436,24.6592,25.0188,15043.182938526,0
GOP,D,20201015,000000,25.063,25.063,22.5568,23.3562,11245.24287287,0
GOP,D,20201016,000000,22.6472,24.6859,22.5476,23.7519,5155.7415968389,0
GOP,D,20201019,000000,24.6859,24.6859,23.0962,23.7159,1633.2660590743,0
GOP,D,20201020,000000,23.3562,23.5268,22.9256,23.1322,1408.7733139028,0
GOP,D,20201021,000000,23.7159,23.7159,22.4849,23.3517,2085.5050674634,0
GOP,D,20201022,000000,23.0418,23.1765,22.5476,22.9524,1700.5054320243,0
GOP,D,20201023,000000,22.9072,22.9072,21.9196,22.8537,11492.510244363,0
GOP,D,20201026,000000,23.348,23.348,21.9547,22.2783,1415.2803499947,0
GOP,D,20201027,000000,22.3235,22.413,21.9196,22.3235,1843.6602260467,0
GOP,D,20201028,000000,21.9196,21.9196,19.8173,19.9427,6905.0497995527,0
GOP,D,20201029,000000,19.8532,20.5715,17.5177,19.4983,10937.243164518,0
GOP,D,20201030,000000,19.548,19.548,18.0561,18.2184,4248.0100620147,0
GOP,D,20201102,000000,18.2184,20.0368,18.0561,19.8532,4232.8269778002,0
GOP,D,20201103,000000,20.1133,20.212,19.0354,19.7584,1370.8156033665,0
GOP,D,20201104,000000,19.7629,20.5715,19.5564,19.7629,1523.7309515269,0
GOP,D,20201105,000000,19.1386,20.5715,19.1386,20.5715,2159.2514765053,0
GOP,D,20201106,000000,20.5715,20.5715,19.7629,20.212,2574.6172803735,0
GOP,D,20201109,000000,20.212,20.212,19.0446,19.3138,6668.6274882125,0
GOP,D,20201110,000000,19.359,19.8532,18.9552,19.8532,5096.0937659962,0
GOP,D,20201112,000000,19.8532,26.0515,19.3406,25.3332,40625.595333947,0
GOP,D,20201113,000000,26.0515,26.0515,22.827,24.5199,8775.8226759824,0
GOP,D,20201116,000000,24.5374,24.5421,22.9072,22.9976,6385.5714182136,0
GOP,D,20201117,000000,23.5407,23.8053,22.4582,23.3562,929.42165513061,0
GOP,D,20201118,000000,23.4467,23.4467,22.153,23.1765,1198.3791469304,0
GOP,D,20201119,000000,23.1765,23.3562,22.3235,23.3562,1114.8721837506,0
GOP,D,20201120,000000,23.3562,23.3562,22.3327,23.1728,854.59074007342,0
GOP,D,20201123,000000,23.1322,24.4258,22.3687,24.4166,2742.7157127483,0
GOP,D,20201124,000000,24.3899,24.4166,23.3562,24.2101,676.73175356068,0
GOP,D,20201125,000000,23.3562,24.165,23.087,23.6264,828.56259570571,0
GOP,D,20201126,000000,23.6264,23.6264,22.6647,23.3562,2006.336128345,0
GOP,D,20201127,000000,23.3562,24.165,22.6379,23.2668,1255.8579657424,0
GOP,D,20201130,000000,22.9072,22.9072,20.8685,21.2908,11605.298869956,0
GOP,D,20201201,000000,20.8325,22.4582,20.6619,20.8408,5247.9246081412,0
GOP,D,20201202,000000,21.0879,21.111,20.0958,20.6619,5731.6142909747,0
GOP,D,20201203,000000,21.3802,21.3802,20.141,20.141,1711.3504921775,0
GOP,D,20201204,000000,20.6619,20.6619,20.4904,20.4904,844.83018593553,0
GOP,D,20201207,000000,20.4904,21.1913,20.212,20.6619,3497.5318994122,0
GOP,D,20201208,000000,21.0206,21.111,20.4822,20.7154,1730.8716004533,0
GOP,D,20201209,000000,21.0206,21.3618,20.6619,21.0206,5946.3464820084,0
GOP,D,20201210,000000,21.0658,21.0658,18.9589,20.212,29506.155158855,0
GOP,D,20201211,000000,20.4822,20.6619,19.8532,20.567,28266.564783343,0
GOP,D,20201214,000000,20.5623,20.5623,19.3683,19.8976,4237.1650018615,0
GOP,D,20201215,000000,19.7629,20.2036,19.1341,19.6108,5589.5440029675,0
GOP,D,20201216,000000,20.2036,20.2036,19.359,19.5831,2032.3642727127,0
GOP,D,20201217,000000,19.5831,19.9427,19.3904,19.7629,5378.0653299798,0
GOP,D,20201218,000000,19.3185,19.9427,19.0446,19.4125,6292.3039008959,0
GOP,D,20201221,000000,18.685,19.4937,18.685,18.685,6013.5858549583,0
GOP,D,20201222,000000,18.685,19.7629,18.685,19.0538,28291.508421695,0
GOP,D,20201223,000000,19.4042,19.7547,18.8648,18.9552,9657.5260664389,0
GOP,D,20201228,000000,18.9635,18.9635,18.1548,18.1908,27419.565585376,0
GOP,D,20201229,000000,18.164,19.7629,18.164,18.3706,19403.981626134,0
GOP,D,20201230,000000,17.5444,19.1119,17.1405,18.6131,19239.136711805,0
GOP,D,20210104,000000,18.7754,20.6619,18.7662,20.1584,23465.456653514,0
GOP,D,20210105,000000,21.0206,21.56,19.5831,20.212,14974.859059561,0
GOP,D,20210107,000000,20.5181,21.56,19.7629,20.0368,26264.566679058,0
GOP,D,20210108,000000,20.6619,21.1018,19.9473,20.1225,8413.597666865,0
GOP,D,20210111,000000,20.6343,20.6619,19.8708,19.9741,12246.241925012,0
GOP,D,20210112,000000,20.6075,20.6075,20.0331,20.0773,2958.5324097973,0
GOP,D,20210113,000000,20.0773,20.5901,20.0773,20.5715,4015.9257747359,0
GOP,D,20210114,000000,20.626,21.111,20.3558,20.8408,5509.2905578337,0
GOP,D,20210115,000000,21.0658,21.3802,20.7514,21.2908,3812.0386438554,0
GOP,D,20210118,000000,23.1229,26.945,23.1229,26.945,71026.467955443,0
GOP,D,20210119,000000,27.3987,27.6689,24.7938,24.7938,30285.914983871,0
GOP,D,20210120,000000,24.9736,26.2221,24.7044,25.2428,7771.5701057946,0
GOP,D,20210121,000000,26.2221,26.8601,25.3332,26.8601,11488.172220302,0
GOP,D,20210122,000000,26.9496,27.8394,26.9496,27.8394,7478.7534816578,0
GOP,D,20210125,000000,27.8486,28.7108,27.8486,28.684,8322.499161578,0
GOP,D,20210126,000000,28.6564,28.6564,26.1502,27.3544,8799.6818083195,0
GOP,D,20210127,000000,26.7698,27.7583,24.2728,26.0247,15107.16879343,0
GOP,D,20210128,000000,25.5757,26.9496,23.8956,26.5909,7495.0210718876,0
GOP,D,20210129,000000,26.5725,26.5725,25.2612,26.0515,2469.4201968873,0
GOP,D,20210201,000000,25.6559,26.8601,25.6024,25.6116,3576.7008385307,0
GOP,D,20210202,000000,26.0515,26.8509,25.7822,26.7698,5611.234123274,0
GOP,D,20210203,000000,26.8509,27.4439,25.9981,26.0515,2482.4342690712,0
GOP,D,20210204,000000,26.0515,28.2073,25.9703,28.1178,14499.84542485,0
GOP,D,20210205,000000,28.1178,29.5554,28.1178,29.2852,11958.847830952,0
GOP,D,20210208,000000,29.0611,30.0939,27.5425,28.5577,13257.001531292,0
GOP,D,20210209,000000,28.5577,28.7375,27.04,27.8486,10191.103025977,0
GOP,D,20210210,000000,28.0275,28.2073,27.0482,27.0667,9046.9491798128,0
GOP,D,20210211,000000,27.0482,27.8486,26.9496,27.8486,9366.8784543327,0
GOP,D,20210212,000000,27.8486,27.8486,26.8601,27.3903,7678.302588477,0
GOP,D,20210215,000000,26.8242,28.2977,25.2428,28.2977,16023.576376377,0
GOP,D,20210216,000000,28.2073,28.2977,27.8394,27.8394,4388.9958440065,0
GOP,D,20210217,000000,27.4171,28.2977,25.7371,27.8486,11988.129493365,0
GOP,D,20210218,000000,27.9381,29.5554,26.141,26.9496,42054.974262141,0
GOP,D,20210219,000000,22.3687,22.8713,20.212,22.0091,196529.84207252,0
GOP,D,20210222,000000,21.56,21.56,19.4042,20.0506,100864.48195499,0
GOP,D,20210223,000000,20.0413,20.1225,18.4471,19.3138,34069.756471328,0
GOP,D,20210224,000000,19.6735,20.2396,19.3138,20.212,21670.599198157,0
GOP,D,20210225,000000,20.212,20.3023,19.8532,19.9427,3677.5598979556,0
GOP,D,20210226,000000,19.5831,19.7629,19.3138,19.4937,9844.0611010742,0
GOP,D,20210301,000000,20.2036,20.4822,18.9552,19.4042,10216.04666433,0
GOP,D,20210302,000000,19.8976,19.8976,19.4042,19.7629,3204.7152752753,0
GOP,D,20210303,000000,19.6735,19.6735,19.1793,19.2244,3634.1796573427,0
GOP,D,20210304,000000,19.0806,19.2059,18.4158,19.1977,6474.50091147,0
GOP,D,20210305,000000,19.6735,19.6735,18.2,18.4563,16232.886037334,0
GOP,D,20210308,000000,18.6583,18.8113,18.4518,18.6407,5745.7128691739,0
GOP,D,20210309,000000,18.8381,19.655,18.5236,19.2871,6732.6133431165,0
GOP,D,20210310,000000,19.2917,19.2917,18.5596,18.685,6800.9372220818,0
GOP,D,20210311,000000,18.7754,19.3138,18.5955,18.685,3380.4052497574,0
GOP,D,20210312,000000,18.685,18.7929,17.6975,18.3263,37591.147503078,0
GOP,D,20210315,000000,18.3263,18.4065,18.0119,18.3171,10684.553262949,0
GOP,D,20210316,000000,18.1465,18.236,17.7417,17.8764,16624.392708865,0
GOP,D,20210317,000000,17.9667,17.9667,16.8076,17.2926,12220.213780644,0
GOP,D,20210318,000000,17.3378,17.8764,17.3378,17.7869,3295.8137805624,0
GOP,D,20210319,000000,17.8764,17.8764,17.5177,17.6071,1377.3226394584,0
GOP,D,20210322,000000,17.6071,18.8648,17.6071,18.6407,11072.806416434,0
GOP,D,20210323,000000,18.8473,18.8648,17.2475,17.8044,3628.7571272661,0
GOP,D,20210324,000000,18.5052,18.5052,17.7417,17.8321,992.32300401927,0
GOP,D,20210325,000000,18.3263,18.5052,17.6071,18.236,1936.9277433644,0
GOP,D,20210326,000000,18.3263,18.3263,17.715,18.3171,506.46430915519,0
GOP,D,20210329,000000,18.3171,18.5052,18.1465,18.1465,5042.9529712455,0
GOP,D,20210330,000000,17.9648,18.5504,17.9648,18.1281,2005.2516223296,0
GOP,D,20210331,000000,18.0119,18.5052,17.6256,17.7869,9224.8081663256,0
GOP,D,20210401,000000,17.8044,17.8044,16.2775,17.7509,8728.1044113083,0
GOP,D,20210406,000000,17.2659,17.679,16.7624,17.2475,8802.9353263655,0
GOP,D,20210407,000000,17.4273,17.7869,17.4273,17.6071,2512.8004375002,0
GOP,D,20210408,000000,17.6071,17.7869,17.5177,17.7869,3491.0248633202,0
GOP,D,20210409,000000,17.7869,17.9667,17.2475,17.6975,3097.3491797585,0
GOP,D,20210412,000000,17.715,17.715,16.9782,17.2475,6870.3456070624,0
GOP,D,20210413,000000,17.4273,17.4273,17.1221,17.3913,5938.7549399011,0
GOP,D,20210414,000000,17.194,17.3378,17.0686,17.2475,2183.1106088424,0
GOP,D,20210415,000000,17.2475,17.2475,16.9782,17.0686,7328.0071455281,0
GOP,D,20210416,000000,17.2475,17.4273,17.0686,17.3738,2208.0542471948,0
GOP,D,20210419,000000,17.4273,17.5177,16.6187,16.9247,7281.3733868692,0
GOP,D,20210420,000000,16.8703,16.8703,16.6371,16.6371,2537.7440758526,0
GOP,D,20210421,000000,16.6371,16.8703,16.5292,16.8703,2920.5746992611,0
GOP,D,20210422,000000,16.8703,16.8888,16.3678,16.3678,2087.6740794941,0
GOP,D,20210423,000000,16.3678,16.709,16.2775,16.4398,978.22442582009,0
GOP,D,20210426,000000,16.2415,16.2415,15.4688,16.0617,7210.8804958733,0
GOP,D,20210427,000000,16.0801,16.0801,14.8224,15.3978,10233.398760575,0
GOP,D,20210428,000000,15.2715,15.3794,14.9303,15.2715,5371.5582938879,0
GOP,D,20210429,000000,15.0916,15.2355,15.0916,15.1821,1189.7030988078,0
GOP,D,20210430,000000,15.1821,15.2715,15.0198,15.2715,3569.1092964234,0
GOP,D,20210504,000000,15.2715,15.2715,14.9303,15.1995,3937.8413416327,0
GOP,D,20210505,000000,15.1995,15.1995,14.9303,14.9479,2179.8570907964,0
GOP,D,20210506,000000,14.9479,15.0022,13.7621,13.7979,11647.594604554,0
GOP,D,20210507,000000,13.7979,13.7979,13.4753,13.5832,5853.0789646907,0
GOP,D,20210510,000000,13.5287,13.5647,13.1332,13.5472,7886.5277434187,0
GOP,D,20210511,000000,13.5472,13.8339,13.4753,13.8339,4000.7426905214,0
GOP,D,20210512,000000,13.8339,14.283,13.6542,13.7979,3453.067152784,0
GOP,D,20210513,000000,13.7979,13.9778,13.1691,13.6191,2758.9833029782,0
GOP,D,20210514,000000,13.1691,13.7979,13.1691,13.7979,1606.1534086913,0
GOP,D,20210517,000000,13.7979,13.9058,13.4753,13.8699,651.78811520828,0
GOP,D,20210518,000000,13.8524,13.8524,13.6542,13.6542,481.52067080279,0
GOP,D,20210519,000000,13.6901,13.7445,13.5113,13.5647,535.74597156887,0
GOP,D,20210520,000000,13.5287,14.1936,13.1875,14.1936,2866.349398495,0
GOP,D,20210521,000000,14.1936,14.3733,14.1041,14.3733,2148.4064163521,0
GOP,D,20210524,000000,14.3733,14.7145,14.1401,14.4453,1610.4914327526,0
GOP,D,20210525,000000,14.6427,14.8224,14.3733,14.7864,2829.4761939741,0
GOP,D,20210526,000000,14.769,14.769,14.0497,14.4453,4781.587021553,0
GOP,D,20210527,000000,14.3549,14.3549,13.2411,13.8164,3943.2638717094,0
GOP,D,20210528,000000,13.6542,13.9244,13.6542,13.9244,2989.9830842417,0
GOP,D,20210531,000000,14.3733,14.4453,13.4753,13.4753,5768.4874954956,0
GOP,D,20210601,000000,13.7621,14.3189,13.3314,14.0497,946.77375137576,0
GOP,D,20210602,000000,14.283,14.3733,14.0681,14.3733,842.66117390489,0
GOP,D,20210604,000000,14.3733,14.5348,14.0137,14.0137,1736.2941305299,0
GOP,D,20210607,000000,14.0137,14.3015,13.6191,14.283,1630.0125410284,0
GOP,D,20210608,000000,14.283,14.283,13.9244,14.0137,951.11177543705,0
GOP,D,20210609,000000,14.2655,14.3733,14.0137,14.283,2283.9696682673,0
GOP,D,20210610,000000,14.283,14.283,13.3314,13.6542,8558.9214729181,0
GOP,D,20210611,000000,13.6542,13.6542,13.5832,13.6542,2534.4905578066,0
GOP,D,20210614,000000,13.6542,13.6542,13.4753,13.4753,3184.1096609842,0
GOP,D,20210615,000000,13.6366,13.6542,13.4753,13.6366,540.08399563016,0
GOP,D,20210616,000000,13.6191,13.6542,13.4753,13.6542,2328.4344148955,0
GOP,D,20210617,000000,13.6542,13.6542,13.1156,13.1156,8815.9493985493,0
GOP,D,20210618,000000,13.1332,13.3849,13.1332,13.3674,1092.0975574289,0
GOP,D,20210621,000000,13.3674,13.3674,12.7201,13.1332,3148.3209624786,0
GOP,D,20210622,000000,13.1332,13.4393,12.756,13.4393,999.91454612652,0
GOP,D,20210623,000000,13.0262,13.4568,13.0262,13.2235,566.11213999788,0
GOP,D,20210624,000000,13.4568,13.4753,13.4393,13.4753,1879.4489245523,0
GOP,D,20210625,000000,13.4753,13.4753,13.2954,13.2954,537.91498359952,0
GOP,D,20210628,000000,13.4753,13.4753,13.2954,13.3849,169.18293839017,0
GOP,D,20210629,000000,13.3849,13.3849,13.2954,13.2954,571.53467007449,0
GOP,D,20210630,000000,13.4568,13.4568,13.2954,13.4568,645.28107911635,0
GOP,D,20210701,000000,13.4568,13.4753,13.3849,13.4393,1434.8014582705,0
GOP,D,20210702,000000,13.4393,13.4753,13.4033,13.4033,1876.1954065064,0
GOP,D,20210705,000000,13.3849,13.4753,13.2954,13.2954,2684.152387921,0
GOP,D,20210706,000000,13.3314,13.4753,13.277,13.4753,2089.8430915247,0
GOP,D,20210707,000000,13.313,13.4753,13.0612,13.4753,5714.2621947295,0
GOP,D,20210708,000000,13.4753,13.4753,13.2051,13.4753,6701.1626686722,0
GOP,D,20210709,000000,13.4753,13.4753,13.4568,13.4753,309.08421436666,0
GOP,D,20210712,000000,13.4753,13.4753,13.0262,13.4393,1544.336565818,0
GOP,D,20210713,000000,13.4393,13.4393,12.9902,12.9902,2950.9408676901,0
GOP,D,20210714,000000,13.1332,13.4209,12.9902,12.9902,1429.3789281939,0
GOP,D,20210715,000000,13.2954,13.2954,13.0262,13.277,594.30929639624,0
GOP,D,20210716,000000,13.0262,13.2051,12.7385,13.2051,2111.5332118312,0
GOP,D,20210719,000000,12.9543,13.2051,12.8464,12.9718,996.66102808055,0
GOP,D,20210720,000000,12.8464,13.3674,12.756,12.756,1799.1954794185,0
GOP,D,20210721,000000,13.0262,13.0262,12.7201,12.756,1592.0548304921,0
GOP,D,20210722,000000,12.9359,12.9359,12.756,12.9359,534.66146555355,0
GOP,D,20210723,000000,13.0262,13.0262,13.0262,13.0262,2.1690120306432,0
GOP,D,20210726,000000,13.0262,13.0262,12.756,13.0262,643.11206708571,0
GOP,D,20210727,000000,13.0262,13.0262,12.792,12.8823,827.47808969038,0
GOP,D,20210728,000000,13.0262,13.0262,10.6002,10.78,30474.619030537,0
GOP,D,20210729,000000,11.0492,11.2825,10.744,10.7616,31885.56135647,0
GOP,D,20210730,000000,11.1396,11.1396,10.7616,11.1036,2622.3355450476,0
GOP,D,20210802,000000,11.2291,11.5887,9.25306,10.223,56036.425811667,0
GOP,D,20210803,000000,10.2046,10.2046,9.9354,10.1512,2739.4621947024,0
GOP,D,20210804,000000,10.1687,10.1687,9.66615,9.88194,5612.3186292893,0
GOP,D,20210805,000000,10.78,10.78,9.97139,10.7081,4993.0656945407,0
GOP,D,20210806,000000,10.7081,10.78,10.4204,10.78,4167.7566168809,0
GOP,D,20210809,000000,10.5827,11.0133,10.5827,10.78,2667.8847976911,0
GOP,D,20210810,000000,10.9958,10.9958,10.5108,10.6897,1413.1113379641,0
GOP,D,20210811,000000,10.7256,10.7256,10.6897,10.7256,1335.0269048609,0
GOP,D,20210812,000000,10.7256,10.7256,10.259,10.295,3435.7150565388,0
GOP,D,20210813,000000,10.295,10.6721,10.2406,10.6721,5411.6850164548,0
GOP,D,20210816,000000,10.2766,10.6721,10.2766,10.3669,2878.2789646635,0
GOP,D,20210817,000000,10.3669,10.78,10.3669,10.78,4191.615749218,0
GOP,D,20210818,000000,10.6897,10.78,10.3669,10.6002,3165.6730587238,0
GOP,D,20210819,000000,10.3309,10.4924,10.0617,10.4564,5369.3892818573,0
GOP,D,20210820,000000,10.4564,10.4564,10.1687,10.1871,2064.8994531723,0
GOP,D,20210823,000000,10.3845,10.852,9.88194,10.852,9614.145825826,0
GOP,D,20210824,000000,10.7081,10.852,10.3485,10.4564,5089.5867299043,0
GOP,D,20210825,000000,10.9958,11.301,10.4388,11.2291,12757.044258228,0
GOP,D,20210826,000000,11.2475,11.373,10.9413,11.2291,4513.7140357685,0
GOP,D,20210827,000000,11.2291,11.3185,10.7081,10.9413,5170.9246810534,0
GOP,D,20210830,000000,11.2651,11.301,10.7081,11.0492,1338.2804229069,0
GOP,D,20210831,000000,11.1036,11.1036,10.7081,10.744,2428.2089683051,0
GOP,D,20210901,000000,11.0318,11.0318,10.6002,10.9599,4191.615749218,0
GOP,D,20210902,000000,10.9413,11.1036,10.7616,10.852,1816.5475756637,0
GOP,D,20210903,000000,11.0678,11.0678,10.7616,11.0492,504.29529712455,0
GOP,D,20210906,000000,11.2291,11.3904,11.1212,11.2291,7284.6269049152,0
GOP,D,20210907,000000,11.1396,11.2291,10.8335,10.9054,1425.0409041326,0
GOP,D,20210908,000000,11.2475,12.1816,11.0492,11.7685,6320.5010572943,0
GOP,D,20210909,000000,11.7861,12.0377,11.7861,11.9834,3238.3349617503,0
GOP,D,20210910,000000,11.9834,12.0018,11.6062,11.6062,4361.8831936235,0
GOP,D,20210913,000000,11.6062,11.9834,11.5527,11.9834,2307.8288006044,0
GOP,D,20210914,000000,12.0193,12.0377,11.5887,11.8579,2019.3502005288,0
GOP,D,20210915,000000,12.153,12.153,11.1572,11.4338,6811.782282235,0
GOP,D,20210916,000000,11.4338,11.5444,11.0834,11.5444,3945.43288374,0
GOP,D,20210917,000000,11.0649,11.4891,11.0649,11.3415,1040.0412686934,0
GOP,D,20210920,000000,11.3047,11.3047,10.8805,11.2309,2700.4199781508,0
GOP,D,20210921,000000,11.2309,11.5444,10.6224,11.5444,2262.2795479609,0
GOP,D,20210922,000000,12.0792,12.0792,10.8805,11.9132,1314.4212905698,0
GOP,D,20210923,000000,11.7842,12.0608,11.1202,11.8764,4191.615749218,0
GOP,D,20210924,000000,11.9685,11.9685,11.526,11.7657,793.85840321541,0
GOP,D,20210927,000000,11.7657,12.0977,11.36,12.0977,4094.0102078391,0
GOP,D,20210928,000000,12.0977,12.1345,11.36,11.6182,3437.8840685695,0
GOP,D,20210929,000000,12.319,12.319,11.3785,11.8948,2856.5888443571,0
GOP,D,20210930,000000,12.2084,12.4296,11.526,12.0792,2969.3774699506,0
GOP,D,20211001,000000,12.1714,12.1714,11.9871,11.9871,4919.3192854988,0
GOP,D,20211004,000000,11.9871,12.2637,11.9871,12.0792,1712.4349981928,0
GOP,D,20211005,000000,11.7104,12.1345,11.6551,12.0792,567.1966460132,0
GOP,D,20211006,000000,12.4112,12.4112,11.7104,11.7104,1066.0694130611,0
GOP,D,20211007,000000,11.9871,11.9871,11.8764,11.8764,809.04148742992,0
GOP,D,20211008,000000,11.9871,11.9871,11.7472,11.7657,662.6331753615,0
GOP,D,20211011,000000,11.7657,12.153,11.7104,11.8026,2100.6881516779,0
GOP,D,20211012,000000,11.6182,11.8948,10.5117,11.526,3149.4054684939,0
GOP,D,20211013,000000,11.5444,11.7104,11.1572,11.6919,3460.6586948912,0
GOP,D,20211014,000000,11.6735,11.7657,11.3415,11.5075,1945.603791487,0
GOP,D,20211015,000000,11.526,11.7657,11.36,11.3785,2302.4062705278,0
GOP,D,20211018,000000,11.3047,11.3785,11.2494,11.2494,786.26686110816,0
GOP,D,20211019,000000,11.2494,11.4891,10.8068,11.4338,4471.418301171,0
GOP,D,20211020,000000,11.3231,11.3231,10.7884,11.0649,1215.7312431755,0
GOP,D,20211021,000000,11.0649,11.1202,10.2351,10.6039,7592.6266132666,0
GOP,D,20211022,000000,10.6039,10.8252,10.4564,10.4564,1265.6185198803,0
GOP,D,20211025,000000,10.8805,10.9543,10.6039,10.6039,1564.9421801091,0
GOP,D,20211026,000000,10.8805,10.8805,10.5117,10.6039,2159.2514765053,0
GOP,D,20211027,000000,10.8805,10.8805,10.3642,10.5486,2314.3358366963,0
GOP,D,20211028,000000,10.5486,10.6592,9.79249,10.3088,10593.454757661,0
GOP,D,20211029,000000,10.5117,10.5117,9.82936,10.0138,9957.934232683,0
GOP,D,20211102,000000,9.84779,9.95849,9.49741,9.95849,12624.734524358,0
GOP,D,20211103,000000,9.49741,9.84779,9.49741,9.84779,3589.7149107145,0
GOP,D,20211104,000000,9.75563,9.77406,9.68183,9.75563,2704.7580022121,0
GOP,D,20211105,000000,9.77406,9.94005,9.77406,9.94005,1856.6742982306,0
GOP,D,20211108,000000,9.94005,10.3088,9.86622,9.88466,11667.11571283,0
GOP,D,20211109,000000,9.88466,10.0691,9.313,9.4052,7363.7958440337,0
GOP,D,20211110,000000,9.4052,9.4052,8.85195,9.313,13015.156689874,0
GOP,D,20211112,000000,9.22078,9.49741,9.03637,9.03637,6256.5152023903,0
GOP,D,20211115,000000,9.27611,9.29455,9.12858,9.22078,12554.241633362,0
GOP,D,20211116,000000,9.12858,9.19312,8.94416,9.19312,6310.7405031564,0
GOP,D,20211117,000000,9.20235,9.20235,8.89806,9.08248,1623.5055049364,0
GOP,D,20211118,000000,9.14702,9.20235,8.89806,9.12858,2152.7444404134,0
GOP,D,20211119,000000,9.20235,9.20235,8.75975,8.75975,4386.8268319759,0
GOP,D,20211122,000000,9.02715,9.02715,8.54767,8.74131,2494.3638352397,0
GOP,D,20211123,000000,8.67676,9.03637,8.57533,9.03637,3787.095005503,0
GOP,D,20211124,000000,9.03637,9.03637,8.71365,8.88884,732.04156034208,0
GOP,D,20211125,000000,9.00871,9.00871,8.63988,8.75975,4343.446591363,0
GOP,D,20211126,000000,8.94416,8.94416,8.31715,8.48312,4461.6577470331,0
GOP,D,20211129,000000,8.32637,8.85195,8.13273,8.43702,5079.8261757664,0
GOP,D,20211130,000000,8.46469,8.48312,8.46469,8.48312,1310.0832665085,0
GOP,D,20211201,000000,8.43702,8.43702,8.39092,8.4278,412.11228582221,0
GOP,D,20211202,000000,8.43702,8.43702,8.23416,8.33559,2301.3217645124,0
GOP,D,20211203,000000,8.23416,8.39092,8.11429,8.21572,6035.2759752647,0
GOP,D,20211206,000000,7.83767,8.29871,7.83767,8.22494,3263.2786001027,0
GOP,D,20211207,000000,8.29871,9.20235,8.1604,9.12858,14365.36667895,0
GOP,D,20211208,000000,9.12858,9.20235,8.99027,9.20235,4651.4462997144,0
GOP,D,20211209,000000,9.36832,9.36832,9.22078,9.22078,1348.0409770448,0
GOP,D,20211210,000000,9.22078,9.36832,8.44625,9.0917,7040.6130514679,0
GOP,D,20211213,000000,9.27611,9.27611,8.51079,8.96261,6482.0924535772,0
GOP,D,20211214,000000,8.53845,8.94416,8.48312,8.66754,1294.900182294,0
GOP,D,20211215,000000,8.66754,8.66754,7.83767,8.49235,3710.0950784152,0
GOP,D,20211216,000000,8.48312,8.48312,8.16962,8.4739,1768.8293109895,0
GOP,D,20211217,000000,8.39092,8.39092,8.02209,8.04975,3432.4615384929,0
GOP,D,20211220,000000,8.04975,8.39092,8.0313,8.0313,5394.3329202097,0
GOP,D,20211221,000000,8.02209,8.30793,8.02209,8.18806,3521.3910317492,0
GOP,D,20211222,000000,8.02209,8.46469,7.96676,8.39092,14205.944294698,0
GOP,D,20211223,000000,8.02209,8.2065,7.75468,8.2065,14572.507327877,0
GOP,D,20211227,000000,8.2065,8.2065,7.7639,7.79157,9024.1745534911,0
GOP,D,20211228,000000,7.79157,7.92987,7.79157,7.79157,18388.883995793,0
GOP,D,20211229,000000,8.18806,8.85195,7.79157,8.75975,4372.7282537767,0
GOP,D,20211230,000000,8.75975,9.03637,8.36326,8.75975,4144.9819905592,0
GOP,D,20220103,000000,8.82429,8.83352,8.2065,8.65832,737.46409041869,0
GOP,D,20220104,000000,8.65832,8.75975,8.39092,8.52001,4903.051695269,0
GOP,D,20220105,000000,8.30793,8.53845,8.2065,8.23416,3526.8135618259,0
GOP,D,20220107,000000,8.46469,8.55689,8.14196,8.29871,1718.9420342847,0
GOP,D,20220110,000000,8.73209,8.73209,8.43702,8.6491,1812.2095516024,0
GOP,D,20220111,000000,8.66754,9.11935,8.40013,9.11935,48372.221801389,0
GOP,D,20220112,000000,9.11935,9.12858,8.80585,9.12858,13866.493911902,0
GOP,D,20220113,000000,9.12858,9.12858,8.99027,9.11935,4176.4326650035,0
GOP,D,20220114,000000,9.11935,9.19312,8.81508,9.03637,8512.2877142593,0
GOP,D,20220117,000000,9.11935,9.19312,9.10092,9.19312,4421.5310244662,0
GOP,D,20220118,000000,9.17468,9.19312,8.85195,9.1378,2405.4343419833,0
GOP,D,20220119,000000,9.12858,9.12858,8.71365,9.08248,4565.770324504,0
GOP,D,20220120,000000,8.94416,9.01794,8.75052,9.01794,901.22449873225,0
GOP,D,20220121,000000,8.68598,8.88884,8.67676,8.82429,3130.9688662335,0
GOP,D,20220124,000000,8.82429,8.82429,8.11429,8.2065,8532.8933285504,0
GOP,D,20220125,000000,8.4739,8.4739,7.893,8.2526,841.57666788956,0
GOP,D,20220126,000000,8.28949,8.28949,8.2065,8.23416,584.54874225834,0
GOP,D,20220127,000000,8.06819,8.29871,8.06819,8.29871,966.29485965155,0
GOP,D,20220128,000000,8.29871,8.29871,8.06819,8.21572,585.63324827367,0
GOP,D,20220131,000000,8.28027,8.65832,8.27105,8.65832,1760.153262867,0
GOP,D,20220201,000000,8.75975,8.75975,8.48312,8.66754,582.3797302277,0
GOP,D,20220202,000000,8.66754,8.66754,8.21572,8.63066,2012.8431644369,0
GOP,D,20220203,000000,8.29871,8.57533,8.10507,8.29871,683.23878965261,0
GOP,D,20220204,000000,8.12352,8.52923,8.0313,8.52923,1198.3791469304,0
GOP,D,20220207,000000,8.57533,8.57533,8.10507,8.44625,118.21115567005,0
GOP,D,20220208,000000,8.55689,8.55689,7.92987,8.2065,2001.9981042837,0
GOP,D,20220209,000000,8.35403,8.35403,8.0313,8.26183,289.56310609087,0
GOP,D,20220210,000000,8.26183,8.29871,8.23416,8.28949,874.11184834921,0
GOP,D,20220211,000000,8.29871,8.29871,7.70858,7.96676,3366.3066715583,0
GOP,D,20220214,000000,7.83767,8.11429,7.56104,7.64403,3501.8699234735,0
GOP,D,20220215,000000,7.70858,7.7639,7.55183,7.7639,1163.6749544401,0
GOP,D,20220216,000000,7.82844,8.01286,7.61637,7.84689,1970.5474298394,0
GOP,D,20220217,000000,7.79157,7.86533,7.65326,7.81923,1203.801677007,0
GOP,D,20220218,000000,7.65326,7.83767,7.56104,7.79157,1770.9983230202,0
GOP,D,20220221,000000,7.60715,7.82844,7.60715,7.82844,1054.1398468926,0
GOP,D,20220222,000000,7.60715,7.74546,7.50572,7.72702,1561.6886620631,0
GOP,D,20220223,000000,7.65326,7.65326,7.48728,7.65326,126.88720379263,0
GOP,D,20220224,000000,7.0078,7.34897,5.99351,6.65741,18600.36266878,0
GOP,D,20220225,000000,6.65741,7.21065,6.45455,7.21065,6507.0360919296,0
GOP,D,20220228,000000,7.21065,7.74546,6.74039,7.56104,2448.8145825962,0
GOP,D,20220301,000000,7.56104,7.59793,7.23832,7.59793,525.98541743098,0
GOP,D,20220302,000000,7.28442,7.73624,6.89715,7.55183,5777.1635436182,0
GOP,D,20220303,000000,7.55183,7.55183,7.37663,7.37663,19.521108275789,0
GOP,D,20220304,000000,7.37663,7.69014,7.16455,7.45961,692.99934379051,0
GOP,D,20220307,000000,7.28442,7.33053,7.0078,7.33053,893.632956625,0
GOP,D,20220308,000000,7.4504,7.4504,7.19221,7.33053,493.45023697133,0
GOP,D,20220309,000000,7.37663,7.64403,6.86026,7.28442,2710.1805322887,0
GOP,D,20220310,000000,7.28442,7.28442,7.28442,7.28442,219.07021509496,0
GOP,D,20220311,000000,7.28442,7.57949,7.19221,7.53338,793.85840321541,0
GOP,D,20220314,000000,7.28442,7.53338,7.05391,7.10001,3467.1657309832,0
GOP,D,20220315,000000,7.37663,7.37663,7.10001,7.10001,1030.2807145555,0
GOP,D,20220316,000000,7.0078,7.36741,7.0078,7.21988,258.11243164654,0
GOP,D,20220317,000000,7.25676,7.45961,7.25676,7.45961,1342.6184469681,0
GOP,D,20220318,000000,7.45961,7.46884,7.37663,7.4504,739.63310244933,0
GOP,D,20220321,000000,7.46884,7.46884,7.46884,7.46884,1170.181990532,0
GOP,D,20220322,000000,7.63481,7.94832,7.57949,7.83767,1211.3932191142,0
GOP,D,20220323,000000,7.90221,7.90221,7.42274,7.69014,1739.5476485759,0
GOP,D,20220324,000000,7.69014,7.69014,7.56104,7.64403,362.22500911742,0
GOP,D,20220325,000000,7.65326,7.87456,7.37663,7.87456,943.5202333298,0
GOP,D,20220328,000000,7.87456,7.87456,7.52417,7.83767,1125.7172439038,0
GOP,D,20220329,000000,7.92987,7.92987,7.46884,7.72702,1662.547721488,0
GOP,D,20220330,000000,7.65326,7.65326,7.37663,7.60715,1149.5763762409,0
GOP,D,20220331,000000,7.6256,7.64403,7.37663,7.57949,2373.983667539,0
GOP,D,20220401,000000,7.57949,7.57949,7.38585,7.53338,1053.0553408773,0
GOP,D,20220404,000000,7.53338,7.57027,7.30287,7.48728,2404.349835968,0
GOP,D,20220405,000000,7.4965,7.57027,6.74962,6.74962,10884.102369767,0
GOP,D,20220406,000000,7.04468,7.04468,6.46377,6.87871,6300.9799490185,0
GOP,D,20220407,000000,6.91559,7.0078,6.73118,6.99858,1568.195698155,0
GOP,D,20220408,000000,7.0078,7.0078,6.62052,6.89715,2701.5044841661,0
GOP,D,20220411,000000,6.97092,6.97092,6.62052,6.79572,2251.4344878076,0
GOP,D,20220412,000000,6.90637,6.95248,6.50066,6.88792,3261.1095880721,0
GOP,D,20220413,000000,7.0078,7.0078,6.62052,6.87871,1497.7028071591,0
GOP,D,20220414,000000,6.98935,6.98935,6.62052,6.80494,3141.8139263867,0
GOP,D,20220419,000000,6.93404,6.93404,6.58365,6.71273,2572.4482683428,0
GOP,D,20220420,000000,6.93404,6.93404,6.38079,6.62052,3777.3344513651,0
GOP,D,20220421,000000,6.7865,6.80494,6.39923,6.67585,4955.1079840044,0
GOP,D,20220422,000000,6.27013,6.76806,6.27013,6.76806,4744.713817032,0
GOP,D,20220425,000000,6.76806,6.76806,6.10416,6.38079,6272.7827926202,0
GOP,D,20220426,000000,6.52832,6.7865,6.10416,6.5652,2326.2654028648,0
GOP,D,20220427,000000,6.58365,6.58365,6.1226,6.32546,3134.2223842794,0
GOP,D,20220428,000000,6.45455,6.45455,6.1226,6.25169,2918.4056872304,0
GOP,D,20220429,000000,6.3439,6.45455,6.1226,6.45455,1556.2661319865,0
GOP,D,20220502,000000,6.45455,6.5652,6.17793,6.5652,384.99963543917,0
GOP,D,20220504,000000,6.5652,6.62052,6.39923,6.62052,1274.2945680029,0
GOP,D,20220505,000000,6.39923,6.69429,6.39923,6.54676,1054.1398468926,0
GOP,D,20220506,000000,6.54676,6.54676,6.27013,6.27013,558.52059789063,0
GOP,D,20220509,000000,6.65741,6.65741,6.10416,6.10416,1737.3786365452,0
GOP,D,20220510,000000,6.10416,6.63896,6.10416,6.45455,426.21086402139,0
GOP,D,20220511,000000,6.45455,6.45455,6.15949,6.41767,1807.8715275411,0
GOP,D,20220512,000000,6.45455,6.45455,6.17793,6.41767,1366.4775793052,0
GOP,D,20220513,000000,6.41767,6.43611,6.17793,6.43611,164.84491432888,0
GOP,D,20220516,000000,6.52832,6.52832,6.36235,6.36235,545.50652570677,0
GOP,D,20220517,000000,6.36235,6.36235,6.10416,6.36235,336.1968647497,0
GOP,D,20220518,000000,6.36235,6.43611,6.15949,6.36235,1707.0124681162,0
GOP,D,20220519,000000,6.43611,6.43611,5.99351,6.25169,561.77411593659,0
GOP,D,20220520,000000,6.25169,6.25169,5.99351,6.25169,259.19693766186,0
GOP,D,20220523,000000,6.25169,6.28858,6.23326,6.23326,434.88691214396,0
GOP,D,20220524,000000,6.28858,6.28858,6.08572,6.27013,153.99985417567,0
GOP,D,20220525,000000,6.28858,6.28858,6.0304,6.25169,1903.3080568894,0
GOP,D,20220526,000000,6.25169,6.27013,6.08572,6.27013,437.05592417461,0
GOP,D,20220527,000000,6.27013,6.27013,6.27013,6.27013,120.3801677007,0
GOP,D,20220530,000000,6.28858,6.28858,5.97507,6.25169,2664.6312796452,0
GOP,D,20220531,000000,6.32546,7.50572,6.32546,7.48728,19547.136420157,0
GOP,D,20220601,000000,7.2291,7.7639,6.7865,7.37663,10929.651622411,0
GOP,D,20220602,000000,7.37663,7.37663,7.02624,7.21065,1834.9841779242,0
GOP,D,20220603,000000,7.2291,7.2291,6.87871,6.87871,1653.8716733654,0
GOP,D,20220606,000000,6.84182,7.19221,6.84182,6.84182,657.21064528489,0
GOP,D,20220607,000000,7.15534,7.15534,6.74962,6.98935,1282.9706161255,0
GOP,D,20220608,000000,7.0078,7.0078,6.45455,6.45455,3521.3910317492,0
GOP,D,20220609,000000,6.91559,6.91559,6.36235,6.54676,2824.0536638975,0
GOP,D,20220610,000000,6.54676,6.54676,6.10416,6.45455,1766.6602989589,0
GOP,D,20220613,000000,6.45455,6.45455,5.8091,6.06727,7504.7816260255,0
GOP,D,20220614,000000,5.99351,6.32546,5.64313,6.25169,1159.3369303788,0
GOP,D,20220615,000000,6.25169,6.25169,6.08572,6.25169,274.38002187637,0
GOP,D,20220617,000000,6.23326,6.25169,6.17793,6.25169,1712.4349981928,0
GOP,D,20220620,000000,6.25169,6.54676,6.01196,6.54676,826.39358367506,0
GOP,D,20220621,000000,6.45455,6.62052,5.97507,6.5652,266.78847976911,0
GOP,D,20220622,000000,6.52832,6.52832,6.06727,6.25169,1087.7595333676,0
GOP,D,20220623,000000,6.43611,6.43611,5.91974,6.17793,596.47830842688,0
GOP,D,20220624,000000,6.17793,6.43611,5.99351,6.27013,4290.3057966123,0
GOP,D,20220627,000000,6.17793,6.60209,6.04883,6.19637,1555.1816259712,0
GOP,D,20220628,000000,6.45455,6.58365,6.06727,6.58365,455.49252643507,0
GOP,D,20220629,000000,6.5652,6.5652,6.06727,6.30702,1465.1676266995,0
GOP,D,20220630,000000,6.43611,6.43611,6.1226,6.27013,651.78811520828,0
GOP,D,20220701,000000,6.43611,6.43611,6.06727,6.25169,765.66124681705,0
GOP,D,20220704,000000,6.3439,6.3439,6.01196,6.19637,598.64732045753,0
GOP,D,20220705,000000,6.3439,6.3439,5.99351,6.21481,1297.0691943246,0
GOP,D,20220706,000000,6.32546,6.32546,6.01196,6.25169,582.3797302277,0
GOP,D,20220707,000000,6.32546,6.32546,6.08572,6.27013,443.56296026654,0
GOP,D,20220708,000000,6.27013,6.36235,6.19637,6.36235,784.09784907752,0
GOP,D,20220711,000000,6.45455,6.54676,6.28858,6.54676,1345.8719650141,0
GOP,D,20220712,000000,6.54676,6.54676,6.23326,6.43611,3550.6726941629,0
GOP,D,20220713,000000,6.54676,6.54676,6.36235,6.41767,450.06999635847,0
GOP,D,20220714,000000,6.43611,6.43611,6.21481,6.39923,124.71819176198,0
GOP,D,20220715,000000,6.39923,6.39923,6.19637,6.3439,292.81662413683,0
GOP,D,20220718,000000,6.43611,6.54676,6.08572,6.49143,3613.5740430516,0
GOP,D,20220719,000000,6.50988,6.50988,6.27013,6.30702,548.76004375273,0
GOP,D,20220720,000000,6.50988,6.50988,6.1226,6.27013,1708.0969741315,0
GOP,D,20220721,000000,6.52832,6.52832,6.17793,6.30702,1798.1109734032,0
GOP,D,20220722,000000,6.30702,6.86026,6.17793,6.86026,4450.8126868799,0
GOP,D,20220725,000000,6.58365,6.82338,6.58365,6.82338,685.40780168325,0
GOP,D,20220726,000000,6.82338,7.35818,6.69429,6.97092,3448.7291287227,0
GOP,D,20220727,000000,7.19221,7.19221,6.63896,6.91559,1204.8861830223,0
GOP,D,20220728,000000,6.91559,6.95248,6.5652,6.93404,555.26707984466,0
GOP,D,20220729,000000,6.69429,6.87871,6.63896,6.86026,1836.0686839395,0
GOP,D,20220801,000000,6.87871,7.06312,6.60209,7.06312,2459.6596427494,0
GOP,D,20220802,000000,7.37663,8.11429,6.87871,7.48728,10083.73693046,0
GOP,D,20220803,000000,7.48728,8.05897,7.10001,8.02209,6471.247393424,0
GOP,D,20220804,000000,8.04053,8.04053,7.50572,7.91143,2859.8423624031,0
GOP,D,20220805,000000,7.91143,7.91143,7.50572,7.63481,2269.8710900681,0
GOP,D,20220808,000000,7.26598,8.22494,7.26598,8.22494,10012.159533449,0
GOP,D,20220809,000000,8.2065,8.22494,7.74546,8.15117,9604.3852716881,0
GOP,D,20220810,000000,8.28027,8.52001,7.85611,8.11429,12343.847466391,0
GOP,D,20220811,000000,8.11429,8.57533,8.11429,8.57533,6420.2756107039,0
GOP,D,20220812,000000,8.57533,8.57533,8.05897,8.46469,8016.6684652573,0
GOP,D,20220816,000000,8.29871,8.40936,8.02209,8.2065,4060.3905213641,0
GOP,D,20220817,000000,8.40936,8.40936,7.893,8.18806,3406.4333941252,0
GOP,D,20220818,000000,8.13273,8.13273,7.74546,7.9852,1619.1674808752,0
GOP,D,20220819,000000,8.09585,8.09585,7.39507,7.80079,2637.5186292621,0
GOP,D,20220822,000000,7.72702,7.72702,7.43195,7.6717,383.91512942385,0
GOP,D,20220823,000000,7.69014,7.69014,7.65326,7.6717,335.11235873438,0
GOP,D,20220824,000000,7.63481,8.02209,7.63481,7.91143,1903.3080568894,0
GOP,D,20220825,000000,8.28027,8.28027,8.02209,8.02209,2050.8008749732,0
GOP,D,20220826,000000,8.26183,8.28027,8.00364,8.00364,1559.5196500325,0
GOP,D,20220829,000000,7.96676,7.96676,7.50572,7.893,336.1968647497,0
GOP,D,20220830,000000,7.893,8.02209,7.893,7.893,824.22457164442,0
GOP,D,20220831,000000,8.02209,8.22494,7.74546,8.09585,3581.0388625919,0
GOP,D,20220901,000000,8.2065,8.2065,7.63481,7.893,1765.5757929436,0
GOP,D,20220902,000000,8.15117,8.15117,8.11429,8.11429,109.53510754748,0
GOP,D,20220905,000000,8.00364,8.37248,7.92987,8.37248,3287.1377324398,0
GOP,D,20220906,000000,8.37248,8.37248,8.11429,8.35403,2753.5607729016,0
GOP,D,20220907,000000,8.39092,8.39092,8.11429,8.35403,1291.646664248,0
GOP,D,20220908,000000,8.4278,8.4278,8.13273,8.40936,914.23857091611,0
GOP,D,20220909,000000,8.37248,8.37248,8.18806,8.35403,817.71753555249,0
GOP,D,20220912,000000,8.37248,8.39092,8.02209,8.28027,3508.3769595654,0
GOP,D,20220913,000000,8.29871,8.44625,7.96676,8.44625,3341.3630332059,0
GOP,D,20220914,000000,8.44625,8.44625,8.04053,8.44625,1897.8855268128,0
GOP,D,20220915,000000,8.2065,8.37248,8.02209,8.35403,738.54859643401,0
GOP,D,20220916,000000,8.29871,8.31715,8.11429,8.31715,810.12599344524,0
GOP,D,20220919,000000,8.31715,8.31715,7.92987,8.29871,1014.0131243257,0
GOP,D,20220920,000000,8.4278,8.4278,8.05897,8.2065,220.15472111029,0
GOP,D,20220921,000000,8.33559,8.40936,8.16962,8.40936,786.26686110816,0
GOP,D,20220922,000000,8.40936,9.03637,8.05897,8.44625,13824.198177305,0
GOP,D,20220923,000000,8.57533,8.6491,8.2065,8.48312,5607.980605228,0
GOP,D,20220926,000000,8.48312,8.48312,7.63481,8.15117,4097.263725885,0
GOP,D,20220927,000000,8.4278,8.4278,8.02209,8.04053,1944.5192854716,0
GOP,D,20220928,000000,8.2065,8.2065,8.04053,8.18806,1846.9137440927,0
GOP,D,20220929,000000,7.56716,8.4209,7.56716,8.4209,629.8000000188,0
GOP,D,20220930,000000,7.97463,8.4209,7.95522,8.34328,1908.9846154416,0
GOP,D,20221003,000000,8.32388,8.32388,7.76119,8.11045,1260.6307692684,0
GOP,D,20221004,000000,8.09104,8.4403,7.76119,7.93582,2966.5538462424,0
GOP,D,20221005,000000,7.95522,8.24627,7.68358,7.87761,358.7076923184,0
GOP,D,20221006,000000,7.91642,8.22687,7.89701,8.05224,424.6769230896,0
GOP,D,20221007,000000,8.4209,8.4209,7.93582,7.93582,891.615384642,0
GOP,D,20221010,000000,8.24627,8.24627,7.70299,7.8194,735.9692307912,0
GOP,D,20221011,000000,8.01343,8.24627,7.39254,7.66418,5566.15384632,0
GOP,D,20221012,000000,7.89701,8.22687,7.27612,7.31493,5096.1230770752,0
GOP,D,20221013,000000,7.31493,7.31493,6.79104,7.08209,4664.23076937,0
GOP,D,20221014,000000,7.31493,7.31493,7.02388,7.29552,1579.1384615856,0
GOP,D,20221017,000000,7.31493,7.31493,6.82985,7.02388,1965.6769231356,0
GOP,D,20221018,000000,7.31493,7.64478,6.73284,6.88806,5017.7846155344,0
GOP,D,20221019,000000,7.08209,7.08209,6.42239,7.02388,5852.7076924824,0
GOP,D,20221020,000000,6.59701,7.02388,6.59701,6.98507,150.4923076968,0
GOP,D,20221021,000000,6.98507,6.98507,6.5,6.5,5995.9846155636,0
GOP,D,20221024,000000,6.53881,6.92687,6.5194,6.92687,1447.2000000432,0
GOP,D,20221025,000000,6.92687,6.92687,6.5,6.5,232.9538461608,0
GOP,D,20221026,000000,6.94627,6.94627,6.5194,6.65522,1889.4000000564,0
GOP,D,20221027,000000,6.92687,6.98507,6.88806,6.98507,1410.0923077344,0
GOP,D,20221028,000000,6.98507,7.08209,6.82985,7.08209,1347.2153846556,0
GOP,D,20221031,000000,6.98507,7.33433,6.94627,7.33433,1922.384615442,0
GOP,D,20221102,000000,7.31493,7.33433,6.96567,7.1403,1782.2000000532,0
GOP,D,20221103,000000,7.25672,7.25672,7.08209,7.1791,2704.7384616192,0
GOP,D,20221104,000000,7.19851,7.19851,7.06269,7.1791,929.7538461816,0
GOP,D,20221107,000000,7.25672,7.25672,6.98507,7.1597,1101.8923077252,0
GOP,D,20221108,000000,7.25672,7.25672,7.1791,7.25672,228.8307692376,0
GOP,D,20221109,000000,6.96567,7.31493,6.96567,7.31493,2103.8000000628,0
GOP,D,20221110,000000,7.33433,7.58657,6.82985,7.25672,1162.7076923424,0
GOP,D,20221114,000000,7.10149,7.56716,7.10149,7.45075,1249.2923077296,0
GOP,D,20221115,000000,7.56716,7.56716,7.27612,7.56716,1587.384615432,0
GOP,D,20221116,000000,7.56716,7.56716,7.1597,7.27612,716.384615406,0
GOP,D,20221117,000000,7.60597,7.87761,7.37313,7.8,5109.5230770756,0
GOP,D,20221118,000000,7.8194,8.53731,7.62537,8.40149,11206.523077258,0
GOP,D,20221121,000000,8.40149,8.40149,8.14925,8.14925,4159.153846278,0
GOP,D,20221122,000000,8.34328,8.36269,8.12985,8.14925,2089.3692308316,0
GOP,D,20221123,000000,8.24627,8.51791,8.07164,8.34328,4808.538461682,0
GOP,D,20221124,000000,8.34328,8.49851,8.03284,8.4403,4345.7230770528,0
GOP,D,20221125,000000,8.53731,8.53731,8.24627,8.36269,1623.46153851,0
GOP,D,20221128,000000,8.24627,8.24627,8.03284,8.24627,1054.4769231084,0
GOP,D,20221129,000000,8.07164,8.53731,7.45075,8.07164,2171.8307692956,0
GOP,D,20221130,000000,8.14925,8.14925,7.68358,8.05224,944.1846154128,0
GOP,D,20221201,000000,8.05224,8.69254,8.05224,8.63433,6883.4769232824,0
GOP,D,20221202,000000,8.4597,8.73134,8.4403,8.73134,3158.2769231712,0
GOP,D,20221205,000000,9.02239,9.02239,8.73134,9.02239,2121.3230769864,0
GOP,D,20221206,000000,8.82836,9.00299,8.30448,8.69254,3073.7538462456,0
GOP,D,20221207,000000,8.86716,8.86716,8.18806,8.28507,3173.7384616332,0
GOP,D,20221208,000000,8.61493,8.86716,8.34328,8.53731,1496.6769231216,0
GOP,D,20221209,000000,8.78955,8.78955,8.34328,8.61493,765.8615384844,0
GOP,D,20221212,000000,8.63433,8.63433,8.34328,8.61493,55.6615384632,0
GOP,D,20221213,000000,8.61493,8.61493,8.22687,8.59552,851.4153846408,0
GOP,D,20221214,000000,8.61493,8.61493,8.24627,8.61493,676.1846154048,0
GOP,D,20221215,000000,8.61493,8.61493,8.24627,8.51791,220.5846153912,0
GOP,D,20221216,000000,8.53731,8.53731,8.11045,8.4403,3605.6307693384,0
GOP,D,20221219,000000,8.14925,8.40149,7.95522,8.24627,4437.461538594,0
GOP,D,20221220,000000,8.24627,8.24627,7.95522,8.14925,312.3230769324,0
GOP,D,20221221,000000,8.14925,8.14925,7.8,8.03284,2195.538461604,0
GOP,D,20221222,000000,8.03284,8.03284,7.70299,8.03284,2310.9846154536,0
GOP,D,20221223,000000,8.03284,8.4403,8.01343,8.4209,6984.4923079008,0
GOP,D,20221227,000000,8.4209,8.4403,7.95522,8.34328,8081.230769472,0
GOP,D,20221228,000000,8.34328,8.34328,7.95522,8.18806,2697.5230770036,0
GOP,D,20221229,000000,8.18806,8.32388,7.95522,8.32388,680.307692328,0
GOP,D,20221230,000000,8.24627,8.32388,8.11045,8.32388,213.3692307756,0
GOP,D,20230102,000000,8.63433,8.63433,8.22687,8.30448,1971.8615385204,0
GOP,D,20230103,000000,8.24627,9.21642,8.24627,9.06119,6930.8923078992,0
GOP,D,20230104,000000,9.06119,9.66269,8.90597,9.60448,26533.030770023,0
GOP,D,20230105,000000,9.58507,9.58507,9.21642,9.46866,3917.9538462708,0
GOP,D,20230109,000000,9.46866,11.3507,9.42985,10.7687,31163.246154776,0
GOP,D,20230110,000000,10.7687,11.3507,10.0896,11.3507,12382.6307696,0
GOP,D,20230111,000000,11.4478,12.3209,11.1082,11.4478,13898.892308107,0
GOP,D,20230112,000000,11.3507,11.9328,10.8657,11.2052,2910.8923077792,0
GOP,D,20230113,000000,11.3022,12.4179,11.3022,11.9813,8783.1846156468,0
GOP,D,20230116,000000,12.2724,13.5821,12.2239,13.3881,24980.692308438,0
GOP,D,20230117,000000,12.903,13.5821,11.7388,12.2724,18528.07692363,0
GOP,D,20230118,000000,12.3209,12.4664,11.6903,11.9813,2099.6769231396,0
GOP,D,20230119,000000,11.6418,11.9328,11.4963,11.6418,3989.076923196,0
GOP,D,20230120,000000,11.8358,12.4179,11.7388,12.1754,8746.076923338,0
GOP,D,20230123,000000,12.2724,12.2724,11.6418,11.8358,1055.5076923392,0
GOP,D,20230124,000000,11.8358,12.1269,11.3022,11.6418,8117.30769255,0
GOP,D,20230125,000000,11.5933,11.5933,11.3022,11.4478,2100.7076923704,0
GOP,D,20230126,000000,11.5448,12.2239,11.5448,11.7388,8245.1230771692,0
GOP,D,20230127,000000,11.9813,12.1269,11.7873,11.8358,873.0615384876,0
GOP,D,20230130,000000,12.0299,12.1754,11.7873,11.9328,2694.4307693112,0
GOP,D,20230131,000000,12.1754,12.4179,11.7873,11.9328,2965.5230770116,0
GOP,D,20230201,000000,12.1269,12.1269,11.7388,11.7388,2169.769230834,0
GOP,D,20230202,000000,12.0784,12.0784,11.6418,11.7388,2054.3230769844,0
GOP,D,20230203,000000,11.7388,11.9813,11.6418,11.6903,551.461538478,0
GOP,D,20230206,000000,11.8843,12.1269,10.7201,10.9627,16939.661538967,0
GOP,D,20230207,000000,11.6418,14.0672,11.6418,14.0672,23385.06153916,0
GOP,D,20230208,000000,16.056,17.6567,15.2799,15.4739,121982.2615421,0
GOP,D,20230209,000000,15.4739,19.403,15.2313,17.9963,118685.861542,0
GOP,D,20230210,000000,17.8507,19.0149,16.8806,17.4142,38413.676924224,0
GOP,D,20230213,000000,16.7836,17.6082,15.8134,16.153,23223.230769924,0
GOP,D,20230214,000000,16.1045,16.2985,14.1642,14.4067,54631.800001631,0
GOP,D,20230215,000000,14.5037,15.3769,14.5037,14.8433,16319.138462026,0
GOP,D,20230216,000000,15.0373,15.4254,14.5522,14.6007,10452.000000312,0
GOP,D,20230217,000000,14.6978,15.1828,14.2127,14.5037,9952.076923374,0
GOP,D,20230220,000000,14.7463,14.9403,14.1642,14.4552,9320.2153848936,0
GOP,D,20230221,000000,14.6978,14.6978,14.2127,14.5037,2105.8615385244,0
GOP,D,20230222,000000,14.6978,15.1343,13.8731,14.0187,4327.1692308984,0
GOP,D,20230223,000000,14.2612,14.9888,13.8246,14.4552,2751.1230770052,0
GOP,D,20230224,000000,14.7463,14.7463,13.6306,13.8731,22026.507692965,0
GOP,D,20230227,000000,13.8731,15.9104,13.8731,15.5224,11740.461538812,0
GOP,D,20230228,000000,15.5224,16.25,15.3284,15.8619,8898.6307694964,0
GOP,D,20230301,000000,15.8619,15.8619,14.6007,15.0373,19367.123077501,0
GOP,D,20230302,000000,15.0373,15.0373,14.6978,14.6978,3882.9076924236,0
GOP,D,20230303,000000,14.6978,15.3284,14.6978,15.2799,2438.8000000728,0
GOP,D,20230306,000000,15.3284,15.4254,14.7463,15.0373,2575.8923077692,0
GOP,D,20230307,000000,14.7948,15.2799,14.7948,15.1343,2449.1076923808,0
GOP,D,20230308,000000,15.2313,15.3284,14.6978,15.3284,2751.1230770052,0
GOP,D,20230309,000000,15.6679,16.2985,15.3284,15.7649,17240.646154361,0
GOP,D,20230310,000000,15.7164,15.7164,14.3582,14.9403,14171.015385038,0
GOP,D,20230313,000000,15.2313,15.2313,14.3582,14.3582,4474.5692309028,0
GOP,D,20230314,000000,14.8433,14.8433,14.3097,14.3582,8253.3692310156,0
GOP,D,20230315,000000,14.2612,15.0373,13.7276,13.9216,12151.738461901,0
GOP,D,20230316,000000,13.8731,14.2612,13.291,13.7276,8988.307692576,0
GOP,D,20230317,000000,14.4552,14.4552,13.3881,13.7276,10142.769231072,0
GOP,D,20230320,000000,13.5821,13.6791,13.291,13.5336,6288.7230771108,0
GOP,D,20230321,000000,13.5821,14.6493,13.291,13.5821,7642.1230771512,0
GOP,D,20230322,000000,13.7761,14.1157,13.3881,13.6306,3264.4461539436,0
GOP,D,20230323,000000,13.4366,13.8731,13.194,13.3881,9435.6615387432,0
GOP,D,20230324,000000,13.3881,13.5821,12.8545,13.3396,11363.200000339,0
GOP,D,20230327,000000,13.3396,13.3396,12.7575,12.903,10117.000000302,0
GOP,D,20230328,000000,13.0485,13.3396,12.709,12.9515,5650.6769232456,0
GOP,D,20230329,000000,12.903,13.1455,12.6119,13.097,5678.5076924772,0
GOP,D,20230330,000000,12.709,13.291,12.709,13.194,3452.0461539492,0
GOP,D,20230331,000000,13,13.8246,13,13.291,6207.2923078776,0
GOP,D,20230403,000000,13.9701,14.9888,13.3881,14.7948,15642.953846621,0
GOP,D,20230404,000000,14.8433,14.8433,14.1157,14.2127,4188.0153847404,0
GOP,D,20230405,000000,14.4067,14.4067,14.0672,14.3582,2213.0615385276,0
GOP,D,20230406,000000,14.4552,15.3769,14.1642,14.9888,6707.2153848156,0
GOP,D,20230411,000000,14.5522,15.4739,14.1642,15.4739,14688.4615389,0
GOP,D,20230412,000000,15.4254,15.4254,14.6007,14.9403,8115.2461540884,0
GOP,D,20230413,000000,15.1343,15.5224,14.6493,15.2313,6424.7846155764,0
GOP,D,20230414,000000,15.2313,15.2313,14.4552,14.7463,9888.1692310644,0
GOP,D,20230417,000000,14.7948,15.1828,14.4552,14.5522,4267.384615512,0
GOP,D,20230418,000000,14.8433,14.8433,14.2612,14.4552,3669.538461648,0
GOP,D,20230419,000000,14.2612,15.0373,13.5821,15.0373,15318.261538919,0
GOP,D,20230420,000000,15.0373,15.4739,14.7463,14.9888,8980.0615387296,0
GOP,D,20230421,000000,15.3769,15.3769,14.8433,15.1828,1334.846153886,0
GOP,D,20230424,000000,14.6978,15.3284,14.6978,15.1343,5919.7076924844,0
GOP,D,20230425,000000,15.1343,15.1343,14.2612,14.5037,2039.8923077532,0
GOP,D,20230426,000000,14.4552,14.4552,13.9701,14.3097,2969.6461539348,0
GOP,D,20230427,000000,14.4552,14.4552,13.7761,14.1157,4288.000000128,0
GOP,D,20230428,000000,13.8731,14.4067,13.8246,14.3582,3968.46153858,0
GOP,D,20230502,000000,14.1642,14.9403,14.1642,14.3582,2758.3384616208,0
GOP,D,20230504,000000,14.5037,14.6493,13.9701,14.1642,4259.1384616656,0
GOP,D,20230505,000000,14.1642,14.3582,13.9701,14.2127,1451.3230769664,0
GOP,D,20230508,000000,14.2127,14.4552,13.8731,14.3582,1402.8769231188,0
GOP,D,20230509,000000,14.2612,15.0373,13.8731,14.2612,8418.2923079436,0
GOP,D,20230510,000000,14.4067,14.5522,13.8731,14.5522,2711.9538462348,0
GOP,D,20230511,000000,14.4552,15.8619,14.4552,15.0373,28485.307693158,0
GOP,D,20230512,000000,15.2799,15.4254,14.9403,15.4254,9853.1230772172,0
GOP,D,20230515,000000,15.4254,15.7164,15.0858,15.4254,3644.8000001088,0
GOP,D,20230516,000000,15.4254,16.8806,15.3284,16.8321,19908.276923671,0
GOP,D,20230517,000000,16.9776,18.0933,16.6866,17.0261,26581.47692387,0
GOP,D,20230518,000000,17.3172,17.5597,16.2015,16.2015,6443.3384617308,0
GOP,D,20230519,000000,16.4925,17.2687,16.4925,17.1716,11506.47692342,0
GOP,D,20230522,000000,17.4142,17.4627,16.7836,16.7836,7443.1846156068,0
GOP,D,20230523,000000,17.1231,17.1716,16.7351,17.1716,3634.4923078008,0
GOP,D,20230524,000000,17.1716,17.3657,16.7351,16.9776,2381.076923148,0
GOP,D,20230525,000000,17.3657,17.4627,17.0746,17.0746,4869.3538462992,0
GOP,D,20230526,000000,17.4627,17.4627,16.9291,16.9776,3475.7538462576,0
GOP,D,20230529,000000,16.7351,17.1716,16.7351,16.9776,1404.9384615804,0
GOP,D,20230530,000000,17.4142,17.4142,16.6381,16.9776,1508.0153846604,0
GOP,D,20230531,000000,16.4925,16.8806,16.1045,16.347,5286.8153847732,0
GOP,D,20230601,000000,16.6381,16.6381,15.9104,16.4925,4634.3384616768,0
GOP,D,20230602,000000,16.6866,16.6866,15.8134,15.8134,7264.8615386784,0
GOP,D,20230605,000000,16.1045,17.2687,15.7164,16.8806,3423.1846154868,0
GOP,D,20230606,000000,16.9776,17.2687,16.056,17.2687,1547.1846154308,0
GOP,D,20230607,000000,17.2687,17.6082,16.6866,17.5597,7652.4307694592,0
GOP,D,20230609,000000,17.6567,17.7537,17.2687,17.7537,2903.6769231636,0
GOP,D,20230612,000000,17.8022,18.7239,16.9776,18.5299,19103.246154416,0
GOP,D,20230613,000000,18.5784,18.6754,17.9963,18.2873,5131.1692309224,0
GOP,D,20230614,000000,18.5784,18.5784,17.1716,17.6567,6295.9384617264,0
GOP,D,20230615,000000,17.8507,17.8507,17.1716,17.5597,4258.1076924348,0
GOP,D,20230616,000000,17.9478,20.9552,17.9478,19.9851,46748.476924472,0
GOP,D,20230619,000000,20.0821,20.5672,19.0634,19.597,13038.200000389,0
GOP,D,20230620,000000,20.6642,20.6642,19.8881,20.1791,11274.55384649,0
GOP,D,20230621,000000,20.1791,20.8582,19.8881,20.0821,5086.846153998,0
GOP,D,20230622,000000,19.8881,21.5373,19.8881,20.7612,16751.030769731,0
GOP,D,20230623,000000,20.7612,20.7612,19.5,20.2761,6090.8153847972,0
GOP,D,20230626,000000,20.5672,20.8582,19.597,20.3731,8289.4461540936,0
GOP,D,20230627,000000,19.9851,20.3731,19.306,19.791,4610.6307693684,0
GOP,D,20230628,000000,19.791,19.791,18.9664,19.209,9377.9384618184,0
GOP,D,20230629,000000,18.8209,19.694,18.7724,19.5,6501.0615386556,0
GOP,D,20230630,000000,19.7,20.1,19.6,20,1019,0
GOP,D,20230703,000000,20,20,19,19.4,3231,0
GOP,D,20230704,000000,19.5,19.7,18.75,18.75,3261,0
GOP,D,20230705,000000,18.7,19.35,18.2,19.15,14790,0
GOP,D,20230706,000000,19.45,19.8,19.15,19.35,1144,0
GOP,D,20230707,000000,19.15,20.3,19.15,19.55,3002,0
GOP,D,20230710,000000,19.9,21.5,19.55,21.4,13537,0
GOP,D,20230711,000000,21.8,22.1,21,21,4807,0
GOP,D,20230712,000000,21,22.8,20.6,20.6,40173,0
GOP,D,20230713,000000,20.9,21.7,20.7,21.5,7783,0
GOP,D,20230714,000000,23,23.1,21.8,22.8,20383,0
GOP,D,20230717,000000,22.8,22.8,21.9,22.3,5487,0
GOP,D,20230718,000000,22.6,22.9,21.6,22.1,10018,0
GOP,D,20230719,000000,22.1,22.3,21.6,22,2745,0
GOP,D,20230720,000000,22,22.3,21.6,22.3,4011,0
GOP,D,20230721,000000,22.2,22.2,21.5,21.8,1734,0
GOP,D,20230724,000000,22.2,23.5,22.1,23.4,14134,0
GOP,D,20230725,000000,23.4,25.9,23,25.9,25023,0
GOP,D,20230726,000000,25.7,27,24.5,24.6,33462,0
GOP,D,20230727,000000,25.9,29.5,25.9,28.3,76560,0
GOP,D,20230728,000000,29.1,31.3,28.6,31,79541,0
GOP,D,20230731,000000,32,34.4,31.5,33.6,75828,0
GOP,D,20230801,000000,33.6,33.6,31.2,32.4,28753,0
GOP,D,20230802,000000,32,32.4,30.1,30.9,28072,0
GOP,D,20230803,000000,31,37,31,36.8,68980,0
GOP,D,20230804,000000,36.6,36.8,33,33.3,54586,0
GOP,D,20230807,000000,33.8,33.9,31.7,33.5,21675,0
GOP,D,20230808,000000,33.5,34.8,32.7,33.5,12709,0
GOP,D,20230809,000000,33.5,35.6,33.3,34.3,6874,0
GOP,D,20230810,000000,35.6,36.4,32.5,33.6,39787,0
GOP,D,20230811,000000,33.2,33.5,32.1,33,22020,0
GOP,D,20230814,000000,33.6,34.8,33.5,33.8,13566,0
GOP,D,20230816,000000,34,34,31.3,33.4,13515,0
GOP,D,20230817,000000,32.2,32.9,31.3,31.5,12211,0
GOP,D,20230818,000000,31.3,32,30.9,31.5,8384,0
GOP,D,20230821,000000,31.2,34.2,31.1,33.9,17273,0
GOP,D,20230822,000000,33.6,33.6,31.8,32.5,11230,0
GOP,D,20230823,000000,32.5,32.5,30.6,31.5,11867,0
GOP,D,20230824,000000,30.5,30.8,27.7,29.7,84139,0
GOP,D,20230825,000000,28.7,31.5,28.4,30.9,34829,0
GOP,D,20230828,000000,30.9,31.1,29,29.8,13583,0
GOP,D,20230829,000000,29.8,30.6,29.2,30,5657,0
GOP,D,20230830,000000,29.7,29.7,28.4,29,9432,0
GOP,D,20230831,000000,29.4,30.9,29,30.1,7928,0
GOP,D,20230901,000000,30.4,30.5,29.6,30.1,3003,0
GOP,D,20230904,000000,30.1,30.1,29.3,29.7,5278,0
GOP,D,20230905,000000,29.7,29.7,29.4,29.4,2791,0
GOP,D,20230906,000000,29.7,29.9,28.7,29.3,4002,0
GOP,D,20230907,000000,29.4,30.2,29.2,29.3,2353,0
GOP,D,20230908,000000,30.1,30.6,28.4,29.3,3945,0
GOP,D,20230911,000000,29.5,29.7,29.2,29.6,2130,0
GOP,D,20230912,000000,29.6,30,28.7,29.4,2394,0
GOP,D,20230913,000000,29.7,29.7,28.4,28.7,3198,0
GOP,D,20230914,000000,28.7,30.2,28,30.2,5589,0
GOP,D,20230915,000000,29.5,31.3,29.4,30.5,5715,0
GOP,D,20230918,000000,30.8,31.1,30,31,4348,0
GOP,D,20230919,000000,31.3,31.9,30.5,31,8179,0
GOP,D,20230920,000000,31.3,34.4,30.5,34.4,17938,0
GOP,D,20230921,000000,34.3,34.4,33,33.5,5517,0
GOP,D,20230922,000000,33.1,33.5,32,32,7074,0
GOP,D,20230925,000000,31.6,32,31.5,31.5,1408,0
GOP,D,20230926,000000,31.7,31.7,29.5,30.9,6280,0
GOP,D,20230927,000000,30.9,31.2,29.7,30,8356,0
GOP,D,20230928,000000,30.5,30.5,29.3,29.9,6424,0
GOP,D,20230929,000000,29.9,31.1,29.2,30.6,4392,0
GOP,D,20231002,000000,30.8,31.7,29.9,30.4,2331,0
GOP,D,20231003,000000,29.9,31,29.5,30.6,2214,0
GOP,D,20231004,000000,30.5,31.5,29.7,31.5,3038,0
GOP,D,20231005,000000,31.5,32.6,30,31.2,9813,0
GOP,D,20231006,000000,31.2,32.9,30.9,30.9,8979,0
GOP,D,20231009,000000,32.5,32.5,31,32.5,3432,0
GOP,D,20231010,000000,32.4,32.8,31.4,32.8,4489,0
GOP,D,20231011,000000,33,33.5,31.6,32.6,5752,0
GOP,D,20231012,000000,32.5,32.5,30.5,30.9,13313,0
GOP,D,20231013,000000,30.9,31,30.1,30.5,6393,0
GOP,D,20231016,000000,30,30.2,26.8,26.8,36737,0
GOP,D,20231017,000000,26.4,28.4,26.3,27.9,14328,0
GOP,D,20231018,000000,27.8,28.8,26.8,28.6,12848,0
GOP,D,20231019,000000,28,32.6,27.1,31.2,46095,0
GOP,D,20231020,000000,30.5,30.7,27.9,27.9,34813,0
GOP,D,20231023,000000,28.2,28.2,25.8,26.5,27327,0
GOP,D,20231024,000000,26.6,27.4,26.1,26.8,12696,0
GOP,D,20231025,000000,26.3,27.8,26.3,27.4,10243,0
GOP,D,20231026,000000,27.6,27.6,26.8,27.4,2070,0
GOP,D,20231027,000000,27.5,27.5,26,26.1,6967,0
GOP,D,20231030,000000,26.6,26.7,25.2,25.4,7075,0
GOP,D,20231031,000000,25.5,26.1,25.1,25.8,5854,0
GOP,D,20231102,000000,25.8,26.6,25.6,26.4,6935,0
GOP,D,20231103,000000,27,28.7,26.8,28.5,18471,0
GOP,D,20231106,000000,28.8,29.4,27.5,27.9,7526,0
GOP,D,20231107,000000,28,28,27.2,27.6,2309,0
GOP,D,20231108,000000,27.5,27.5,26.7,27.4,2848,0
GOP,D,20231109,000000,27.2,27.9,26.6,27.7,7780,0
GOP,D,20231110,000000,27.8,27.8,26.8,27,3460,0
GOP,D,20231113,000000,27,27.4,26.5,27.4,4453,0
GOP,D,20231114,000000,27.4,28.3,27,27.5,3617,0
GOP,D,20231115,000000,27.6,27.6,26.4,27.5,5190,0
GOP,D,20231116,000000,27.8,28.3,27.2,28.3,4662,0
GOP,D,20231117,000000,28.5,28.7,27.4,28.4,2096,0
GOP,D,20231120,000000,28,28,27.5,27.6,3922,0
GOP,D,20231121,000000,27.9,27.9,26.8,27.3,1771,0
GOP,D,20231122,000000,27.3,27.5,26.7,27.2,1375,0
GOP,D,20231123,000000,26.7,27.4,26.7,27.4,5315,0
GOP,D,20231124,000000,27.4,27.4,26.6,27.3,3849,0
GOP,D,20231127,000000,27.4,27.4,26.2,26.9,5617,0
GOP,D,20231128,000000,26.9,27,26.4,26.8,4402,0
GOP,D,20231129,000000,26.8,26.8,26.1,26.5,3243,0
GOP,D,20231130,000000,26.7,26.8,26,26.8,4287,0
GOP,D,20231201,000000,26,27.1,26,26.9,1108,0
GOP,D,20231204,000000,26.6,28.4,26.6,27.7,2728,0
GOP,D,20231205,000000,27.9,27.9,27,27.1,1375,0
GOP,D,20231206,000000,26.8,28.4,26.8,27.9,1625,0
GOP,D,20231207,000000,27.3,27.4,25.8,26.3,11013,0
GOP,D,20231208,000000,26.3,26.5,25.3,26,4277,0
GOP,D,20231211,000000,25.7,25.7,24.5,24.9,20026,0
GOP,D,20231212,000000,25.2,26.4,24.8,26,14452,0
GOP,D,20231213,000000,26.2,27,26,26,3986,0
GOP,D,20231214,000000,26.3,28.1,26.2,27.6,15534,0
GOP,D,20231215,000000,28,33.3,28,31.8,33786,0
GOP,D,20231218,000000,31.9,35,31.5,34.2,33220,0
GOP,D,20231219,000000,34,35,31.9,33.2,14264,0
GOP,D,20231220,000000,32,33,31.6,33,5099,0
GOP,D,20231221,000000,33,35,31.5,32.3,14972,0
GOP,D,20231222,000000,32.8,34.6,32.3,33.9,7577,0
GOP,D,20231227,000000,33.5,33.8,32.7,33.4,1958,0
GOP,D,20231228,000000,32.4,33.3,31.8,32.4,3947,0
GOP,D,20231229,000000,33,33,30.1,30.7,20332,0
GOP,D,20240102,000000,30.7,30.7,29.2,30,10002,0
GOP,D,20240103,000000,29.8,29.9,29.3,29.7,3075,0
GOP,D,20240104,000000,30,31.1,30,31.1,3195,0
GOP,D,20240105,000000,31.2,32.5,30.5,32.1,7003,0
GOP,D,20240108,000000,32.5,34.4,32.3,34.4,12578,0
GOP,D,20240109,000000,34.3,34.4,33.3,34.1,2687,0
GOP,D,20240110,000000,34.5,34.5,33.2,33.8,2995,0
GOP,D,20240111,000000,33.2,33.9,32.8,33.7,1054,0
GOP,D,20240112,000000,34.1,34.1,32.8,33.5,849,0
GOP,D,20240115,000000,33.1,37.3,33.1,35.7,28161,0
GOP,D,20240116,000000,36.6,41.3,34.3,40.4,38803,0
GOP,D,20240117,000000,40.4,42,38.5,40.8,24155,0
GOP,D,20240118,000000,40.8,40.8,38,40.2,10271,0
GOP,D,20240119,000000,40.2,40.2,38.5,39.3,2364,0
GOP,D,20240122,000000,39.3,41,39.3,39.7,3445,0
GOP,D,20240123,000000,41,41.9,40,41.3,4889,0
GOP,D,20240124,000000,40.6,41.6,40.6,41.6,4192,0
GOP,D,20240125,000000,41.6,41.6,40.2,41,5157,0
GOP,D,20240126,000000,41.4,41.4,40,40.9,4330,0
GOP,D,20240129,000000,40.9,40.9,37.1,38.4,22843,0
GOP,D,20240130,000000,37.9,38.5,35.6,37.6,29073,0
GOP,D,20240131,000000,37.6,39.3,37.6,38.8,13543,0
GOP,D,20240201,000000,38.5,38.7,36.8,38.2,5551,0
GOP,D,20240202,000000,38.3,39.9,37.9,39.9,2057,0
GOP,D,20240205,000000,40.1,40.5,37.4,37.8,15154,0
GOP,D,20240206,000000,37.5,38.4,34,37,20797,0
GOP,D,20240207,000000,37.3,38.8,36.8,37.6,5896,0
GOP,D,20240208,000000,37.6,38.6,36.1,36.8,6017,0
GOP,D,20240209,000000,36.4,38.9,36.4,38.9,2298,0
GOP,D,20240212,000000,38,38.9,37.1,38,2879,0
GOP,D,20240213,000000,38,38,36,37,3505,0
GOP,D,20240214,000000,37,37.4,35.7,37.4,1713,0
GOP,D,20240215,000000,37.8,39.4,36,38.6,3541,0
GOP,D,20240216,000000,38.5,39.2,36.6,39.2,1878,0
GOP,D,20240219,000000,37.2,39.3,37.2,38.5,775,0
GOP,D,20240220,000000,38.6,39.2,36.8,37.9,2246,0
GOP,D,20240221,000000,37.9,39.1,36.6,38.2,6345,0
GOP,D,20240222,000000,40.5,42.8,38.8,39.9,27518,0
GOP,D,20240223,000000,39.5,39.5,36.4,37.3,16624,0
GOP,D,20240226,000000,37,37.5,36.4,36.8,8374,0
GOP,D,20240227,000000,36.6,38,35.3,35.7,11223,0
GOP,D,20240228,000000,35.9,35.9,34.4,34.6,9667,0
GOP,D,20240229,000000,34.9,36,34.2,35.5,5309,0
GOP,D,20240301,000000,35.5,35.6,33.7,34.4,5235,0
GOP,D,20240304,000000,34.7,35.4,32.8,33.2,16233,0
GOP,D,20240305,000000,32.7,33.8,32.5,33.8,12114,0
GOP,D,20240306,000000,33.9,34.5,33,34.5,3109,0
GOP,D,20240307,000000,34.7,34.9,33.5,34.5,3922,0
GOP,D,20240308,000000,34.5,34.9,33.4,33.8,1283,0
GOP,D,20240311,000000,33.3,34.1,33,33.8,4008,0
GOP,D,20240312,000000,33.9,34.2,33.2,34,2899,0
GOP,D,20240313,000000,34,34.1,33.2,33.9,2366,0
GOP,D,20240314,000000,33.4,33.8,33.1,33.8,666,0
GOP,D,20240315,000000,33.8,33.8,30.6,31.3,23701,0
