<TICKER>,<PER>,<DATE>,<TIME>,<OPEN>,<HIGH>,<LOW>,<CLOSE>,<VOL>,<OPENINT>
MOV,D,20181218,000000,20.821,24.211,18.4,19.368,30464,0
MOV,D,20181219,000000,20.337,20.337,17.606,17.616,6649,0
MOV,D,20181220,000000,17.616,17.616,15.882,17.238,2831,0
MOV,D,20181221,000000,16.463,18.826,16.463,18.826,2096,0
MOV,D,20181227,000000,19.272,19.272,17.528,17.858,1335,0
MOV,D,20181228,000000,17.771,18.303,17.238,18.207,1674,0
MOV,D,20190102,000000,18.545,18.545,17.432,18.303,377,0
MOV,D,20190103,000000,18.294,18.294,17.432,18.1,764,0
MOV,D,20190104,000000,18.1,18.1,17.432,17.432,1082,0
MOV,D,20190107,000000,17.432,17.896,17.432,17.878,1025,0
MOV,D,20190108,000000,17.878,17.878,17.238,17.858,328,0
MOV,D,20190109,000000,17.819,18.1,17.432,18.1,540,0
MOV,D,20190110,000000,17.878,18.091,17.878,18.091,36,0
MOV,D,20190111,000000,17.461,18.042,17.335,18.042,823,0
MOV,D,20190114,000000,17.528,17.964,17.461,17.964,901,0
MOV,D,20190115,000000,17.984,18.284,17.722,18.245,1896,0
MOV,D,20190116,000000,18.236,18.303,17.916,18.303,1190,0
MOV,D,20190117,000000,18.109,18.4,18.109,18.4,2406,0
MOV,D,20190118,000000,18.4,20.144,18.4,19.785,8732,0
MOV,D,20190121,000000,19.853,20.821,19.785,20.608,1942,0
MOV,D,20190122,000000,20.434,20.627,19.794,20.144,1048,0
MOV,D,20190123,000000,20.144,20.414,18.555,20.337,3016,0
MOV,D,20190124,000000,20.386,21.79,20.386,21.499,1857,0
MOV,D,20190125,000000,21.305,25.567,21.305,24.114,6896,0
MOV,D,20190128,000000,24.095,26.341,22.807,25.082,8598,0
MOV,D,20190129,000000,25.16,27.116,24.211,27.116,11051,0
MOV,D,20190130,000000,26.922,27.6,25.809,26.148,4064,0
MOV,D,20190131,000000,25.809,25.905,24.211,25.663,5361,0
MOV,D,20190201,000000,25.663,25.663,24.695,25.17,2865,0
MOV,D,20190204,000000,25.18,26.05,25.17,25.17,2860,0
MOV,D,20190205,000000,24.889,25.954,24.695,25.944,1114,0
MOV,D,20190206,000000,26.39,26.439,25.615,26.39,1775,0
MOV,D,20190207,000000,26.39,26.39,24.695,26.138,1351,0
MOV,D,20190208,000000,24.637,25.46,24.598,25.46,799,0
MOV,D,20190211,000000,25.46,25.46,24.646,25.18,855,0
MOV,D,20190212,000000,24.598,25.837,24.211,25.837,955,0
MOV,D,20190213,000000,25.837,25.837,21.567,25.363,976,0
MOV,D,20190214,000000,25.751,27.639,25.325,25.76,13204,0
MOV,D,20190215,000000,25.76,27.329,25.373,27.329,3932,0
MOV,D,20190218,000000,27.716,27.716,26.826,26.874,1459,0
MOV,D,20190219,000000,27.116,27.6,26.148,27.6,2465,0
MOV,D,20190220,000000,27.309,28.666,27.213,28.085,8402,0
MOV,D,20190221,000000,27.92,27.92,27.174,27.92,495,0
MOV,D,20190222,000000,27.309,28.085,27.309,28.085,229,0
MOV,D,20190225,000000,28.075,28.075,27.6,28.075,383,0
MOV,D,20190226,000000,28.046,28.046,27.116,27.504,652,0
MOV,D,20190227,000000,27.232,27.407,26.458,27.116,374,0
MOV,D,20190228,000000,27.116,27.116,26.351,27.116,477,0
MOV,D,20190301,000000,27.116,27.484,26.748,27.484,2261,0
MOV,D,20190304,000000,27.484,29.053,27.116,27.116,2101,0
MOV,D,20190305,000000,27.504,27.6,27.116,27.6,1007,0
MOV,D,20190306,000000,27.6,27.755,27.262,27.698,907,0
MOV,D,20190307,000000,27.504,27.504,26.699,27.116,251,0
MOV,D,20190308,000000,27.262,27.262,26.632,27.106,1067,0
MOV,D,20190311,000000,27.116,29.925,27.068,29.043,18794,0
MOV,D,20190312,000000,29.44,32.288,29.053,31.764,13614,0
MOV,D,20190313,000000,32.443,32.443,30.021,30.331,4579,0
MOV,D,20190314,000000,30.409,32.152,29.634,30.021,7171,0
MOV,D,20190315,000000,30.796,32.147,30.263,31.939,7096,0
MOV,D,20190318,000000,31.474,31.842,30.99,31.842,1573,0
MOV,D,20190319,000000,31.842,31.842,29.586,31.377,5319,0
MOV,D,20190320,000000,30.99,30.99,29.285,29.983,2570,0
MOV,D,20190321,000000,29.993,30.409,29.993,30.409,731,0
MOV,D,20190322,000000,29.837,29.837,28.568,29.731,2936,0
MOV,D,20190325,000000,30.002,30.002,28.239,29.053,1178,0
MOV,D,20190326,000000,29.053,30.603,28.288,30.603,1752,0
MOV,D,20190327,000000,30.312,30.312,28.521,29.043,1142,0
MOV,D,20190328,000000,28.957,29.808,28.578,29.246,1525,0
MOV,D,20190329,000000,29.344,30.216,28.84,29.246,1091,0
MOV,D,20190401,000000,29.246,29.246,27.891,28.375,4678,0
MOV,D,20190402,000000,28.666,28.666,27.213,27.6,5948,0
MOV,D,20190403,000000,30.021,30.021,26.148,27.407,16271,0
MOV,D,20190404,000000,27.794,27.794,26.632,27.504,4512,0
MOV,D,20190405,000000,27.504,27.504,26.729,27.504,4043,0
MOV,D,20190408,000000,27.116,27.698,26.729,27.407,2952,0
MOV,D,20190409,000000,26.922,28.957,26.922,28.085,4552,0
MOV,D,20190410,000000,28.568,28.568,28.085,28.278,419,0
MOV,D,20190411,000000,28.472,28.568,27.6,27.6,3242,0
MOV,D,20190412,000000,27.698,27.891,26.148,27.309,2473,0
MOV,D,20190415,000000,26.826,27.309,26.826,27.309,420,0
MOV,D,20190416,000000,26.922,27.213,26.729,27.213,1077,0
MOV,D,20190417,000000,27.116,27.116,26.729,26.729,2252,0
MOV,D,20190418,000000,26.826,27.116,26.439,27.116,1466,0
MOV,D,20190423,000000,27.116,27.891,27.116,27.891,1694,0
MOV,D,20190424,000000,27.6,27.698,27.504,27.698,394,0
MOV,D,20190425,000000,27.794,28.568,26.632,26.632,1074,0
MOV,D,20190426,000000,28.472,29.053,27.6,28.375,2598,0
MOV,D,20190429,000000,28.568,28.666,28.085,28.666,585,0
MOV,D,20190430,000000,28.666,29.731,28.085,29.731,1732,0
MOV,D,20190502,000000,29.053,29.731,28.181,29.053,658,0
MOV,D,20190506,000000,29.053,30.216,28.085,30.216,2796,0
MOV,D,20190507,000000,30.216,30.796,28.957,29.246,3734,0
MOV,D,20190508,000000,29.246,30.312,29.15,30.021,1336,0
MOV,D,20190509,000000,30.505,30.505,29.537,30.312,1995,0
MOV,D,20190510,000000,30.505,30.796,29.44,29.44,862,0
MOV,D,20190513,000000,30.021,30.312,30.021,30.021,634,0
MOV,D,20190514,000000,29.246,30.505,29.053,29.925,1995,0
MOV,D,20190515,000000,29.925,29.925,27.891,29.246,1707,0
MOV,D,20190516,000000,30.021,30.021,28.085,29.15,1096,0
MOV,D,20190517,000000,28.859,28.859,28.085,28.762,323,0
MOV,D,20190520,000000,29.053,29.053,27.309,27.794,1150,0
MOV,D,20190521,000000,27.891,27.891,25.76,27.504,1307,0
MOV,D,20190522,000000,27.309,27.987,26.535,27.987,616,0
MOV,D,20190523,000000,26.729,27.116,25.857,26.922,1075,0
MOV,D,20190524,000000,26.05,28.181,25.663,27.698,2975,0
MOV,D,20190527,000000,27.698,27.698,26.632,27.116,977,0
MOV,D,20190528,000000,27.116,27.116,26.148,26.922,1213,0
MOV,D,20190529,000000,26.05,26.826,26.05,26.826,370,0
MOV,D,20190530,000000,26.729,27.019,26.148,27.019,1384,0
MOV,D,20190531,000000,27.019,27.019,26.05,26.729,1693,0
MOV,D,20190603,000000,26.341,26.341,26.05,26.05,455,0
MOV,D,20190604,000000,26.148,26.148,25.18,26.148,546,0
MOV,D,20190605,000000,25.954,26.148,25.76,26.148,269,0
MOV,D,20190606,000000,25.857,25.857,25.373,25.663,944,0
MOV,D,20190607,000000,25.276,26.05,25.082,25.954,3768,0
MOV,D,20190610,000000,25.47,26.05,24.889,25.47,2643,0
MOV,D,20190611,000000,25.18,25.663,23.436,25.567,1510,0
MOV,D,20190612,000000,25.567,25.567,23.436,23.63,1958,0
MOV,D,20190613,000000,24.211,25.76,23.436,24.986,1339,0
MOV,D,20190614,000000,23.532,24.986,23.532,24.501,1061,0
MOV,D,20190617,000000,24.501,24.986,24.211,24.695,931,0
MOV,D,20190618,000000,24.695,25.082,24.211,25.082,1436,0
MOV,D,20190619,000000,24.695,25.18,24.308,24.308,1693,0
MOV,D,20190621,000000,25.663,25.663,24.017,24.695,2364,0
MOV,D,20190624,000000,24.211,24.211,23.727,24.211,1018,0
MOV,D,20190625,000000,24.114,24.114,23.63,24.017,1166,0
MOV,D,20190626,000000,23.63,24.598,23.436,24.017,814,0
MOV,D,20190627,000000,23.532,24.211,23.532,24.211,419,0
MOV,D,20190628,000000,24.211,25.857,24.211,24.889,2155,0
MOV,D,20190701,000000,24.986,25.857,24.889,25.76,1300,0
MOV,D,20190702,000000,25.76,25.857,25.18,25.18,1006,0
MOV,D,20190703,000000,25.18,25.857,24.986,25.857,566,0
MOV,D,20190704,000000,25.567,26.148,25.18,26.148,1961,0
MOV,D,20190705,000000,26.148,27.6,26.05,26.632,2139,0
MOV,D,20190708,000000,27.6,27.987,27.116,27.6,2582,0
MOV,D,20190709,000000,27.019,28.085,26.729,26.922,238,0
MOV,D,20190710,000000,26.729,27.116,25.276,26.922,888,0
MOV,D,20190711,000000,27.019,27.019,25.663,26.148,1636,0
MOV,D,20190712,000000,26.148,26.148,25.663,26.148,257,0
MOV,D,20190715,000000,27.116,27.116,26.148,26.535,1158,0
MOV,D,20190716,000000,26.148,26.148,25.663,26.148,687,0
MOV,D,20190717,000000,26.148,26.535,26.148,26.535,796,0
MOV,D,20190718,000000,26.535,26.535,26.148,26.148,877,0
MOV,D,20190719,000000,26.148,27.6,25.663,27.116,2293,0
MOV,D,20190722,000000,26.632,27.213,26.148,27.213,495,0
MOV,D,20190723,000000,27.213,27.309,27.019,27.309,729,0
MOV,D,20190724,000000,27.504,28.085,27.407,28.085,403,0
MOV,D,20190725,000000,28.085,28.762,28.085,28.762,1775,0
MOV,D,20190726,000000,28.762,28.762,27.504,28.762,1060,0
MOV,D,20190729,000000,28.085,28.666,27.698,28.472,1293,0
MOV,D,20190730,000000,28.085,28.666,27.794,28.375,3022,0
MOV,D,20190731,000000,28.568,28.568,28.375,28.568,1836,0
MOV,D,20190801,000000,28.568,28.568,27.794,28.085,1290,0
MOV,D,20190802,000000,28.085,28.085,27.504,28.085,1205,0
MOV,D,20190805,000000,27.504,28.085,27.213,28.085,1596,0
MOV,D,20190806,000000,28.085,28.085,27.891,27.987,276,0
MOV,D,20190807,000000,27.987,27.987,27.019,27.698,1809,0
MOV,D,20190808,000000,27.213,27.213,26.148,26.632,3963,0
MOV,D,20190809,000000,26.632,26.632,25.663,26.632,1918,0
MOV,D,20190812,000000,26.632,26.632,25.76,26.148,1032,0
MOV,D,20190813,000000,26.535,26.535,25.47,26.535,518,0
MOV,D,20190814,000000,26.535,26.535,25.663,26.535,337,0
MOV,D,20190816,000000,26.148,26.535,25.954,26.535,1341,0
MOV,D,20190819,000000,26.535,26.535,25.18,26.341,648,0
MOV,D,20190820,000000,26.341,26.535,26.341,26.439,364,0
MOV,D,20190821,000000,26.535,27.213,26.245,26.632,1801,0
MOV,D,20190822,000000,26.922,27.891,26.729,27.6,952,0
MOV,D,20190823,000000,27.6,27.891,27.213,27.891,1674,0
MOV,D,20190826,000000,27.213,27.891,27.213,27.891,531,0
MOV,D,20190827,000000,28.085,28.762,28.085,28.568,2050,0
MOV,D,20190828,000000,28.762,30.021,28.666,29.537,2804,0
MOV,D,20190829,000000,29.634,29.731,28.472,29.537,667,0
MOV,D,20190830,000000,28.762,29.537,28.762,29.537,1927,0
MOV,D,20190902,000000,29.537,34.089,29.44,31.184,8156,0
MOV,D,20190903,000000,31.958,32.345,30.99,30.99,8025,0
MOV,D,20190904,000000,31.571,31.764,30.505,31.764,2039,0
MOV,D,20190905,000000,33.991,33.991,31.571,32.443,2711,0
MOV,D,20190906,000000,32.539,33.411,31.764,32.443,540,0
MOV,D,20190909,000000,31.571,32.152,30.99,32.152,1193,0
MOV,D,20190910,000000,32.152,32.152,30.99,31.086,1100,0
MOV,D,20190911,000000,30.99,35.057,30.118,33.702,10223,0
MOV,D,20190912,000000,32.927,34.767,32.927,33.895,3953,0
MOV,D,20190913,000000,33.895,34.476,32.927,34.282,4234,0
MOV,D,20190916,000000,36.316,37.478,35.445,36.413,10957,0
MOV,D,20190917,000000,38.544,38.64,37.188,38.157,3789,0
MOV,D,20190918,000000,38.157,38.157,37.091,37.963,1971,0
MOV,D,20190919,000000,38.737,38.737,36.8,37.672,1214,0
MOV,D,20190920,000000,37.672,38.35,36.413,37.478,1909,0
MOV,D,20190923,000000,37.575,37.768,36.8,37.285,3510,0
MOV,D,20190924,000000,37.768,37.768,35.832,37.381,1305,0
MOV,D,20190925,000000,38.059,38.253,37.285,38.157,1060,0
MOV,D,20190926,000000,37.672,38.253,37.285,37.285,449,0
MOV,D,20190927,000000,37.285,37.285,35.057,36.026,4250,0
MOV,D,20190930,000000,36.026,36.026,33.411,34.767,3836,0
MOV,D,20191001,000000,34.863,36.413,34.38,35.639,2016,0
MOV,D,20191002,000000,34.573,34.767,32.443,33.604,4027,0
MOV,D,20191003,000000,34.863,34.863,32.345,33.411,2068,0
MOV,D,20191004,000000,33.411,33.411,32.152,32.539,1589,0
MOV,D,20191007,000000,32.927,32.927,31.862,32.443,3044,0
MOV,D,20191008,000000,33.411,33.411,32.249,32.927,3176,0
MOV,D,20191009,000000,33.604,33.604,31.28,32.443,5925,0
MOV,D,20191010,000000,32.152,32.636,31.086,32.636,2248,0
MOV,D,20191011,000000,32.636,33.895,32.636,33.895,864,0
MOV,D,20191014,000000,34.863,34.863,31.764,33.798,2344,0
MOV,D,20191015,000000,33.798,35.832,33.798,34.476,3623,0
MOV,D,20191016,000000,33.895,33.991,32.539,33.604,2604,0
MOV,D,20191017,000000,32.927,33.895,31.958,32.443,2776,0
MOV,D,20191018,000000,30.505,30.505,26.729,28.957,11158,0
MOV,D,20191021,000000,28.085,30.505,28.085,29.925,10105,0
MOV,D,20191022,000000,29.15,31.377,29.15,30.505,5826,0
MOV,D,20191023,000000,30.409,31.668,30.409,31.668,2192,0
MOV,D,20191024,000000,31.958,31.958,29.537,30.796,2213,0
MOV,D,20191025,000000,29.15,30.118,28.472,29.827,3484,0
MOV,D,20191028,000000,29.827,29.827,28.278,29.053,3035,0
MOV,D,20191029,000000,28.859,28.859,27.213,28.085,4740,0
MOV,D,20191030,000000,28.472,28.472,26.148,26.922,3212,0
MOV,D,20191031,000000,26.729,26.729,25.47,26.148,2822,0
MOV,D,20191104,000000,25.663,26.922,25.276,26.922,2826,0
MOV,D,20191105,000000,26.922,29.053,26.922,28.666,3973,0
MOV,D,20191106,000000,29.15,29.246,27.213,28.568,3730,0
MOV,D,20191107,000000,28.568,28.568,27.794,28.085,234,0
MOV,D,20191108,000000,27.794,28.085,27.794,28.085,270,0
MOV,D,20191112,000000,28.085,28.666,26.826,27.891,646,0
MOV,D,20191113,000000,28.085,28.085,26.826,28.085,1329,0
MOV,D,20191114,000000,28.085,28.957,28.085,28.957,384,0
MOV,D,20191115,000000,28.957,28.957,28.957,28.957,51,0
MOV,D,20191118,000000,28.957,28.957,27.891,28.957,288,0
MOV,D,20191119,000000,28.762,28.762,26.632,28.375,1529,0
MOV,D,20191120,000000,28.375,29.053,27.407,28.181,1089,0
MOV,D,20191121,000000,28.085,28.568,27.309,28.085,1097,0
MOV,D,20191122,000000,27.213,27.987,27.213,27.987,700,0
MOV,D,20191125,000000,27.6,28.085,26.826,27.6,735,0
MOV,D,20191126,000000,27.116,27.794,27.116,27.6,367,0
MOV,D,20191127,000000,27.213,28.085,27.213,27.987,378,0
MOV,D,20191128,000000,27.987,27.987,27.987,27.987,16,0
MOV,D,20191129,000000,27.987,28.085,27.407,28.085,222,0
MOV,D,20191202,000000,28.085,28.085,27.407,28.085,157,0
MOV,D,20191203,000000,28.085,30.409,28.085,29.925,3010,0
MOV,D,20191204,000000,29.246,30.603,28.666,29.053,2241,0
MOV,D,20191205,000000,28.472,29.053,27.116,28.472,4407,0
MOV,D,20191206,000000,27.698,28.568,27.698,28.568,597,0
MOV,D,20191209,000000,28.859,28.957,27.794,27.794,672,0
MOV,D,20191210,000000,27.987,29.053,27.987,29.053,963,0
MOV,D,20191211,000000,29.053,29.053,27.794,28.472,2757,0
MOV,D,20191212,000000,29.053,29.053,27.6,28.375,7282,0
MOV,D,20191213,000000,28.762,29.246,27.987,28.568,7020,0
MOV,D,20191216,000000,28.568,28.568,27.794,28.278,1932,0
MOV,D,20191217,000000,28.568,28.957,28.472,28.666,1459,0
MOV,D,20191218,000000,28.085,28.278,27.891,28.278,4778,0
MOV,D,20191219,000000,28.085,29.053,28.085,28.859,2273,0
MOV,D,20191220,000000,28.278,28.568,28.085,28.375,2588,0
MOV,D,20191223,000000,27.987,28.568,27.987,28.568,1761,0
MOV,D,20191227,000000,29.44,30.118,28.278,30.021,1565,0
MOV,D,20191230,000000,30.021,32.539,29.634,32.152,3991,0
MOV,D,20200102,000000,32.539,33.702,31.086,33.121,2535,0
MOV,D,20200103,000000,33.121,33.314,31.958,32.927,1355,0
MOV,D,20200107,000000,32.733,32.733,30.409,32.443,3454,0
MOV,D,20200108,000000,31.764,32.055,30.603,31.862,4260,0
MOV,D,20200109,000000,31.377,33.895,31.184,33.895,6753,0
MOV,D,20200110,000000,33.798,35.348,32.927,33.895,8474,0
MOV,D,20200113,000000,34.282,34.282,33.217,33.895,4338,0
MOV,D,20200114,000000,33.798,33.798,31.958,32.927,7251,0
MOV,D,20200115,000000,32.249,32.443,31.958,32.443,3757,0
MOV,D,20200116,000000,33.895,33.895,31.958,32.249,5634,0
MOV,D,20200117,000000,32.83,32.83,30.99,31.958,1926,0
MOV,D,20200120,000000,31.184,31.764,30.603,31.377,3259,0
MOV,D,20200121,000000,31.764,31.764,30.505,31.086,5097,0
MOV,D,20200122,000000,30.99,30.99,29.731,30.699,6289,0
MOV,D,20200123,000000,30.505,30.99,29.246,29.537,4049,0
MOV,D,20200124,000000,29.925,30.699,29.053,30.021,3473,0
MOV,D,20200127,000000,29.537,29.827,29.246,29.731,2140,0
MOV,D,20200128,000000,29.634,29.731,29.44,29.537,2541,0
MOV,D,20200129,000000,29.537,29.925,28.278,29.925,5328,0
MOV,D,20200130,000000,30.021,30.021,28.666,29.731,1409,0
MOV,D,20200131,000000,29.731,29.731,28.472,29.053,7517,0
MOV,D,20200203,000000,29.537,30.409,29.053,30.312,5509,0
MOV,D,20200204,000000,29.731,31.474,29.731,30.99,7322,0
MOV,D,20200205,000000,31.474,32.83,31.086,32.636,18712,0
MOV,D,20200206,000000,32.539,32.539,31.958,32.539,6708,0
MOV,D,20200207,000000,32.539,32.539,31.377,32.345,2341,0
MOV,D,20200210,000000,32.345,32.636,30.99,32.443,4850,0
MOV,D,20200211,000000,32.443,33.217,32.249,33.217,5821,0
MOV,D,20200212,000000,33.314,33.314,32.539,32.927,2221,0
MOV,D,20200213,000000,32.927,33.121,32.443,33.023,2862,0
MOV,D,20200214,000000,32.539,33.023,32.443,33.023,5789,0
MOV,D,20200217,000000,33.314,35.639,32.927,34.863,26380,0
MOV,D,20200218,000000,34.767,35.639,34.089,35.348,9202,0
MOV,D,20200219,000000,35.832,36.607,35.348,36.413,13641,0
MOV,D,20200220,000000,36.898,36.898,35.735,36.122,11272,0
MOV,D,20200221,000000,36.316,36.316,35.348,35.735,6558,0
MOV,D,20200224,000000,35.445,35.445,33.217,33.991,10663,0
MOV,D,20200225,000000,34.186,34.186,29.634,31.958,21010,0
MOV,D,20200226,000000,30.312,33.411,29.827,33.314,6845,0
MOV,D,20200227,000000,32.443,33.121,30.505,30.99,10509,0
MOV,D,20200228,000000,29.537,30.216,25.373,26.922,18213,0
MOV,D,20200302,000000,29.634,29.634,27.116,29.053,12774,0
MOV,D,20200303,000000,30.021,30.699,27.987,30.505,13272,0
MOV,D,20200304,000000,29.827,30.216,28.568,30.216,2202,0
MOV,D,20200305,000000,30.216,30.99,28.278,28.859,7917,0
MOV,D,20200306,000000,27.987,28.472,27.407,28.278,4575,0
MOV,D,20200309,000000,26.535,27.019,21.403,25.373,16919,0
MOV,D,20200310,000000,25.373,26.439,24.501,25.857,5264,0
MOV,D,20200311,000000,26.05,26.05,21.693,23.049,8630,0
MOV,D,20200312,000000,20.337,20.337,16.269,16.269,19654,0
MOV,D,20200313,000000,17.432,20.337,16.948,18.303,19118,0
MOV,D,20200316,000000,17.626,20.918,14.914,20.821,15095,0
MOV,D,20200317,000000,21.403,24.114,20.821,23.339,12611,0
MOV,D,20200318,000000,23.339,24.791,21.305,23.727,8814,0
MOV,D,20200319,000000,24.017,26.148,23.63,25.954,6241,0
MOV,D,20200320,000000,26.341,27.6,25.18,26.05,12373,0
MOV,D,20200323,000000,23.727,24.791,19.368,24.114,12252,0
MOV,D,20200324,000000,25.18,25.663,23.921,25.663,4110,0
MOV,D,20200325,000000,28.085,29.44,25.857,27.116,15656,0
MOV,D,20200326,000000,27.019,28.762,26.729,28.666,4273,0
MOV,D,20200327,000000,29.344,29.537,26.632,27.794,4574,0
MOV,D,20200330,000000,26.341,27.891,26.148,26.439,2706,0
MOV,D,20200331,000000,26.439,27.987,26.439,27.891,10718,0
MOV,D,20200401,000000,26.245,28.666,26.148,28.568,5188,0
MOV,D,20200402,000000,28.666,28.762,27.6,28.666,7308,0
MOV,D,20200403,000000,28.666,31.862,28.666,31.862,12475,0
MOV,D,20200406,000000,33.217,36.22,33.121,34.863,24113,0
MOV,D,20200407,000000,36.704,37.381,31.958,32.055,24425,0
MOV,D,20200408,000000,33.121,35.832,33.121,35.735,8300,0
MOV,D,20200409,000000,35.929,39.221,35.929,39.125,45745,0
MOV,D,20200414,000000,41.545,47.453,41.158,47.453,79854,0
MOV,D,20200415,000000,48.227,50.165,42.417,46.485,36323,0
MOV,D,20200416,000000,47.647,51.908,46,51.908,39824,0
MOV,D,20200417,000000,62.948,68.758,57.138,63.916,120857,0
MOV,D,20200420,000000,65.466,65.66,55.007,58.106,125372,0
MOV,D,20200421,000000,58.106,58.687,51.908,55.007,47697,0
MOV,D,20200422,000000,55.394,62.948,54.232,61.011,53492,0
MOV,D,20200423,000000,61.011,62.948,58.493,59.075,30516,0
MOV,D,20200424,000000,58.299,58.299,53.263,57.138,30828,0
MOV,D,20200427,000000,56.944,57.525,54.62,56.169,31870,0
MOV,D,20200428,000000,58.106,58.493,55.201,56.169,18939,0
MOV,D,20200429,000000,56.169,56.363,52.876,55.975,12536,0
MOV,D,20200430,000000,55.394,55.781,54.039,55.781,8651,0
MOV,D,20200504,000000,55.975,58.106,53.263,56.75,18329,0
MOV,D,20200505,000000,56.944,57.525,55.201,56.169,7782,0
MOV,D,20200506,000000,56.169,56.557,53.457,54.426,8893,0
MOV,D,20200507,000000,56.169,61.205,54.426,61.205,21825,0
MOV,D,20200508,000000,62.174,62.948,58.687,59.849,13779,0
MOV,D,20200511,000000,60.043,62.948,60.043,61.205,8382,0
MOV,D,20200512,000000,61.593,61.98,59.656,61.398,7088,0
MOV,D,20200513,000000,61.205,61.786,59.075,60.817,2756,0
MOV,D,20200514,000000,61.011,61.011,54.232,56.75,15005,0
MOV,D,20200515,000000,57.138,59.849,57.138,58.106,5113,0
MOV,D,20200518,000000,57.912,59.075,55.588,58.493,10108,0
MOV,D,20200519,000000,60.817,60.817,57.912,58.299,3105,0
MOV,D,20200520,000000,57.138,61.011,56.169,59.075,15843,0
MOV,D,20200521,000000,60.043,60.236,58.687,60.043,7427,0
MOV,D,20200522,000000,59.849,61.011,59.075,61.011,16123,0
MOV,D,20200525,000000,61.011,61.593,60.043,61.398,17112,0
MOV,D,20200526,000000,61.593,68.371,61.205,67.403,44112,0
MOV,D,20200527,000000,68.565,72.052,64.111,66.822,42543,0
MOV,D,20200528,000000,67.597,69.534,65.272,69.534,15861,0
MOV,D,20200529,000000,69.727,70.502,67.79,69.146,2576,0
MOV,D,20200601,000000,69.146,69.534,67.79,68.758,4297,0
MOV,D,20200602,000000,68.758,71.664,67.016,68.758,12308,0
MOV,D,20200603,000000,69.534,69.534,67.597,68.565,7760,0
MOV,D,20200604,000000,69.34,69.34,68.178,68.565,4866,0
MOV,D,20200605,000000,68.371,68.371,64.885,68.371,10046,0
MOV,D,20200608,000000,68.178,68.178,66.434,67.403,8216,0
MOV,D,20200609,000000,66.822,68.178,66.047,67.984,9397,0
MOV,D,20200610,000000,67.79,78.637,67.209,77.475,19353,0
MOV,D,20200612,000000,73.213,86.965,73.213,86.19,29396,0
MOV,D,20200615,000000,87.159,89.483,79.217,84.06,14260,0
MOV,D,20200616,000000,84.253,85.997,81.348,84.641,11011,0
MOV,D,20200617,000000,84.447,86.771,82.316,85.222,6160,0
MOV,D,20200618,000000,85.416,85.416,81.735,84.447,16848,0
MOV,D,20200619,000000,83.285,84.641,81.348,81.348,8795,0
MOV,D,20200622,000000,82.316,85.029,81.542,84.253,7411,0
MOV,D,20200623,000000,85.416,90.452,81.348,88.128,19877,0
MOV,D,20200624,000000,89.096,95.681,86.19,94.132,16315,0
MOV,D,20200625,000000,93.744,100.23,92.001,96.846,16514,0
MOV,D,20200626,000000,99.75,101.68,92.97,93.938,12213,0
MOV,D,20200629,000000,92.001,96.846,90.258,96.65,8382,0
MOV,D,20200630,000000,97.323,97.323,92.001,92.97,6874,0
MOV,D,20200701,000000,93.938,95.293,92.001,95.293,2931,0
MOV,D,20200702,000000,94.132,100.72,93.938,98.782,8807,0
MOV,D,20200703,000000,99.75,100.72,95.875,98.296,4791,0
MOV,D,20200706,000000,98.296,102.17,93.938,99.75,11070,0
MOV,D,20200707,000000,101.68,102.17,96.846,99.75,5576,0
MOV,D,20200708,000000,98.782,100.72,97.809,100.72,5286,0
MOV,D,20200709,000000,101.68,102.17,97.809,101.68,5719,0
MOV,D,20200710,000000,101.68,101.68,97.809,101.68,3789,0
MOV,D,20200713,000000,101.68,119.12,101.68,119.12,19080,0
MOV,D,20200714,000000,120.09,124.93,111.37,112.34,14371,0
MOV,D,20200715,000000,115.24,119.6,111.37,116.21,7827,0
MOV,D,20200716,000000,117.67,122.03,112.82,115.73,8619,0
MOV,D,20200717,000000,116.21,116.21,112.34,115.73,5656,0
MOV,D,20200720,000000,116.21,116.21,107.5,111.37,17876,0
MOV,D,20200721,000000,111.37,113.31,102.65,112.34,17039,0
MOV,D,20200722,000000,114.27,115.24,108.95,113.79,4494,0
MOV,D,20200723,000000,111.86,121.05,109.91,114.27,10357,0
MOV,D,20200724,000000,113.31,116.21,109.44,113.31,8423,0
MOV,D,20200727,000000,110.89,113.31,109.91,111.37,7930,0
MOV,D,20200728,000000,109.91,110.4,105.56,106.04,13363,0
MOV,D,20200729,000000,106.04,113.79,102.17,111.86,13147,0
MOV,D,20200730,000000,114.27,116.21,92.001,96.846,28577,0
MOV,D,20200731,000000,97.323,107.01,97.323,105.56,16913,0
MOV,D,20200803,000000,107.01,115.73,107.01,114.76,12314,0
MOV,D,20200804,000000,118.15,132.68,116.21,131.71,27763,0
MOV,D,20200805,000000,132.68,132.68,110.4,116.21,28178,0
MOV,D,20200806,000000,119.6,143.32,114.76,133.64,51243,0
MOV,D,20200807,000000,141.39,141.87,117.18,131.71,56897,0
MOV,D,20200810,000000,133.16,133.16,122.5,126.86,10433,0
MOV,D,20200811,000000,127.35,127.35,121.05,122.99,10980,0
MOV,D,20200812,000000,123.96,123.96,99.75,111.86,16164,0
MOV,D,20200813,000000,108.95,120.09,105.56,117.18,7061,0
MOV,D,20200814,000000,118.63,119.12,113.31,114.27,4685,0
MOV,D,20200817,000000,112.34,122.03,110.4,121.05,9606,0
MOV,D,20200818,000000,122.99,126.86,121.05,122.5,7566,0
MOV,D,20200819,000000,124.93,132.19,122.99,130.26,11207,0
MOV,D,20200820,000000,129.77,145.27,125.9,135.09,31903,0
MOV,D,20200821,000000,138.49,143.81,133.64,135.58,12506,0
MOV,D,20200824,000000,138.49,138.49,128.8,130.73,5719,0
MOV,D,20200825,000000,131.71,141.39,128.8,129.77,14216,0
MOV,D,20200826,000000,130.26,140.42,130.26,132.19,27729,0
MOV,D,20200827,000000,134.13,136.55,132.19,133.64,4499,0
MOV,D,20200828,000000,132.68,133.64,129.28,133.64,3226,0
MOV,D,20200831,000000,134.62,134.62,129.77,130.26,3531,0
MOV,D,20200901,000000,129.77,133.16,122.99,128.8,7021,0
MOV,D,20200902,000000,128.8,130.26,118.15,126.86,4092,0
MOV,D,20200903,000000,125.9,126.86,122.03,122.03,3243,0
MOV,D,20200904,000000,117.18,123.96,112.34,118.15,5483,0
MOV,D,20200907,000000,117.67,122.99,108.46,114.76,7210,0
MOV,D,20200908,000000,113.31,116.21,96.846,109.44,21455,0
MOV,D,20200909,000000,108.46,114.76,100.72,111.86,5925,0
MOV,D,20200910,000000,113.31,117.18,106.04,113.79,6620,0
MOV,D,20200911,000000,111.37,113.79,109.91,112.34,2626,0
MOV,D,20200914,000000,109.91,112.82,108.46,111.86,3897,0
MOV,D,20200915,000000,109.44,112.82,103.62,110.4,6232,0
MOV,D,20200916,000000,110.89,110.89,106.53,107.98,1437,0
MOV,D,20200917,000000,106.53,107.5,100.23,106.53,8965,0
MOV,D,20200918,000000,106.53,110.89,104.1,108.95,3382,0
MOV,D,20200921,000000,110.4,110.89,103.62,106.53,3194,0
MOV,D,20200922,000000,106.53,110.4,104.1,107.98,3773,0
MOV,D,20200923,000000,106.53,108.95,102.17,105.56,3421,0
MOV,D,20200924,000000,105.56,105.56,97.323,100.72,5462,0
MOV,D,20200925,000000,101.2,107.5,95.293,107.01,9074,0
MOV,D,20200928,000000,105.56,107.98,104.1,104.59,1680,0
MOV,D,20200929,000000,107.02,107.02,100.21,103.13,3127,0
MOV,D,20200930,000000,102.64,105.08,98.267,103.13,4480,0
MOV,D,20201001,000000,103.13,108,103.13,107.02,4974,0
MOV,D,20201002,000000,104.59,106.05,99.24,102.16,4653,0
MOV,D,20201005,000000,101.19,104.1,98.753,103.13,3369,0
MOV,D,20201006,000000,103.13,104.1,99.24,102.16,3073,0
MOV,D,20201007,000000,99.73,103.13,99.24,101.19,1831,0
MOV,D,20201008,000000,101.19,103.13,98.753,100.7,5050,0
MOV,D,20201009,000000,101.19,101.19,96.126,98.267,9812,0
MOV,D,20201012,000000,96.321,98.267,87.759,96.126,12830,0
MOV,D,20201013,000000,93.402,96.321,89.316,91.456,17281,0
MOV,D,20201014,000000,89.51,91.456,88.537,90.288,9800,0
MOV,D,20201015,000000,87.953,90.288,80.754,86.591,31451,0
MOV,D,20201016,000000,84.451,95.348,84.451,94.959,9598,0
MOV,D,20201019,000000,96.321,101.19,94.375,100.21,8337,0
MOV,D,20201020,000000,101.19,101.19,93.402,97.294,3681,0
MOV,D,20201021,000000,95.348,98.267,94.375,96.126,2256,0
MOV,D,20201022,000000,95.348,95.348,91.456,94.959,2382,0
MOV,D,20201023,000000,95.348,95.348,89.121,90.872,3834,0
MOV,D,20201026,000000,92.624,92.818,87.759,90.483,5977,0
MOV,D,20201027,000000,90.483,93.402,88.537,92.429,1871,0
MOV,D,20201028,000000,92.234,92.234,83.867,85.618,15374,0
MOV,D,20201029,000000,85.618,87.564,82.31,86.591,5834,0
MOV,D,20201030,000000,87.37,87.37,82.7,85.618,3689,0
MOV,D,20201102,000000,84.062,90.872,84.062,89.316,2510,0
MOV,D,20201103,000000,91.456,91.456,86.397,90.288,4344,0
MOV,D,20201104,000000,92.429,93.207,90.288,93.207,6833,0
MOV,D,20201105,000000,94.18,101.19,94.18,101.19,8380,0
MOV,D,20201106,000000,101.67,106.54,98.753,103.13,9480,0
MOV,D,20201109,000000,105.56,105.56,96.321,100.7,5481,0
MOV,D,20201110,000000,97.294,101.19,94.959,96.126,2137,0
MOV,D,20201112,000000,99.73,99.73,97.78,98.753,1154,0
MOV,D,20201113,000000,99.24,103.13,95.348,103.13,2603,0
MOV,D,20201116,000000,104.1,105.08,95.932,101.19,2839,0
MOV,D,20201117,000000,101.19,104.1,99.24,104.1,2725,0
MOV,D,20201118,000000,104.1,104.1,102.16,103.13,2833,0
MOV,D,20201119,000000,103.13,103.62,99.24,102.16,3333,0
MOV,D,20201120,000000,101.19,103.62,100.21,103.13,1934,0
MOV,D,20201123,000000,101.19,114.81,97.099,112.37,14111,0
MOV,D,20201124,000000,110.91,115.78,108,113.83,2853,0
MOV,D,20201125,000000,112.86,114.32,108.97,111.89,1749,0
MOV,D,20201126,000000,108.97,112.86,108,108.97,1894,0
MOV,D,20201127,000000,111.89,111.89,107.02,109.94,1306,0
MOV,D,20201130,000000,109.94,112.37,105.08,109.46,4821,0
MOV,D,20201201,000000,109.94,109.94,104.1,107.02,2916,0
MOV,D,20201202,000000,105.08,109.94,102.16,109.46,3639,0
MOV,D,20201203,000000,109.94,111.89,104.59,109.46,1990,0
MOV,D,20201204,000000,108,109.94,105.08,108.97,2019,0
MOV,D,20201207,000000,108.97,109.46,105.08,106.05,1701,0
MOV,D,20201208,000000,105.08,107.51,99.24,103.62,4200,0
MOV,D,20201209,000000,102.16,103.13,98.267,100.21,4754,0
MOV,D,20201210,000000,98.753,102.16,97.294,99.24,2246,0
MOV,D,20201211,000000,97.78,98.267,84.645,96.515,35447,0
MOV,D,20201214,000000,99.24,102.16,89.705,93.402,6358,0
MOV,D,20201215,000000,91.651,94.375,90.288,94.375,9481,0
MOV,D,20201216,000000,94.375,94.375,91.456,94.18,4496,0
MOV,D,20201217,000000,94.18,94.375,92.429,94.375,5810,0
MOV,D,20201218,000000,92.818,94.375,89.899,91.651,5654,0
MOV,D,20201221,000000,92.04,92.04,88.926,89.121,3396,0
MOV,D,20201222,000000,89.121,90.483,86.591,87.759,4066,0
MOV,D,20201223,000000,87.564,87.564,85.618,86.591,8034,0
MOV,D,20201228,000000,85.618,94.375,82.894,93.596,16676,0
MOV,D,20201229,000000,94.18,94.375,90.483,94.375,5190,0
MOV,D,20201230,000000,94.375,94.375,91.067,92.234,2863,0
MOV,D,20210104,000000,91.456,100.21,90.483,96.126,4316,0
MOV,D,20210105,000000,94.375,96.321,91.651,94.569,4840,0
MOV,D,20210107,000000,96.515,97.294,94.569,97.294,11811,0
MOV,D,20210108,000000,100.21,100.7,96.126,97.294,11858,0
MOV,D,20210111,000000,98.267,104.1,97.294,101.67,8314,0
MOV,D,20210112,000000,102.16,104.1,100.21,102.16,4893,0
MOV,D,20210113,000000,101.19,102.64,96.904,102.64,4050,0
MOV,D,20210114,000000,99.24,104.59,99.24,104.1,6015,0
MOV,D,20210115,000000,104.1,107.02,102.16,103.13,5424,0
MOV,D,20210118,000000,103.62,109.94,103.13,109.94,6554,0
MOV,D,20210119,000000,111.4,112.86,106.05,108.97,7525,0
MOV,D,20210120,000000,106.05,112.37,106.05,110.91,3907,0
MOV,D,20210121,000000,110.91,111.89,108.97,109.94,1500,0
MOV,D,20210122,000000,109.94,112.37,107.02,109.46,4950,0
MOV,D,20210125,000000,111.4,111.89,108.97,111.4,1639,0
MOV,D,20210126,000000,111.4,115.29,109.46,115.29,3539,0
MOV,D,20210127,000000,115.29,119.18,111.4,114.32,9846,0
MOV,D,20210128,000000,113.35,113.35,107.02,110.91,4818,0
MOV,D,20210129,000000,108.48,111.89,108.48,109.46,2956,0
MOV,D,20210201,000000,109.94,110.91,100.21,104.1,11610,0
MOV,D,20210202,000000,104.1,108.97,102.16,108.97,3306,0
MOV,D,20210203,000000,108.97,109.94,105.08,107.02,1373,0
MOV,D,20210204,000000,108.48,109.46,104.1,108.48,1354,0
MOV,D,20210205,000000,106.54,108.97,105.08,108.97,1296,0
MOV,D,20210208,000000,109.94,109.94,106.05,108,973,0
MOV,D,20210209,000000,108,108,103.13,104.59,3674,0
MOV,D,20210210,000000,106.05,112.86,104.1,109.46,5554,0
MOV,D,20210211,000000,111.89,112.37,106.05,108.97,2200,0
MOV,D,20210212,000000,111.89,111.89,107.02,111.89,1795,0
MOV,D,20210215,000000,112.37,112.86,109.46,111.4,10675,0
MOV,D,20210216,000000,110.91,117.73,109.94,114.81,6946,0
MOV,D,20210217,000000,116.75,121.13,115.78,117.73,6312,0
MOV,D,20210218,000000,115.29,116.75,112.86,113.83,2722,0
MOV,D,20210219,000000,115.29,115.78,110.91,112.86,1821,0
MOV,D,20210222,000000,111.89,111.89,107.51,110.91,3583,0
MOV,D,20210223,000000,111.4,114.81,108.48,109.46,3686,0
MOV,D,20210224,000000,112.37,112.37,109.46,112.37,1162,0
MOV,D,20210225,000000,112.86,114.81,109.94,110.91,1900,0
MOV,D,20210226,000000,109.46,110.91,108,108.97,2682,0
MOV,D,20210301,000000,107.51,111.4,107.02,111.4,1264,0
MOV,D,20210302,000000,109.46,110.91,108,109.94,393,0
MOV,D,20210303,000000,109.94,109.94,105.08,108.48,1470,0
MOV,D,20210304,000000,108,108,102.16,106.05,3036,0
MOV,D,20210305,000000,103.62,108.48,103.13,107.02,2009,0
MOV,D,20210308,000000,108,108,104.1,107.51,2296,0
MOV,D,20210309,000000,107.02,108.97,103.62,106.54,2791,0
MOV,D,20210310,000000,107.02,107.51,90.872,101.67,6752,0
MOV,D,20210311,000000,104.59,109.46,98.267,104.59,8986,0
MOV,D,20210312,000000,104.59,104.59,93.402,101.19,5301,0
MOV,D,20210315,000000,100.21,102.16,96.515,102.16,7110,0
MOV,D,20210316,000000,102.16,102.64,100.21,101.67,2564,0
MOV,D,20210317,000000,96.515,98.267,93.402,93.986,10712,0
MOV,D,20210318,000000,92.429,96.321,91.456,94.375,2210,0
MOV,D,20210319,000000,93.986,93.986,91.651,92.429,2030,0
MOV,D,20210322,000000,94.18,94.375,91.456,93.402,3310,0
MOV,D,20210323,000000,93.402,96.904,91.261,93.986,5378,0
MOV,D,20210324,000000,94.959,97.294,93.013,95.153,4426,0
MOV,D,20210325,000000,95.153,98.267,95.153,97.294,3172,0
MOV,D,20210326,000000,97.294,97.294,92.429,95.542,2936,0
MOV,D,20210329,000000,96.321,97.099,92.429,93.596,4897,0
MOV,D,20210330,000000,95.348,96.321,93.013,94.959,2212,0
MOV,D,20210331,000000,93.402,95.542,92.818,95.348,2496,0
MOV,D,20210401,000000,94.764,94.959,93.207,94.861,570,0
MOV,D,20210406,000000,95.153,95.25,93.207,94.375,2755,0
MOV,D,20210407,000000,94.375,94.569,89.899,93.596,3035,0
MOV,D,20210408,000000,91.651,93.402,90.288,92.429,2303,0
MOV,D,20210409,000000,91.456,91.456,88.732,91.359,2855,0
MOV,D,20210412,000000,91.456,92.429,89.121,89.997,2306,0
MOV,D,20210413,000000,89.413,90.386,87.759,88.343,4902,0
MOV,D,20210414,000000,88.537,89.997,88.245,89.997,4251,0
MOV,D,20210415,000000,89.997,90.191,87.564,89.121,1888,0
MOV,D,20210416,000000,89.997,89.997,87.856,89.997,1457,0
MOV,D,20210419,000000,89.997,91.456,88.051,91.456,2817,0
MOV,D,20210420,000000,91.456,92.915,89.607,92.429,6604,0
MOV,D,20210421,000000,92.429,93.11,87.564,91.359,2552,0
MOV,D,20210422,000000,88.343,92.332,88.343,88.343,1017,0
MOV,D,20210423,000000,88.537,88.537,81.727,85.132,4917,0
MOV,D,20210426,000000,85.132,85.521,81.727,82.505,3900,0
MOV,D,20210427,000000,82.31,82.505,76.278,81.143,8239,0
MOV,D,20210428,000000,80.462,87.564,80.462,83.964,4466,0
MOV,D,20210429,000000,84.451,84.451,79.781,80.754,3040,0
MOV,D,20210430,000000,78.808,82.7,78.808,80.267,5102,0
MOV,D,20210504,000000,80.267,95.348,75.889,77.835,12078,0
MOV,D,20210505,000000,77.835,82.213,76.181,81.337,6759,0
MOV,D,20210506,000000,79.781,80.754,77.932,78.613,4850,0
MOV,D,20210507,000000,78.029,79.781,76.181,78.808,4592,0
MOV,D,20210510,000000,78.808,79.781,73.943,77.348,3102,0
MOV,D,20210511,000000,75.208,77.057,74.138,76.765,2185,0
MOV,D,20210512,000000,74.235,75.013,71.9,72.97,5372,0
MOV,D,20210513,000000,72.97,73.943,68.106,72.776,5141,0
MOV,D,20210514,000000,71.997,72.776,68.884,70.149,11031,0
MOV,D,20210517,000000,70.149,71.997,68.787,69.078,3422,0
MOV,D,20210518,000000,68.592,68.592,65.673,66.16,9657,0
MOV,D,20210519,000000,65.381,69.565,62.852,68.884,19157,0
MOV,D,20210520,000000,72.776,75.305,70.051,73.943,12391,0
MOV,D,20210521,000000,76.862,77.64,71.219,72.192,11401,0
MOV,D,20210524,000000,72.97,73.165,68.3,69.078,10802,0
MOV,D,20210525,000000,69.176,72.97,68.203,70.051,10972,0
MOV,D,20210526,000000,70.051,72.678,69.954,71.9,1912,0
MOV,D,20210527,000000,72.776,74.624,71.997,74.624,5172,0
MOV,D,20210528,000000,72.97,76.862,72.873,76.667,3933,0
MOV,D,20210531,000000,76.667,78.711,74.527,75.792,1875,0
MOV,D,20210601,000000,75.792,75.792,70.927,71.997,4402,0
MOV,D,20210602,000000,71.997,71.997,70.051,70.927,2726,0
MOV,D,20210604,000000,70.927,71.024,70.343,71.024,7875,0
MOV,D,20210607,000000,71.024,72.581,69.662,70.051,9519,0
MOV,D,20210608,000000,70.051,75.694,70.051,74.624,16007,0
MOV,D,20210609,000000,74.916,76.765,74.332,74.722,6802,0
MOV,D,20210610,000000,74.624,74.722,71.511,72.97,3896,0
MOV,D,20210611,000000,71.316,78.808,71.024,77.64,38232,0
MOV,D,20210614,000000,77.835,77.835,74.04,74.332,6319,0
MOV,D,20210615,000000,76.376,76.376,74.332,74.819,2132,0
MOV,D,20210616,000000,74.819,74.819,72.095,73.165,2078,0
MOV,D,20210617,000000,73.165,73.165,70.149,71.511,2914,0
MOV,D,20210618,000000,71.803,72.484,71.219,72.386,1636,0
MOV,D,20210621,000000,72.386,72.386,67.522,68.787,4759,0
MOV,D,20210622,000000,69.662,70.83,67.619,68.008,3593,0
MOV,D,20210623,000000,68.106,68.787,65.673,67.133,4501,0
MOV,D,20210624,000000,66.938,67.814,65.187,66.938,6158,0
MOV,D,20210625,000000,65.284,70.051,65.187,69.857,23092,0
MOV,D,20210628,000000,71.024,73.749,67.911,70.343,6084,0
MOV,D,20210629,000000,69.857,71.024,68.689,70.343,1706,0
MOV,D,20210630,000000,70.343,70.83,68.106,68.981,3977,0
MOV,D,20210701,000000,70.149,72.97,69.078,71.511,6487,0
MOV,D,20210702,000000,71.511,72.484,70.732,71.024,992,0
MOV,D,20210705,000000,72.289,72.484,71.024,71.316,2579,0
MOV,D,20210706,000000,72.386,72.386,68.106,68.884,3705,0
MOV,D,20210707,000000,68.884,69.37,68.106,69.176,1293,0
MOV,D,20210708,000000,69.176,69.176,67.133,67.133,3884,0
MOV,D,20210709,000000,66.549,71.414,66.257,70.538,2644,0
MOV,D,20210712,000000,70.538,70.538,66.841,67.133,3068,0
MOV,D,20210713,000000,67.133,68.106,66.743,67.424,1813,0
MOV,D,20210714,000000,66.743,69.078,66.354,68.106,1941,0
MOV,D,20210715,000000,67.424,67.424,66.16,66.841,2690,0
MOV,D,20210716,000000,67.911,67.911,64.311,64.311,5456,0
MOV,D,20210719,000000,64.117,64.895,62.657,62.852,6301,0
MOV,D,20210720,000000,62.949,64.798,60.419,62.657,3983,0
MOV,D,20210721,000000,62.657,64.019,61.684,63.922,2950,0
MOV,D,20210722,000000,63.922,64.019,61.295,63.338,2750,0
MOV,D,20210723,000000,63.727,63.727,59.446,59.446,7353,0
MOV,D,20210726,000000,60.906,61.49,58.765,58.765,2858,0
MOV,D,20210727,000000,59.349,60.809,58.765,59.933,2780,0
MOV,D,20210728,000000,59.641,61.198,57.209,59.738,6421,0
MOV,D,20210729,000000,59.738,60.517,58.765,59.349,2126,0
MOV,D,20210730,000000,59.446,59.446,57.111,58.376,3969,0
MOV,D,20210802,000000,59.252,59.252,55.555,57.695,3985,0
MOV,D,20210803,000000,56.236,56.43,54.484,56.43,5972,0
MOV,D,20210804,000000,55.457,56.333,53.706,54.29,5414,0
MOV,D,20210805,000000,53.706,58.765,53.609,58.571,9070,0
MOV,D,20210806,000000,58.96,59.252,56.819,57.598,2657,0
MOV,D,20210809,000000,57.598,57.598,56.138,57.014,1984,0
MOV,D,20210810,000000,57.014,58.279,56.819,57.403,1173,0
MOV,D,20210811,000000,57.792,57.89,55.652,57.89,1819,0
MOV,D,20210812,000000,57.89,62.268,56.528,61.587,7495,0
MOV,D,20210813,000000,61.295,63.435,61.295,63.046,4444,0
MOV,D,20210816,000000,63.046,64.117,59.544,59.933,2164,0
MOV,D,20210817,000000,59.738,61.198,58.473,59.446,2425,0
MOV,D,20210818,000000,61.1,62.171,59.349,61.49,2577,0
MOV,D,20210819,000000,61.49,61.587,54.484,59.836,4355,0
MOV,D,20210820,000000,59.836,60.03,57.987,58.376,1886,0
MOV,D,20210823,000000,58.376,64.214,58.376,64.214,19118,0
MOV,D,20210824,000000,65.187,66.841,63.338,65.673,4329,0
MOV,D,20210825,000000,65.673,66.841,64.895,65.868,2260,0
MOV,D,20210826,000000,66.16,69.078,66.16,68.106,6089,0
MOV,D,20210827,000000,67.619,67.619,62.268,63.533,6023,0
MOV,D,20210830,000000,63.533,63.533,61.003,61.684,1863,0
MOV,D,20210831,000000,61.295,63.241,61.295,62.268,2713,0
MOV,D,20210901,000000,62.754,62.852,62.268,62.754,1482,0
MOV,D,20210902,000000,63.046,63.241,61.295,62.268,1824,0
MOV,D,20210903,000000,62.365,68.106,61.295,64.7,2470,0
MOV,D,20210906,000000,64.7,64.7,61.879,62.365,1336,0
MOV,D,20210907,000000,62.365,62.365,58.571,58.668,4779,0
MOV,D,20210908,000000,59.446,59.446,56.917,58.96,2622,0
MOV,D,20210909,000000,58.668,59.155,57.403,58.279,937,0
MOV,D,20210910,000000,59.057,59.057,56.625,57.987,1618,0
MOV,D,20210913,000000,57.987,57.987,56.138,57.209,2177,0
MOV,D,20210914,000000,57.014,58.863,55.944,57.598,4443,0
MOV,D,20210915,000000,56.917,57.306,56.138,57.209,2294,0
MOV,D,20210916,000000,61.684,64.117,59.446,61.879,8632,0
MOV,D,20210917,000000,61.976,63.241,59.252,60.322,5166,0
MOV,D,20210920,000000,64.798,65.965,59.544,60.614,14241,0
MOV,D,20210921,000000,60.614,62.268,60.419,61.976,4436,0
MOV,D,20210922,000000,61.198,66.062,59.544,66.062,7961,0
MOV,D,20210923,000000,66.257,67.911,64.798,67.133,11188,0
MOV,D,20210924,000000,68.008,70.051,65.381,68.787,9484,0
MOV,D,20210927,000000,70.051,70.051,64.117,65.576,8661,0
MOV,D,20210928,000000,64.214,65.479,62.56,64.408,4018,0
MOV,D,20210929,000000,63.63,64.019,61.879,62.949,3119,0
MOV,D,20210930,000000,62.754,62.949,61.1,62.852,1538,0
MOV,D,20211001,000000,63.241,63.435,60.322,63.338,2037,0
MOV,D,20211004,000000,61.879,65.576,61.49,64.603,2097,0
MOV,D,20211005,000000,63.435,64.311,62.754,64.117,958,0
MOV,D,20211006,000000,63.922,63.922,59.155,61.295,4501,0
MOV,D,20211007,000000,60.322,64.214,59.349,62.949,4148,0
MOV,D,20211008,000000,62.268,64.117,60.614,61.295,1327,0
MOV,D,20211011,000000,60.906,62.56,60.906,62.463,2107,0
MOV,D,20211012,000000,61.295,62.268,60.517,61.49,1443,0
MOV,D,20211013,000000,60.614,62.073,60.614,61.198,1725,0
MOV,D,20211014,000000,60.614,66.062,60.614,64.117,3746,0
MOV,D,20211015,000000,64.117,64.117,62.657,64.019,1031,0
MOV,D,20211018,000000,63.922,64.117,62.171,63.435,1124,0
MOV,D,20211019,000000,62.171,63.533,60.614,61.879,2073,0
MOV,D,20211020,000000,60.809,62.268,60.809,61.295,885,0
MOV,D,20211021,000000,61.295,61.879,59.738,61.879,2940,0
MOV,D,20211022,000000,61.781,62.852,59.349,62.56,4255,0
MOV,D,20211025,000000,62.268,62.852,59.544,60.322,1830,0
MOV,D,20211026,000000,60.322,61.295,59.446,60.322,1464,0
MOV,D,20211027,000000,60.322,60.711,59.349,60.322,732,0
MOV,D,20211028,000000,59.252,59.836,57.89,58.765,2702,0
MOV,D,20211029,000000,57.987,59.252,57.598,59.155,2292,0
MOV,D,20211102,000000,58.473,61.198,58.473,60.322,3447,0
MOV,D,20211103,000000,60.322,60.322,57.792,58.571,1602,0
MOV,D,20211104,000000,58.571,58.571,55.652,56.236,8859,0
MOV,D,20211105,000000,56.236,64.019,54.874,63.046,126640,0
MOV,D,20211108,000000,64.019,67.522,61.976,63.241,6923,0
MOV,D,20211109,000000,64.214,64.603,60.322,63.144,3641,0
MOV,D,20211110,000000,61.1,63.046,61.003,62.268,2024,0
MOV,D,20211112,000000,62.657,69.565,62.268,68.106,14150,0
MOV,D,20211115,000000,69.954,73.457,63.046,68.106,24067,0
MOV,D,20211116,000000,64.7,69.078,63.241,67.911,25445,0
MOV,D,20211117,000000,67.327,67.327,63.533,64.7,4086,0
MOV,D,20211118,000000,64.7,65.381,60.419,63.241,4695,0
MOV,D,20211119,000000,64.895,65.381,62.268,62.268,1900,0
MOV,D,20211122,000000,62.268,63.63,59.836,62.171,3812,0
MOV,D,20211123,000000,62.268,62.268,59.738,61.198,3862,0
MOV,D,20211124,000000,60.322,61.587,57.501,59.738,4703,0
MOV,D,20211125,000000,59.349,59.446,58.084,58.376,1248,0
MOV,D,20211126,000000,57.598,58.279,56.43,57.501,4940,0
MOV,D,20211129,000000,57.209,57.501,55.847,56.43,4127,0
MOV,D,20211130,000000,56.041,57.403,55.068,57.209,4224,0
MOV,D,20211201,000000,56.917,60.906,56.917,60.906,2863,0
MOV,D,20211202,000000,61.587,63.241,58.765,60.322,4513,0
MOV,D,20211203,000000,60.614,60.614,57.792,60.225,2058,0
MOV,D,20211206,000000,60.225,60.225,56.722,58.376,2282,0
MOV,D,20211207,000000,56.819,59.252,56.819,57.403,1274,0
MOV,D,20211208,000000,57.403,58.279,55.652,57.403,1500,0
MOV,D,20211209,000000,57.403,58.473,56.43,57.403,4754,0
MOV,D,20211210,000000,57.403,57.403,56.041,56.722,4918,0
MOV,D,20211213,000000,56.917,57.89,55.652,56.43,2115,0
MOV,D,20211214,000000,56.333,56.819,54.484,56.333,4045,0
MOV,D,20211215,000000,56.722,56.819,53.512,55.36,5882,0
MOV,D,20211216,000000,53.025,55.36,51.858,53.901,8901,0
MOV,D,20211217,000000,53.512,53.512,47.285,48.647,26108,0
MOV,D,20211220,000000,49.425,49.62,46.896,49.231,7383,0
MOV,D,20211221,000000,48.647,48.647,47.285,47.674,6793,0
MOV,D,20211222,000000,47.382,48.55,46.506,48.452,9261,0
MOV,D,20211223,000000,48.452,49.036,46.506,46.555,4560,0
MOV,D,20211227,000000,46.506,46.506,43.782,44.171,15746,0
MOV,D,20211228,000000,44.609,46.312,43.782,44.852,28605,0
MOV,D,20211229,000000,46.117,49.717,45.874,49.328,6871,0
MOV,D,20211230,000000,49.133,51.566,49.133,50.593,4728,0
MOV,D,20220103,000000,50.398,53.22,50.398,53.122,3849,0
MOV,D,20220104,000000,53.122,54.776,50.593,51.176,5443,0
MOV,D,20220105,000000,51.176,53.414,51.176,52.83,1207,0
MOV,D,20220107,000000,54.971,54.971,52.441,53.609,2240,0
MOV,D,20220110,000000,53.609,53.609,49.912,52.247,3696,0
MOV,D,20220111,000000,52.441,52.539,50.204,50.495,3392,0
MOV,D,20220112,000000,50.398,51.566,49.912,51.566,1728,0
MOV,D,20220113,000000,50.593,51.468,49.912,50.593,1104,0
MOV,D,20220114,000000,50.593,51.176,50.009,50.593,410,0
MOV,D,20220117,000000,51.079,51.079,49.62,50.787,1163,0
MOV,D,20220118,000000,50.301,50.495,49.133,50.106,1306,0
MOV,D,20220119,000000,50.106,50.106,47.674,48.452,3004,0
MOV,D,20220120,000000,47.966,49.522,47.041,47.868,1113,0
MOV,D,20220121,000000,46.701,50.009,45.631,46.993,2131,0
MOV,D,20220124,000000,47.09,47.09,41.642,43.49,10417,0
MOV,D,20220125,000000,42.809,44.269,41.836,44.074,1832,0
MOV,D,20220126,000000,44.658,48.258,42.858,45.825,1634,0
MOV,D,20220127,000000,45.631,46.701,44.901,46.701,1248,0
MOV,D,20220128,000000,47.333,47.333,44.755,45.29,992,0
MOV,D,20220131,000000,46.652,47.285,45.436,47.285,1474,0
MOV,D,20220201,000000,46.506,52.344,45.533,49.912,3756,0
MOV,D,20220202,000000,49.912,50.301,48.55,49.62,811,0
MOV,D,20220203,000000,49.814,49.912,48.258,49.62,294,0
MOV,D,20220204,000000,49.036,49.036,46.117,46.993,2167,0
MOV,D,20220207,000000,46.02,48.55,45.825,46.652,972,0
MOV,D,20220208,000000,46.652,49.425,45.728,48.306,5216,0
MOV,D,20220209,000000,48.306,48.501,46.555,48.16,1544,0
MOV,D,20220210,000000,48.16,48.16,45.582,46.02,3220,0
MOV,D,20220211,000000,46.02,46.555,43.928,45.582,2384,0
MOV,D,20220214,000000,43.879,44.804,42.323,44.074,5447,0
MOV,D,20220215,000000,44.074,46.166,42.371,43.879,2729,0
MOV,D,20220216,000000,45.096,45.144,42.906,44.025,1712,0
MOV,D,20220217,000000,44.074,44.415,42.371,43.928,1527,0
MOV,D,20220218,000000,43.831,43.879,42.517,43.733,1160,0
MOV,D,20220221,000000,43.733,43.879,39.161,39.501,5985,0
MOV,D,20220222,000000,39.112,43.393,38.917,41.058,6479,0
MOV,D,20220223,000000,42.274,43.247,39.307,39.307,1388,0
MOV,D,20220224,000000,36.874,38.236,31.134,33.955,10356,0
MOV,D,20220225,000000,35.901,37.361,32.593,36.972,7160,0
MOV,D,20220228,000000,33.372,39.599,33.372,38.869,5003,0
MOV,D,20220301,000000,38.82,41.301,37.02,38.917,2760,0
MOV,D,20220302,000000,38.431,38.772,35.609,37.945,2030,0
MOV,D,20220303,000000,36.291,36.291,33.177,35.22,3854,0
MOV,D,20220304,000000,35.22,35.707,33.08,34.734,7009,0
MOV,D,20220307,000000,32.301,34.782,30.891,33.955,8043,0
MOV,D,20220308,000000,33.42,33.664,32.058,32.058,5693,0
MOV,D,20220309,000000,32.107,33.08,31.912,31.961,12444,0
MOV,D,20220310,000000,32.058,32.107,29.48,30.55,9433,0
MOV,D,20220311,000000,30.55,33.761,30.55,31.183,13285,0
MOV,D,20220314,000000,32.301,32.983,31.912,32.983,4256,0
MOV,D,20220315,000000,32.301,32.983,32.204,32.983,2225,0
MOV,D,20220316,000000,32.885,34.782,32.593,33.907,8720,0
MOV,D,20220317,000000,33.858,34.782,33.858,34.345,4281,0
MOV,D,20220318,000000,34.491,34.491,33.907,34.053,1881,0
MOV,D,20220321,000000,34.442,34.442,33.858,33.907,2547,0
MOV,D,20220322,000000,34.539,39.89,34.539,37.02,12784,0
MOV,D,20220323,000000,38.528,39.599,37.069,38.09,10625,0
MOV,D,20220324,000000,38.528,39.307,37.993,38.528,2033,0
MOV,D,20220325,000000,38.528,39.696,37.945,37.993,3520,0
MOV,D,20220328,000000,37.945,38.869,37.069,37.069,3864,0
MOV,D,20220329,000000,36.972,37.555,36.193,36.339,2887,0
MOV,D,20220330,000000,36.874,38.869,36.777,37.945,4803,0
MOV,D,20220331,000000,38.723,38.917,37.02,37.02,5787,0
MOV,D,20220401,000000,37.02,38.431,35.609,36.923,3823,0
MOV,D,20220404,000000,37.069,38.917,36.534,36.777,6709,0
MOV,D,20220405,000000,37.361,37.945,36.777,37.799,4730,0
MOV,D,20220406,000000,37.847,38.334,37.118,38.042,2640,0
MOV,D,20220407,000000,38.042,38.334,37.118,37.118,2382,0
MOV,D,20220408,000000,37.604,37.604,36.291,36.339,1896,0
MOV,D,20220411,000000,37.263,38.285,36.534,37.312,2427,0
MOV,D,20220412,000000,37.555,38.188,37.215,37.215,4022,0
MOV,D,20220413,000000,37.896,37.896,36.631,36.631,728,0
MOV,D,20220414,000000,37.069,37.75,36.68,37.555,919,0
MOV,D,20220419,000000,37.555,37.945,36.68,36.777,1396,0
MOV,D,20220420,000000,37.75,37.75,36.582,37.215,785,0
MOV,D,20220421,000000,37.653,38.188,36.096,36.145,2029,0
MOV,D,20220422,000000,36.972,37.555,34.928,35.95,2259,0
MOV,D,20220425,000000,36,36.5,34.7,34.7,1675,0
MOV,D,20220426,000000,35.5,35.5,34.15,34.15,1360,0
MOV,D,20220427,000000,34,34,33.05,33.65,966,0
MOV,D,20220428,000000,34,36.65,33.05,34,1358,0
MOV,D,20220429,000000,34.1,35.35,33.5,34.9,430,0
MOV,D,20220502,000000,34.85,34.85,33.3,33.3,729,0
MOV,D,20220504,000000,33.35,35.3,33.2,33.5,2519,0
MOV,D,20220505,000000,33.5,34.5,33.2,33.25,1615,0
MOV,D,20220506,000000,34.4,34.4,31,31,3726,0
MOV,D,20220509,000000,31.85,32,29.3,29.95,4340,0
MOV,D,20220510,000000,30,30,28.5,29.15,2990,0
MOV,D,20220511,000000,29.1,33.7,29.1,31.5,3889,0
MOV,D,20220512,000000,31,31,29.4,30.2,3975,0
MOV,D,20220513,000000,31,31.95,30.4,31,1768,0
MOV,D,20220516,000000,31.35,31.5,29.5,29.9,3275,0
MOV,D,20220517,000000,29.5,30.95,28.05,28.9,4231,0
MOV,D,20220518,000000,28.9,30.25,28.9,29.3,965,0
MOV,D,20220519,000000,29.5,29.5,28.1,29.4,502,0
MOV,D,20220520,000000,28.4,29.4,28.4,29.4,937,0
MOV,D,20220523,000000,29.4,29.8,29.05,29.05,361,0
MOV,D,20220524,000000,29.75,29.75,27.1,27.2,2413,0
MOV,D,20220525,000000,28.95,28.95,26.6,27.5,1759,0
MOV,D,20220526,000000,27.3,28.45,27.1,27.1,1701,0
MOV,D,20220527,000000,27.25,28.35,27.2,27.4,879,0
MOV,D,20220530,000000,28.35,29.2,28,29.2,1381,0
MOV,D,20220531,000000,29.8,30.6,29.35,30.6,1048,0
MOV,D,20220601,000000,30.75,32.85,30.75,31.55,1890,0
MOV,D,20220602,000000,32,32,31.9,31.9,150,0
MOV,D,20220603,000000,31.9,31.9,31,31.5,378,0
MOV,D,20220606,000000,31.45,31.45,29.1,29.2,1135,0
MOV,D,20220607,000000,29.6,29.8,28.1,28.9,1869,0
MOV,D,20220608,000000,28.25,29.5,26.35,27.7,1122,0
MOV,D,20220609,000000,27.1,28.7,27.05,27.85,1235,0
MOV,D,20220610,000000,27.15,27.45,26.8,27.45,696,0
MOV,D,20220613,000000,27,27.8,26.5,26.5,1349,0
MOV,D,20220614,000000,26.5,27.5,26.5,26.6,1484,0
MOV,D,20220615,000000,26.55,27.5,26.05,27.5,926,0
MOV,D,20220617,000000,27.4,27.4,25.45,25.45,400,0
MOV,D,20220620,000000,26,27.35,25.45,26.45,734,0
MOV,D,20220621,000000,25.55,26.85,25.2,26.85,2521,0
MOV,D,20220622,000000,25.6,26.85,25.6,26.8,342,0
MOV,D,20220623,000000,26,26.6,25.4,26.55,525,0
MOV,D,20220624,000000,26.55,26.8,25.55,26,898,0
MOV,D,20220627,000000,25.35,26.75,24.25,26.1,3034,0
MOV,D,20220628,000000,26.45,26.6,25.65,26,582,0
MOV,D,20220629,000000,25.8,26.45,25.1,26.45,852,0
MOV,D,20220630,000000,25.8,26.7,25.8,26.7,370,0
MOV,D,20220701,000000,26.1,27.6,26.1,26.35,1402,0
MOV,D,20220704,000000,27.55,27.55,26.25,26.3,298,0
MOV,D,20220705,000000,27,27,25.1,25.9,849,0
MOV,D,20220706,000000,25.1,25.7,25.1,25.6,821,0
MOV,D,20220707,000000,25.5,27.45,25.2,27.15,2509,0
MOV,D,20220708,000000,26.55,27.2,26.2,27,617,0
MOV,D,20220711,000000,27.5,28.4,26.8,28,1340,0
MOV,D,20220712,000000,28,28.3,26.6,26.7,715,0
MOV,D,20220713,000000,26.9,27.5,26.7,27.45,1916,0
MOV,D,20220714,000000,27.45,27.45,26,26.2,1489,0
MOV,D,20220715,000000,26.2,26.3,25.8,25.8,215,0
MOV,D,20220718,000000,25.7,25.8,24.4,24.5,2954,0
MOV,D,20220719,000000,24.45,25.3,24.15,24.4,854,0
MOV,D,20220720,000000,24.4,25.7,24.35,25.7,804,0
MOV,D,20220721,000000,24.5,25.2,24.5,25.2,329,0
MOV,D,20220722,000000,25.25,25.6,24.5,25.2,1644,0
MOV,D,20220725,000000,24.9,25.5,24.9,25,561,0
MOV,D,20220726,000000,24.95,25.3,24.55,24.9,810,0
MOV,D,20220727,000000,25.4,25.4,24.7,25.2,257,0
MOV,D,20220728,000000,25.3,25.4,24.25,25.4,588,0
MOV,D,20220729,000000,25.45,26.4,23.75,25,4379,0
MOV,D,20220801,000000,23.75,25.1,23.05,24.15,3479,0
MOV,D,20220802,000000,24.15,25.4,23.85,23.85,1168,0
MOV,D,20220803,000000,23.85,25.8,23.8,24.75,3427,0
MOV,D,20220804,000000,25,25.75,25,25.75,4925,0
MOV,D,20220805,000000,25.6,27.95,25.25,27,4752,0
MOV,D,20220808,000000,26.4,26.8,25.5,26,1862,0
MOV,D,20220809,000000,26.75,27,25.7,26.1,1038,0
MOV,D,20220810,000000,26.2,27,25.5,26.4,538,0
MOV,D,20220811,000000,26.65,26.65,25.1,25.6,1154,0
MOV,D,20220812,000000,25.6,26.5,25.1,25.45,2077,0
MOV,D,20220816,000000,25.8,26.85,25.15,25.8,886,0
MOV,D,20220817,000000,26.65,26.95,25.65,26.95,1564,0
MOV,D,20220818,000000,26.5,26.5,25.35,26.4,1211,0
MOV,D,20220819,000000,26.5,26.5,25,25.85,1074,0
MOV,D,20220822,000000,25.85,26,24.1,24.9,2622,0
MOV,D,20220823,000000,25,25.2,23.4,23.75,2667,0
MOV,D,20220824,000000,23.5,24.35,23.5,23.75,1171,0
MOV,D,20220825,000000,23.6,24.35,23.55,24.3,1346,0
MOV,D,20220826,000000,23.7,24.15,23.65,24.05,355,0
MOV,D,20220829,000000,23.8,23.8,22.1,22.8,3268,0
MOV,D,20220830,000000,22.75,22.75,21.35,22.45,5390,0
MOV,D,20220831,000000,22.45,22.45,21,21.45,2308,0
MOV,D,20220901,000000,21.8,22.45,21.8,22.1,1145,0
MOV,D,20220902,000000,22,22.4,20.2,21,2233,0
MOV,D,20220905,000000,21,21.9,20,21.5,1955,0
MOV,D,20220906,000000,21.7,21.7,20.5,20.65,925,0
MOV,D,20220907,000000,20.5,20.9,19.5,20.6,1941,0
MOV,D,20220908,000000,20.65,22.2,20.05,20.65,2597,0
MOV,D,20220909,000000,20.65,21.95,20.5,21.9,1699,0
MOV,D,20220912,000000,21.8,22,20.2,20.75,1454,0
MOV,D,20220913,000000,20.7,21.6,20.5,20.55,949,0
MOV,D,20220914,000000,20.55,20.9,20.55,20.6,193,0
MOV,D,20220915,000000,20,20.8,19.8,20.05,1955,0
MOV,D,20220916,000000,20.05,20.5,19.8,19.8,1909,0
MOV,D,20220919,000000,19.74,19.9,19.08,19.08,1760,0
MOV,D,20220920,000000,19.04,19.08,18.78,18.84,1330,0
MOV,D,20220921,000000,18.78,21,18.06,20.45,3415,0
MOV,D,20220922,000000,20.4,20.4,19.2,20.1,430,0
MOV,D,20220923,000000,19.32,20.7,18,18.1,9347,0
MOV,D,20220926,000000,17.82,18,15.02,17.22,6688,0
MOV,D,20220927,000000,17.2,18.96,17,18,3636,0
MOV,D,20220928,000000,18.56,18.56,17.2,18.3,1490,0
MOV,D,20220929,000000,18.3,18.8,16.32,17.6,4864,0
MOV,D,20220930,000000,17.6,17.6,16.5,17.3,3032,0
MOV,D,20221003,000000,17.4,17.4,16.52,17.3,1262,0
MOV,D,20221004,000000,16.54,17.9,16.54,17.9,1847,0
MOV,D,20221005,000000,17.02,20.4,17.02,18.6,2447,0
MOV,D,20221006,000000,19,19,17.6,17.86,1826,0
MOV,D,20221007,000000,17.66,18.4,16.76,17.66,6050,0
MOV,D,20221010,000000,17.68,17.68,17,17.42,1298,0
MOV,D,20221011,000000,17,17.94,17,17.94,319,0
MOV,D,20221012,000000,17.9,19.78,17.26,18.8,3121,0
MOV,D,20221013,000000,19.3,19.3,15.44,17.34,6690,0
MOV,D,20221014,000000,17.38,19.3,17.32,17.72,1576,0
MOV,D,20221017,000000,18,18.36,17.32,18.36,643,0
MOV,D,20221018,000000,18.36,18.76,17,17.7,3711,0
MOV,D,20221019,000000,17.8,17.8,16.8,17.12,2116,0
MOV,D,20221020,000000,17.06,17.46,16.2,17.36,2336,0
MOV,D,20221021,000000,17.36,17.36,16.22,16.6,2998,0
MOV,D,20221024,000000,16.6,16.6,15.5,16,10317,0
MOV,D,20221025,000000,15.4,15.98,14.2,14.5,21273,0
MOV,D,20221026,000000,15.08,15.58,14.82,15.52,5160,0
MOV,D,20221027,000000,15.64,17.32,15.64,16.44,4435,0
MOV,D,20221028,000000,16.04,16.42,15.1,16.4,2239,0
MOV,D,20221031,000000,16.42,16.42,16.14,16.3,1118,0
MOV,D,20221102,000000,16.2,16.2,15.5,16.2,2331,0
MOV,D,20221103,000000,15.94,16.34,15.2,16.3,4116,0
MOV,D,20221104,000000,16.3,17.32,16,16.3,6438,0
MOV,D,20221107,000000,16,16.3,15.42,15.76,3620,0
MOV,D,20221108,000000,15.9,16.26,15.6,15.9,1925,0
MOV,D,20221109,000000,15.64,15.64,15.22,15.38,1122,0
MOV,D,20221110,000000,15.3,16.08,15.3,15.58,2162,0
MOV,D,20221114,000000,15.9,17,15.76,16.86,4073,0
MOV,D,20221115,000000,16.4,16.54,15.38,15.5,5859,0
MOV,D,20221116,000000,15.5,15.88,15.3,15.7,1926,0
MOV,D,20221117,000000,15.38,15.72,15.38,15.64,877,0
MOV,D,20221118,000000,15.36,15.64,15.32,15.4,483,0
MOV,D,20221121,000000,15.66,15.94,15,15.92,5781,0
MOV,D,20221122,000000,15.8,16.2,15.52,16.2,2151,0
MOV,D,20221123,000000,16.6,17.3,15.94,17.22,5282,0
MOV,D,20221124,000000,17.22,17.3,16.5,17.1,2849,0
MOV,D,20221125,000000,16.9,21.9,16.5,19.54,27107,0
MOV,D,20221128,000000,19.8,20.1,18.5,18.52,7770,0
MOV,D,20221129,000000,18.94,18.94,18.12,18.5,2552,0
MOV,D,20221130,000000,18.5,19.06,17.66,18.38,2863,0
MOV,D,20221201,000000,18.38,19.94,17.9,19.24,4239,0
MOV,D,20221202,000000,19.24,21.55,18.88,21.35,4360,0
MOV,D,20221205,000000,22.5,25.5,22.5,24.2,15587,0
MOV,D,20221206,000000,24.85,25.55,22.5,25.4,8431,0
MOV,D,20221207,000000,25,25.3,23.3,24.6,3365,0
MOV,D,20221208,000000,24.3,24.4,23.7,24.35,1423,0
MOV,D,20221209,000000,24.3,24.3,23.5,23.5,2526,0
MOV,D,20221212,000000,23,23.4,23,23,1262,0
MOV,D,20221213,000000,23,23.3,22.55,23.1,1625,0
MOV,D,20221214,000000,22.8,23.3,21,22.05,3581,0
MOV,D,20221215,000000,21.6,22.1,20.4,21,4567,0
MOV,D,20221216,000000,21,21.4,19.12,21.3,4533,0
MOV,D,20221219,000000,21.25,23.1,20.05,23,3067,0
MOV,D,20221220,000000,23,23.3,21.5,22.25,2305,0
MOV,D,20221221,000000,22.25,22.25,21.3,21.8,937,0
MOV,D,20221222,000000,21.95,21.95,20.9,21.15,3352,0
MOV,D,20221223,000000,20.9,20.9,20.5,20.7,1609,0
MOV,D,20221227,000000,20.25,21,19.8,19.98,4886,0
MOV,D,20221228,000000,19.9,20.5,19.9,20.1,3474,0
MOV,D,20221229,000000,20.05,20.8,19.92,20.2,2153,0
MOV,D,20221230,000000,20.05,20.45,19.92,20.45,1010,0
MOV,D,20230102,000000,20.5,21.35,19.94,20.85,1615,0
MOV,D,20230103,000000,20.85,21.35,20.5,20.75,1333,0
MOV,D,20230104,000000,20.8,22.95,20.8,22.8,6254,0
MOV,D,20230105,000000,22.8,25.8,22.8,25.15,10799,0
MOV,D,20230109,000000,27.4,28.4,27,27.7,6488,0
MOV,D,20230110,000000,27.7,28.2,25.5,27.5,5628,0
MOV,D,20230111,000000,27.75,28.95,27.75,27.9,5931,0
MOV,D,20230112,000000,28.5,31,28,29.5,16703,0
MOV,D,20230113,000000,29.4,31.1,28.9,29.85,6944,0
MOV,D,20230116,000000,29.85,29.9,25.9,25.9,11889,0
MOV,D,20230117,000000,26.1,27.6,25.9,27.1,9752,0
MOV,D,20230118,000000,29,29,27.2,28.3,5555,0
MOV,D,20230119,000000,28.5,29,27.4,28.8,5635,0
MOV,D,20230120,000000,28.75,29,28,29,2015,0
MOV,D,20230123,000000,29.8,33.9,29.75,33.6,17709,0
MOV,D,20230124,000000,31,31,26.1,27.5,67157,0
MOV,D,20230125,000000,27.4,27.45,25,25.15,24839,0
MOV,D,20230126,000000,24.9,25,23.25,23.45,245583,0
MOV,D,20230127,000000,23.55,24.8,23.5,24.2,51076,0
MOV,D,20230130,000000,24.45,26.25,23.5,23.9,108253,0
MOV,D,20230131,000000,24.05,24.1,23.25,23.3,24989,0
MOV,D,20230201,000000,23.35,23.4,21.7,22.05,58645,0
MOV,D,20230202,000000,21.9,22.55,21.7,21.8,40002,0
MOV,D,20230203,000000,21.8,22.8,21.1,22.55,30824,0
MOV,D,20230206,000000,22.75,23.4,22.5,23.1,27190,0
MOV,D,20230207,000000,22.9,23.1,22.8,23.1,8745,0
MOV,D,20230208,000000,23.1,23.2,22.9,22.95,12899,0
MOV,D,20230209,000000,22.9,23.3,22.3,23.1,15693,0
MOV,D,20230210,000000,22.9,22.95,22.4,22.4,13827,0
MOV,D,20230213,000000,22.45,22.5,21.35,21.65,7345,0
MOV,D,20230214,000000,21.75,21.95,20.65,21,12320,0
MOV,D,20230215,000000,20.7,21.25,19.6,20.1,17374,0
MOV,D,20230216,000000,20.35,20.9,20.15,20.45,12912,0
MOV,D,20230217,000000,20.45,20.7,20,20.55,6953,0
MOV,D,20230220,000000,20.6,21.4,20.5,21.15,5881,0
MOV,D,20230221,000000,21.05,21.15,20.5,20.75,4423,0
MOV,D,20230222,000000,20.5,20.75,20,20.15,4353,0
MOV,D,20230223,000000,20.15,20.35,19.92,20.1,4243,0
MOV,D,20230224,000000,20.1,20.6,20.05,20.5,4557,0
MOV,D,20230227,000000,20.25,20.8,20.25,20.5,3361,0
MOV,D,20230228,000000,20.7,20.75,20.35,20.6,2337,0
MOV,D,20230301,000000,20.5,20.6,20,20.3,5402,0
MOV,D,20230302,000000,20.3,20.35,19.9,20,4561,0
MOV,D,20230303,000000,20,20.55,19.96,20.3,8817,0
MOV,D,20230306,000000,20.3,20.3,19.76,20.05,7326,0
MOV,D,20230307,000000,19.8,20.1,19.72,19.76,5952,0
MOV,D,20230308,000000,19.8,19.8,18.98,19,9887,0
MOV,D,20230309,000000,19.12,19.28,18.82,19,3288,0
MOV,D,20230310,000000,18.9,19,18.3,19,6532,0
MOV,D,20230313,000000,19,19,18,18.84,5232,0
MOV,D,20230314,000000,18.4,18.82,18.34,18.78,3264,0
MOV,D,20230315,000000,18.78,18.98,18,18.06,6071,0
MOV,D,20230316,000000,18.02,18.4,18.02,18.36,4964,0
MOV,D,20230317,000000,18.34,18.54,18.06,18.46,862,0
MOV,D,20230320,000000,18.46,18.8,18.2,18.7,2278,0
MOV,D,20230321,000000,18.6,18.6,18.22,18.36,2477,0
MOV,D,20230322,000000,18.5,18.5,18.12,18.14,2859,0
MOV,D,20230323,000000,18.18,18.58,18.1,18.2,7341,0
MOV,D,20230324,000000,18.12,18.12,17.42,17.86,5949,0
MOV,D,20230327,000000,17.5,17.56,16.8,16.9,8657,0
MOV,D,20230328,000000,16.8,17,16.32,16.5,18535,0
MOV,D,20230329,000000,16.6,17.3,16.5,17.3,6290,0
MOV,D,20230330,000000,17.24,17.9,17,17.14,10855,0
MOV,D,20230331,000000,17.14,17.38,16.52,17.14,8306,0
MOV,D,20230403,000000,17.2,17.22,16.7,17.12,3774,0
MOV,D,20230404,000000,17.12,17.9,16.66,17.68,4731,0
MOV,D,20230405,000000,17.68,17.9,17.3,17.5,5033,0
MOV,D,20230406,000000,17.78,17.78,16.94,16.94,4447,0
MOV,D,20230411,000000,17,17.3,16.72,17,3021,0
MOV,D,20230412,000000,17,17,16.52,16.98,2553,0
MOV,D,20230413,000000,16.62,17.9,16.62,17.28,9863,0
MOV,D,20230414,000000,17.28,17.28,16.82,17,9135,0
MOV,D,20230417,000000,17,17.2,16.74,16.74,4834,0
MOV,D,20230418,000000,17.06,17.2,16.72,17.2,8557,0
MOV,D,20230419,000000,17.2,17.6,16.9,17.2,40574,0
MOV,D,20230420,000000,17.6,17.6,17.18,17.38,7149,0
MOV,D,20230421,000000,17.3,17.9,17.3,17.88,14775,0
MOV,D,20230424,000000,17.8,17.9,17.46,17.72,6841,0
MOV,D,20230425,000000,17.5,17.8,17.46,17.6,3401,0
MOV,D,20230426,000000,17.7,18.2,17.42,18.2,11222,0
MOV,D,20230427,000000,18.2,20.1,18.2,20.1,32068,0
MOV,D,20230428,000000,20.4,21.3,20.2,20.9,27466,0
MOV,D,20230502,000000,20.85,21.55,19.7,20.5,23569,0
MOV,D,20230504,000000,20.5,21.2,19.86,20.5,22856,0
MOV,D,20230505,000000,20.45,21,20.4,20.85,7723,0
MOV,D,20230508,000000,20.9,22.6,20.65,22.4,33366,0
MOV,D,20230509,000000,22.5,22.65,21.8,22,13808,0
MOV,D,20230510,000000,22.55,22.65,21.9,21.95,12358,0
MOV,D,20230511,000000,21.95,22.5,21.2,22.45,26149,0
MOV,D,20230512,000000,22.55,22.6,22.05,22.45,6660,0
MOV,D,20230515,000000,22.45,22.75,22.2,22.75,11727,0
MOV,D,20230516,000000,22.6,22.6,20.7,22.2,19403,0
MOV,D,20230517,000000,22.1,22.2,21.75,21.85,5020,0
MOV,D,20230518,000000,21.85,22.2,21.75,22,2951,0
MOV,D,20230519,000000,22,22.4,21.7,22.4,3610,0
MOV,D,20230522,000000,22.4,23.05,22.3,22.55,17290,0
MOV,D,20230523,000000,22.45,22.7,21.9,22.3,8843,0
MOV,D,20230524,000000,22.4,22.55,22,22,4278,0
MOV,D,20230525,000000,22,22,21.2,21.5,11789,0
MOV,D,20230526,000000,21.4,22.1,21.2,22.1,6947,0
MOV,D,20230529,000000,21.8,22.1,20.5,21.65,6363,0
MOV,D,20230530,000000,20.6,21.65,20.4,21.55,3585,0
MOV,D,20230531,000000,21.6,22.2,21.3,21.5,3337,0
MOV,D,20230601,000000,21.85,21.85,20.85,21.1,3562,0
MOV,D,20230602,000000,21,21.1,20.2,21.1,3186,0
MOV,D,20230605,000000,21.1,21.4,21,21.35,2438,0
MOV,D,20230606,000000,21.05,21.7,21.05,21.7,1286,0
MOV,D,20230607,000000,21.75,21.8,20.9,21.65,3656,0
MOV,D,20230609,000000,21.65,21.8,20.8,21.45,2022,0
MOV,D,20230612,000000,21.5,21.5,19.54,20,15556,0
MOV,D,20230613,000000,20.7,20.75,20,20.3,7328,0
MOV,D,20230614,000000,20.3,20.95,20.1,20.9,3396,0
MOV,D,20230615,000000,21.1,21.7,20.1,21.3,13596,0
MOV,D,20230616,000000,21.7,21.95,21.25,21.5,8758,0
MOV,D,20230619,000000,21.5,21.95,21.4,21.8,5081,0
MOV,D,20230620,000000,21.9,21.9,21.05,21.7,2541,0
MOV,D,20230621,000000,21.3,21.3,20.7,20.8,2566,0
MOV,D,20230622,000000,20.9,21.25,20.7,21.2,2699,0
MOV,D,20230623,000000,21.2,21.7,21.05,21.45,2289,0
MOV,D,20230626,000000,21.45,21.45,21,21,960,0
MOV,D,20230627,000000,21,21.2,20.15,20.6,4556,0
MOV,D,20230628,000000,20.55,20.65,20,20.5,2830,0
MOV,D,20230629,000000,20.15,20.5,20,20.05,2879,0
MOV,D,20230630,000000,20,20.4,19.84,20,1686,0
MOV,D,20230703,000000,20.3,20.3,19.72,19.8,2260,0
MOV,D,20230704,000000,19.78,19.78,18.8,19,10057,0
MOV,D,20230705,000000,18.7,19.46,18.7,19.38,5126,0
MOV,D,20230706,000000,19.4,19.4,19.1,19.3,1481,0
MOV,D,20230707,000000,19.12,20.6,19.12,19.98,4971,0
MOV,D,20230710,000000,20,20.7,20,20.6,1694,0
MOV,D,20230711,000000,20.6,21.3,20.5,21.2,6077,0
MOV,D,20230712,000000,21.1,21.1,20.4,20.85,1850,0
MOV,D,20230713,000000,20.55,20.9,20.4,20.85,1565,0
MOV,D,20230714,000000,20.85,21,20.4,20.55,2234,0
MOV,D,20230717,000000,20.8,21.1,20.5,21,983,0
MOV,D,20230718,000000,20.9,20.9,20,20.4,4816,0
MOV,D,20230719,000000,20.4,20.7,20.3,20.6,2757,0
MOV,D,20230720,000000,20.8,21.35,20.2,21.35,4389,0
MOV,D,20230721,000000,21.4,22.45,21.25,21.75,16921,0
MOV,D,20230724,000000,21.8,22.2,21.3,22,8667,0
MOV,D,20230725,000000,22,23.2,21.8,22.5,24995,0
MOV,D,20230726,000000,22.45,23.85,22.45,23.25,29559,0
MOV,D,20230727,000000,23.25,23.45,22.7,23,14282,0
MOV,D,20230728,000000,22.65,23.1,21.5,23,11296,0
MOV,D,20230731,000000,23,24,22.5,24,33411,0
MOV,D,20230801,000000,24,24,23.55,23.9,15559,0
MOV,D,20230802,000000,23.9,24,23.5,23.7,16708,0
MOV,D,20230803,000000,23.7,24.5,23.05,24.45,59581,0
MOV,D,20230804,000000,24.6,26.95,24.6,26.9,121278,0
MOV,D,20230807,000000,27.1,28.8,27.1,27.8,75195,0
MOV,D,20230808,000000,28.45,29.5,27.8,29.5,64977,0
MOV,D,20230809,000000,29.75,30.7,27.5,29.25,77935,0
MOV,D,20230810,000000,29.4,29.7,27.7,29.65,39944,0
MOV,D,20230811,000000,29.6,29.65,28.6,29.6,17287,0
MOV,D,20230814,000000,29.6,34.05,29.2,34.05,109620,0
MOV,D,20230816,000000,34.1,38.4,34.05,35.45,126516,0
MOV,D,20230817,000000,36.55,36.9,34.7,35.5,36583,0
MOV,D,20230818,000000,36.4,36.95,35.2,36.8,20940,0
MOV,D,20230821,000000,36,42.5,36,41.95,113427,0
MOV,D,20230822,000000,42,43,37.8,39.8,77571,0
MOV,D,20230823,000000,40,40.5,34.85,34.9,71170,0
MOV,D,20230824,000000,34.4,34.4,31.85,34.2,76105,0
MOV,D,20230825,000000,34,38.85,33.1,38.65,61753,0
MOV,D,20230828,000000,39,43.3,38.65,38.95,101413,0
MOV,D,20230829,000000,38.7,40,35.2,35.4,61576,0
MOV,D,20230830,000000,35,37.8,34,37.4,57332,0
MOV,D,20230831,000000,36.05,38.5,36.05,37.3,19517,0
MOV,D,20230901,000000,37.95,38.8,36.2,38,18946,0
MOV,D,20230904,000000,37.8,37.95,35.9,36.35,31970,0
MOV,D,20230905,000000,36.4,37.2,35.4,35.5,15494,0
MOV,D,20230906,000000,35.4,35.4,33.3,33.85,25353,0
MOV,D,20230907,000000,34.2,35.7,33.5,33.8,9806,0
MOV,D,20230908,000000,34.35,34.5,32.1,34.2,15005,0
MOV,D,20230911,000000,34.5,35.6,33,33.7,12611,0
MOV,D,20230912,000000,33.7,34.2,33,34.2,7494,0
MOV,D,20230913,000000,34,36.2,33.8,35.55,7250,0
MOV,D,20230914,000000,35.55,35.9,34.15,35.2,12905,0
MOV,D,20230915,000000,36.5,36.9,35.4,36,12817,0
MOV,D,20230918,000000,36.1,37.2,34.3,36,8930,0
MOV,D,20230919,000000,36.7,36.7,34.8,35.3,6428,0
MOV,D,20230920,000000,35.45,35.75,33.2,34.75,14588,0
MOV,D,20230921,000000,34.25,34.6,33.25,33.65,7056,0
MOV,D,20230922,000000,33.4,33.55,32.9,32.9,4919,0
MOV,D,20230925,000000,32.85,34.4,32,33.3,10083,0
MOV,D,20230926,000000,33.2,35.6,32.3,35,11658,0
MOV,D,20230927,000000,35.5,35.5,34.05,34.3,4496,0
MOV,D,20230928,000000,34.4,34.4,32.5,33.15,7690,0
MOV,D,20230929,000000,33,33.3,31.9,32.1,8540,0
MOV,D,20231002,000000,31.9,31.9,29,29.15,45713,0
MOV,D,20231003,000000,28.7,30.85,28.6,29.65,9218,0
MOV,D,20231004,000000,29.5,29.8,28.7,29.25,6886,0
MOV,D,20231005,000000,29.25,30.1,28.9,30.1,6692,0
MOV,D,20231006,000000,30.4,31,28.55,30.3,14847,0
MOV,D,20231009,000000,29.9,32.25,29.6,32.15,10392,0
MOV,D,20231010,000000,32.3,34.3,32.3,33.5,13331,0
MOV,D,20231011,000000,33.55,33.8,32,32.45,10426,0
MOV,D,20231012,000000,32.2,33.2,30.15,30.25,13443,0
MOV,D,20231013,000000,30.25,31.2,29.6,29.6,5494,0
MOV,D,20231016,000000,29.9,29.9,27.35,28.2,20364,0
MOV,D,20231017,000000,27.65,31,27.5,30.95,12789,0
MOV,D,20231018,000000,31,31.9,30,31.1,9549,0
MOV,D,20231019,000000,28.75,28.9,26.8,27.4,30882,0
MOV,D,20231020,000000,27.3,27.3,24.5,25.6,65343,0
MOV,D,20231023,000000,24.9,25.75,23.2,24.8,26483,0
MOV,D,20231024,000000,24.95,25.4,24.15,25.3,8253,0
MOV,D,20231025,000000,25.3,27.4,25.3,27,14442,0
MOV,D,20231026,000000,27,28.4,26.8,27.5,6202,0
MOV,D,20231027,000000,27,27.15,25.8,26.35,10083,0
MOV,D,20231030,000000,26.65,28.95,26.35,27.3,18868,0
MOV,D,20231031,000000,27.6,28.8,27,27.5,8379,0
MOV,D,20231102,000000,27.5,28.65,27.4,28.6,5017,0
MOV,D,20231103,000000,28.5,29.3,27.4,28.5,5822,0
MOV,D,20231106,000000,28.75,29.75,28.75,29.6,12644,0
MOV,D,20231107,000000,29.6,31.25,28.6,31.25,10347,0
MOV,D,20231108,000000,31.25,31.9,28.5,30.3,13905,0
MOV,D,20231109,000000,30,31,29,30.95,10844,0
MOV,D,20231110,000000,30.05,32.1,30.05,32.1,11746,0
MOV,D,20231113,000000,32.1,34.55,32.1,34.2,19729,0
MOV,D,20231114,000000,34.2,34.4,32.95,33,6614,0
MOV,D,20231115,000000,32.95,33.3,31.65,32.35,9325,0
MOV,D,20231116,000000,32,33.2,32,32.95,5118,0
MOV,D,20231117,000000,33.4,33.5,32.25,32.55,2114,0
MOV,D,20231120,000000,32.45,32.45,29.5,30.45,19184,0
MOV,D,20231121,000000,30.3,31.25,28.75,29.4,14170,0
MOV,D,20231122,000000,29.3,29.6,28.5,29.35,6297,0
MOV,D,20231123,000000,29.35,29.4,28.65,28.9,2170,0
MOV,D,20231124,000000,28.75,29.65,28.65,29.2,3695,0
MOV,D,20231127,000000,29.3,31.2,28.8,29.25,7219,0
MOV,D,20231128,000000,29.1,29.5,28.7,28.9,4521,0
MOV,D,20231129,000000,28.4,30,27.6,29.25,9746,0
MOV,D,20231130,000000,29.2,30,29,29.5,5718,0
MOV,D,20231201,000000,30,32.75,29.9,32.7,20472,0
MOV,D,20231204,000000,32.45,35.1,32.45,34,19099,0
MOV,D,20231205,000000,34.1,36.5,34.1,36,16578,0
MOV,D,20231206,000000,36.1,36.1,35.3,35.5,5877,0
MOV,D,20231207,000000,36.4,37.8,36,37.8,13174,0
MOV,D,20231208,000000,37.8,38,36,37.3,6149,0
MOV,D,20231211,000000,37.7,38.85,37,37.8,10489,0
MOV,D,20231212,000000,38.2,38.8,32,34.8,42572,0
MOV,D,20231213,000000,34.6,36.2,33.85,34.85,12860,0
MOV,D,20231214,000000,34.85,34.95,33,33.2,17304,0
MOV,D,20231215,000000,33.7,33.75,31.55,31.65,19797,0
MOV,D,20231218,000000,32,33.25,30.3,32.4,29710,0
MOV,D,20231219,000000,31,31,25.15,27.3,167683,0
MOV,D,20231220,000000,27.3,28.3,25.85,26.45,43233,0
MOV,D,20231221,000000,26.65,26.65,25.25,25.5,19744,0
MOV,D,20231222,000000,25.1,26.8,24.45,26.5,31666,0
MOV,D,20231227,000000,26.55,26.55,25.75,26.1,31732,0
MOV,D,20231228,000000,26.25,27.5,25.8,26.8,17423,0
MOV,D,20231229,000000,26.8,27.3,26,26.7,7176,0
MOV,D,20240102,000000,26.5,27.25,26,26.75,12669,0
MOV,D,20240103,000000,26.75,26.8,26,26.05,6461,0
MOV,D,20240104,000000,26.35,26.5,25.95,26.35,2834,0
MOV,D,20240105,000000,26.3,26.45,25.5,26,8525,0
MOV,D,20240108,000000,26.3,28.2,26.3,27,22918,0
MOV,D,20240109,000000,27.15,27.25,26.45,26.85,10419,0
MOV,D,20240110,000000,26.85,26.85,26.5,26.65,2905,0
MOV,D,20240111,000000,26.6,26.85,25,25.55,18743,0
MOV,D,20240112,000000,25.5,27.55,25.45,27.45,8709,0
MOV,D,20240115,000000,27.25,28,26.65,26.85,17926,0
MOV,D,20240116,000000,26.6,27.4,25.95,26.95,7512,0
MOV,D,20240117,000000,26.85,27.2,26.3,26.45,4224,0
MOV,D,20240118,000000,26.65,26.95,26.5,26.8,1478,0
MOV,D,20240119,000000,26.85,27.1,26.65,26.9,1993,0
MOV,D,20240122,000000,27,27.05,26.1,26.65,3504,0
MOV,D,20240123,000000,26.45,27.6,26.4,27,10317,0
MOV,D,20240124,000000,27,27.75,27,27.25,6225,0
MOV,D,20240125,000000,27.45,27.5,27,27,2570,0
MOV,D,20240126,000000,26.95,27.35,26.45,27.15,5307,0
MOV,D,20240129,000000,26.9,27,26.6,27,1860,0
MOV,D,20240130,000000,27.15,27.5,26.85,27.25,5826,0
MOV,D,20240131,000000,27.4,27.45,26.85,27.05,4166,0
MOV,D,20240201,000000,27.1,27.65,27.05,27.65,5655,0
MOV,D,20240202,000000,27.65,28.8,27.65,27.95,13859,0
MOV,D,20240205,000000,28,28.55,27.95,28.45,10318,0
MOV,D,20240206,000000,28.15,28.4,27.45,27.75,7597,0
MOV,D,20240207,000000,27.4,27.4,26.65,26.8,13665,0
MOV,D,20240208,000000,26.7,27.25,26.7,26.9,3252,0
MOV,D,20240209,000000,27.1,27.45,27,27.2,3915,0
MOV,D,20240212,000000,26.9,27.2,26.3,27.15,10294,0
MOV,D,20240213,000000,27,27,26.45,26.75,3308,0
MOV,D,20240214,000000,26.75,27.65,26.65,26.7,7711,0
MOV,D,20240215,000000,27.1,27.3,26.7,27.15,1209,0
MOV,D,20240216,000000,26.95,27.15,26.55,26.65,3843,0
MOV,D,20240219,000000,26.7,26.95,25.55,25.95,6336,0
MOV,D,20240220,000000,26,26.25,25.65,25.95,7698,0
MOV,D,20240221,000000,26,26.65,25.8,26,5249,0
MOV,D,20240222,000000,25.95,26.45,25.5,25.75,6777,0
MOV,D,20240223,000000,25.5,26,25.5,25.9,6594,0
MOV,D,20240226,000000,25.9,25.9,25.1,25.7,8222,0
MOV,D,20240227,000000,25.65,26.2,25.35,26,1936,0
MOV,D,20240228,000000,25.7,25.9,25.35,25.5,4057,0
MOV,D,20240229,000000,25.5,25.55,24.15,24.55,9406,0
MOV,D,20240301,000000,24.55,25,24.55,24.9,2368,0
MOV,D,20240304,000000,24.95,24.95,24.4,24.8,2707,0
MOV,D,20240305,000000,24.8,25.7,24.6,25,3304,0
MOV,D,20240306,000000,25.35,25.5,24.6,25.25,2945,0
MOV,D,20240307,000000,24.3,24.5,21.9,22.3,39338,0
MOV,D,20240308,000000,21.85,23.9,21.7,23.5,12006,0
MOV,D,20240311,000000,23.5,23.5,22.1,23.3,5417,0
MOV,D,20240312,000000,23.3,23.35,22.4,23.25,3084,0
MOV,D,20240313,000000,23.5,27.3,23.5,25.8,37592,0
MOV,D,20240314,000000,26.15,27.4,26.15,27,15519,0
MOV,D,20240315,000000,27.1,27.9,26,26.8,18003,0
