<TICKER>,<PER>,<DATE>,<TIME>,<OPEN>,<HIGH>,<LOW>,<CLOSE>,<VOL>,<OPENINT>
NNG,D,20171221,000000,5,5.3,4.27,4.5,52940,0
NNG,D,20171222,000000,4.75,4.75,3.86,4.1,18499,0
NNG,D,20171227,000000,4.1,4.1,3,3,27208,0
NNG,D,20171228,000000,3.13,3.13,2.75,3.1,17359,0
NNG,D,20171229,000000,3.1,3.29,2.95,3.2,9284,0
NNG,D,20180103,000000,3.2,3.48,3.2,3.4,6878,0
NNG,D,20180104,000000,3.64,4,3.64,4,13991,0
NNG,D,20180105,000000,4.28,5.17,4.28,4.94,56103,0
NNG,D,20180108,000000,4.94,5.2,4.61,4.85,47615,0
NNG,D,20180109,000000,4.88,4.9,4.65,4.7,5308,0
NNG,D,20180110,000000,4.67,4.67,4.59,4.67,1180,0
NNG,D,20180111,000000,4.7,4.85,4.67,4.85,770,0
NNG,D,20180112,000000,4.85,4.85,4.61,4.8,1115,0
NNG,D,20180115,000000,4.8,4.8,4.62,4.8,2370,0
NNG,D,20180116,000000,4.75,4.8,4.75,4.8,1630,0
NNG,D,20180117,000000,4.75,4.75,4.62,4.62,1742,0
NNG,D,20180118,000000,4.55,4.55,4.1,4.1,6811,0
NNG,D,20180119,000000,4.1,4.1,4.07,4.1,1403,0
NNG,D,20180122,000000,4.1,4.1,4.1,4.1,495,0
NNG,D,20180123,000000,4.1,4.47,4.1,4.47,2170,0
NNG,D,20180124,000000,4.45,4.49,4.45,4.48,1400,0
NNG,D,20180125,000000,4.5,4.5,4.4,4.4,2850,0
NNG,D,20180126,000000,4.54,4.55,4.5,4.5,3890,0
NNG,D,20180129,000000,4.52,4.52,4.52,4.52,10,0
NNG,D,20180130,000000,4.49,4.49,4.4,4.49,211,0
NNG,D,20180201,000000,4.4,4.45,4.4,4.4,2651,0
NNG,D,20180205,000000,4.38,4.38,4.05,4.35,1545,0
NNG,D,20180206,000000,4.3,4.5,4.2,4.5,6661,0
NNG,D,20180207,000000,4.11,4.34,4.05,4.3,6350,0
NNG,D,20180209,000000,4.29,4.3,4.29,4.3,320,0
NNG,D,20180212,000000,4.4,4.4,4.4,4.4,120,0
NNG,D,20180213,000000,4.4,4.4,4,4.34,1654,0
NNG,D,20180214,000000,4.34,4.34,4.34,4.34,30,0
NNG,D,20180215,000000,4.3,4.3,4,4.28,649,0
NNG,D,20180216,000000,4.28,4.28,4.28,4.28,2475,0
NNG,D,20180219,000000,4.27,4.27,4.27,4.27,75,0
NNG,D,20180220,000000,4.28,4.28,4,4.28,2842,0
NNG,D,20180221,000000,4.28,4.28,4.28,4.28,155,0
NNG,D,20180226,000000,4.25,4.25,4.25,4.25,500,0
NNG,D,20180227,000000,4,4.24,4,4.24,230,0
NNG,D,20180228,000000,4.23,4.23,4.2,4.2,71,0
NNG,D,20180302,000000,4.01,4.01,4.01,4.01,200,0
NNG,D,20180305,000000,4,4,3.94,3.99,2133,0
NNG,D,20180306,000000,3.94,3.94,3.74,3.87,1480,0
NNG,D,20180307,000000,3.8,3.8,3.74,3.74,600,0
NNG,D,20180308,000000,3.56,4.18,3.56,4.03,7697,0
NNG,D,20180309,000000,4.03,4.25,4.03,4.25,13472,0
NNG,D,20180312,000000,4.4,4.4,4.25,4.25,1732,0
NNG,D,20180313,000000,4.25,4.25,4.25,4.25,100,0
NNG,D,20180314,000000,4.1,4.25,3.9,4.25,250,0
NNG,D,20180315,000000,4.25,4.25,4.25,4.25,200,0
NNG,D,20180316,000000,4.25,4.25,4.25,4.25,300,0
NNG,D,20180320,000000,4,4.19,4,4.19,486,0
NNG,D,20180326,000000,4.19,4.25,4.19,4.25,628,0
NNG,D,20180328,000000,4.2,4.2,4.2,4.2,100,0
NNG,D,20180329,000000,4.25,4.25,4.25,4.25,33,0
NNG,D,20180403,000000,3.95,4.2,3.95,4.2,31,0
NNG,D,20180404,000000,3.81,3.81,3.81,3.81,260,0
NNG,D,20180405,000000,3.81,4.19,3.81,4.19,110,0
NNG,D,20180409,000000,4.15,4.15,3.66,3.66,1366,0
NNG,D,20180410,000000,4,4,4,4,105,0
NNG,D,20180411,000000,4,4,4,4,210,0
NNG,D,20180412,000000,3.7,4,3.7,4,459,0
NNG,D,20180413,000000,4,4,3.8,3.8,381,0
NNG,D,20180416,000000,3.8,3.8,3.65,3.65,1341,0
NNG,D,20180417,000000,3.99,3.99,3.99,3.99,84,0
NNG,D,20180418,000000,3.98,3.98,3.98,3.98,100,0
NNG,D,20180419,000000,3.98,3.98,3.65,3.65,1966,0
NNG,D,20180420,000000,3.6,3.6,3.6,3.6,500,0
NNG,D,20180424,000000,2.92,2.92,2.92,2.92,1000,0
NNG,D,20180425,000000,3.02,3.15,3.02,3.15,515,0
NNG,D,20180426,000000,3.25,3.35,3.25,3.35,4204,0
NNG,D,20180427,000000,3.28,3.3,3.28,3.3,1700,0
NNG,D,20180430,000000,3.65,3.65,3.65,3.65,10,0
NNG,D,20180502,000000,3.8,3.9,3.8,3.9,390,0
NNG,D,20180507,000000,3.16,3.16,3.16,3.16,913,0
NNG,D,20180509,000000,3.2,3.2,3.2,3.2,500,0
NNG,D,20180511,000000,3.22,3.22,3.16,3.16,1200,0
NNG,D,20180514,000000,3.35,3.35,3.2,3.2,545,0
NNG,D,20180515,000000,3.35,3.35,3.35,3.35,15,0
NNG,D,20180516,000000,3.2,3.2,3.2,3.2,747,0
NNG,D,20180517,000000,3.2,3.2,3.15,3.15,2250,0
NNG,D,20180518,000000,3.14,3.15,3.14,3.15,1400,0
NNG,D,20180521,000000,3,3,2.8,2.8,1894,0
NNG,D,20180522,000000,2.75,3.25,2.75,3.25,2128,0
NNG,D,20180523,000000,3.35,3.35,3.35,3.35,195,0
NNG,D,20180524,000000,3.35,3.35,3.35,3.35,1000,0
NNG,D,20180528,000000,3.6,3.6,3.6,3.6,2600,0
NNG,D,20180529,000000,3.58,3.58,3.58,3.58,1400,0
NNG,D,20180605,000000,3.9,3.9,3.9,3.9,615,0
NNG,D,20180606,000000,3.85,3.85,3.85,3.85,1250,0
NNG,D,20180608,000000,3.8,3.8,3.8,3.8,100,0
NNG,D,20180612,000000,3.86,3.86,3.86,3.86,2645,0
NNG,D,20180613,000000,3.86,3.86,3.86,3.86,250,0
NNG,D,20180619,000000,3.8,3.8,3.8,3.8,100,0
NNG,D,20180621,000000,3.5,3.5,3.5,3.5,500,0
NNG,D,20180627,000000,3.59,3.59,3.59,3.59,109,0
NNG,D,20180628,000000,3.6,3.6,3.6,3.6,403,0
NNG,D,20180629,000000,3.57,3.9,3.57,3.9,1440,0
NNG,D,20180703,000000,3.85,3.85,3.85,3.85,50,0
NNG,D,20180807,000000,3.79,3.79,3.79,3.79,200,0
NNG,D,20180814,000000,3.7,3.7,3.7,3.7,20,0
NNG,D,20180817,000000,3.65,3.7,3.65,3.7,3457,0
NNG,D,20180820,000000,3.8,3.8,3.77,3.77,2052,0
NNG,D,20180821,000000,3.9,3.9,3.9,3.9,2183,0
NNG,D,20180822,000000,3.9,3.95,3.9,3.95,581,0
NNG,D,20180823,000000,4,4.05,4,4.05,1155,0
NNG,D,20180824,000000,4.18,4.18,4.18,4.18,595,0
NNG,D,20180827,000000,4.15,4.15,4.15,4.15,200,0
NNG,D,20180828,000000,4.19,4.19,4.19,4.19,285,0
NNG,D,20180830,000000,4.18,4.18,4.18,4.18,5,0
NNG,D,20180903,000000,4.05,4.05,4.05,4.05,261,0
NNG,D,20180904,000000,4.1,4.1,4.1,4.1,8,0
NNG,D,20180910,000000,4.05,4.05,4.05,4.05,10,0
NNG,D,20180911,000000,4.05,4.05,4.05,4.05,245,0
NNG,D,20180921,000000,4.04,4.05,4.04,4.05,1000,0
NNG,D,20181001,000000,4,4,4,4,32,0
NNG,D,20181019,000000,3.99,3.99,3.99,3.99,250,0
NNG,D,20181022,000000,3.95,3.95,3.95,3.95,249,0
NNG,D,20181023,000000,3,3,3,3,520,0
NNG,D,20181024,000000,2.7,2.8,2.7,2.8,980,0
NNG,D,20181029,000000,2.5,2.5,2.5,2.5,549,0
NNG,D,20181030,000000,2.6,2.6,2.6,2.6,4000,0
NNG,D,20181031,000000,2.6,2.6,2.6,2.6,651,0
NNG,D,20181102,000000,2.6,2.6,2.6,2.6,106,0
NNG,D,20181108,000000,2.6,2.6,2.6,2.6,245,0
NNG,D,20181120,000000,3,3,3,3,393,0
NNG,D,20181121,000000,3,3,3,3,749,0
NNG,D,20181126,000000,3,3,3,3,783,0
NNG,D,20181129,000000,3,3,3,3,2687,0
NNG,D,20181204,000000,2.8,2.8,2.8,2.8,32,0
NNG,D,20181211,000000,2.8,2.8,2.8,2.8,320,0
NNG,D,20181217,000000,2.4,2.4,2.4,2.4,200,0
NNG,D,20181218,000000,2.5,2.6,2.5,2.6,2,0
NNG,D,20181219,000000,2.6,2.6,2.4,2.4,3220,0
NNG,D,20181220,000000,2.6,2.6,2.5,2.5,2321,0
NNG,D,20181221,000000,2.4,2.44,2.4,2.44,1500,0
NNG,D,20181227,000000,2.5,2.5,2.5,2.5,7500,0
NNG,D,20181228,000000,2.5,2.5,2.44,2.44,124,0
NNG,D,20190102,000000,2.4,2.4,2.4,2.4,4172,0
NNG,D,20190103,000000,2.5,2.5,2.5,2.5,34,0
NNG,D,20190110,000000,2.5,2.5,2.5,2.5,3011,0
NNG,D,20190111,000000,2.5,2.5,2.5,2.5,1570,0
NNG,D,20190114,000000,2.5,2.5,2.5,2.5,403,0
NNG,D,20190115,000000,2.5,2.5,2.5,2.5,3352,0
NNG,D,20190117,000000,2.6,2.6,2.6,2.6,660,0
NNG,D,20190121,000000,2.86,2.86,2.86,2.86,250,0
NNG,D,20190123,000000,2.86,2.86,2.86,2.86,100,0
NNG,D,20190124,000000,2.9,3,2.9,3,381,0
NNG,D,20190125,000000,3.15,3.15,3.15,3.15,448,0
NNG,D,20190128,000000,3.2,3.22,3.2,3.22,1972,0
NNG,D,20190129,000000,3.36,3.36,3.36,3.36,2012,0
NNG,D,20190131,000000,3.36,3.36,3.36,3.36,500,0
NNG,D,20190201,000000,3.35,3.35,3.35,3.35,10,0
NNG,D,20190204,000000,3.26,3.26,3.26,3.26,315,0
NNG,D,20190206,000000,3.24,3.24,3.1,3.1,860,0
NNG,D,20190208,000000,3.2,3.2,3.2,3.2,200,0
NNG,D,20190211,000000,3.18,3.18,3.16,3.16,1000,0
NNG,D,20190212,000000,3.1,3.1,3.1,3.1,50,0
NNG,D,20190213,000000,3.16,3.16,3.16,3.16,753,0
NNG,D,20190214,000000,3.22,3.22,3.22,3.22,800,0
NNG,D,20190215,000000,3.18,3.18,3.18,3.18,800,0
NNG,D,20190218,000000,3.2,3.2,3.2,3.2,500,0
NNG,D,20190219,000000,3.18,3.18,3.18,3.18,700,0
NNG,D,20190220,000000,3,3,3,3,5000,0
NNG,D,20190221,000000,3.2,3.2,3.2,3.2,10,0
NNG,D,20190225,000000,3.17,3.17,3.17,3.17,30,0
NNG,D,20190226,000000,3,3,3,3,3750,0
NNG,D,20190228,000000,3,3,3,3,1000,0
NNG,D,20190306,000000,3.15,3.15,3.15,3.15,496,0
NNG,D,20190311,000000,3,3,3,3,300,0
NNG,D,20190312,000000,2.7,2.7,2.7,2.7,1000,0
NNG,D,20190313,000000,3.16,3.16,3.16,3.16,10,0
NNG,D,20190318,000000,3.09,3.09,3.09,3.09,100,0
NNG,D,20190320,000000,2.75,2.75,2.75,2.75,996,0
NNG,D,20190321,000000,3.15,3.15,3.15,3.15,50,0
NNG,D,20190326,000000,3.15,3.15,3.15,3.15,1100,0
NNG,D,20190401,000000,3.14,3.14,2.9,2.9,1359,0
NNG,D,20190402,000000,3.08,3.08,3,3,720,0
NNG,D,20190403,000000,3.02,3.02,3.02,3.02,620,0
NNG,D,20190404,000000,3.04,3.04,3,3,1530,0
NNG,D,20190405,000000,2.96,2.96,2.96,2.96,124,0
NNG,D,20190409,000000,2.98,2.98,2.98,2.98,480,0
NNG,D,20190410,000000,2.96,2.96,2.94,2.94,913,0
NNG,D,20190411,000000,2.54,2.54,2.54,2.54,726,0
NNG,D,20190412,000000,2.54,2.9,2.54,2.9,190,0
NNG,D,20190415,000000,2.8,2.8,2.8,2.8,70,0
NNG,D,20190423,000000,2.52,2.52,2.52,2.52,580,0
NNG,D,20190426,000000,2.8,2.8,2.8,2.8,135,0
NNG,D,20190429,000000,3,3,3,3,7244,0
NNG,D,20190522,000000,2.7,2.7,2.7,2.7,443,0
NNG,D,20190523,000000,2.5,2.5,2.5,2.5,200,0
NNG,D,20190612,000000,2.5,2.5,2.5,2.5,812,0
NNG,D,20190618,000000,2.46,2.46,2.46,2.46,160,0
NNG,D,20190628,000000,2.52,2.52,2.52,2.52,532,0
NNG,D,20190702,000000,2.8,2.8,2.8,2.8,200,0
NNG,D,20190705,000000,2.7,2.7,2.7,2.7,400,0
NNG,D,20190708,000000,2.8,2.84,2.8,2.84,1231,0
NNG,D,20190709,000000,3,3,3,3,200,0
NNG,D,20190710,000000,3,3,3,3,800,0
NNG,D,20190711,000000,3.3,3.5,3.3,3.5,150,0
NNG,D,20190712,000000,3.6,3.6,3.6,3.6,1410,0
NNG,D,20190715,000000,3.5,3.5,3.5,3.5,100,0
NNG,D,20190718,000000,3,3,3,3,250,0
NNG,D,20190719,000000,3,3,3,3,10,0
NNG,D,20190801,000000,3.1,3.1,3.1,3.1,200,0
NNG,D,20190802,000000,3.38,3.38,3.38,3.38,1,0
NNG,D,20190805,000000,3.36,3.36,3.36,3.36,100,0
NNG,D,20190807,000000,3,3,3,3,1344,0
NNG,D,20190814,000000,3,3.38,3,3.38,201,0
NNG,D,20190820,000000,3,3,3,3,400,0
NNG,D,20190822,000000,3.38,3.38,3.38,3.38,1,0
NNG,D,20190828,000000,3.36,3.36,3.36,3.36,587,0
NNG,D,20190904,000000,3.34,3.34,3.34,3.34,58,0
NNG,D,20190906,000000,3.1,3.1,3.1,3.1,1,0
NNG,D,20190911,000000,3.1,3.1,3.1,3.1,999,0
NNG,D,20190913,000000,3,3,3,3,16,0
NNG,D,20190917,000000,3,3,3,3,848,0
NNG,D,20190923,000000,2.72,2.72,2.6,2.6,1964,0
NNG,D,20190924,000000,2.4,2.4,2.4,2.4,4199,0
NNG,D,20190926,000000,2.6,2.6,2.5,2.5,2800,0
NNG,D,20190930,000000,2.06,2.06,1.86,1.86,4121,0
NNG,D,20191001,000000,1.71,1.71,1.62,1.62,14466,0
NNG,D,20191002,000000,1.62,1.66,1.62,1.66,1484,0
NNG,D,20191004,000000,1.78,1.78,1.78,1.78,49,0
NNG,D,20191008,000000,1.95,2.1,1.95,2.1,1552,0
NNG,D,20191009,000000,2.2,2.2,2.2,2.2,2,0
NNG,D,20191011,000000,2.2,2.2,2.2,2.2,1000,0
NNG,D,20191016,000000,2.2,2.22,2.2,2.22,927,0
NNG,D,20191017,000000,2.1,2.1,2.1,2.1,100,0
NNG,D,20191021,000000,2,2,2,2,2237,0
NNG,D,20191023,000000,2,2,2,2,1461,0
NNG,D,20191024,000000,2,2,2,2,1500,0
NNG,D,20191025,000000,1.8,1.8,1.8,1.8,995,0
NNG,D,20191028,000000,1.72,1.72,1.7,1.7,3864,0
NNG,D,20191029,000000,1.63,1.7,1.63,1.7,40,0
NNG,D,20191030,000000,1.79,1.89,1.79,1.89,20,0
NNG,D,20191031,000000,2.06,2.06,2.06,2.06,2,0
NNG,D,20191104,000000,2.06,2.06,2.06,2.06,80,0
NNG,D,20191105,000000,1.69,2.06,1.69,2.06,183,0
NNG,D,20191112,000000,1.69,1.69,1.69,1.69,190,0
NNG,D,20191113,000000,1.99,1.99,1.99,1.99,525,0
NNG,D,20191114,000000,2,2,2,2,25,0
NNG,D,20191115,000000,1.99,1.99,1.99,1.99,50,0
NNG,D,20191118,000000,1.99,1.99,1.99,1.99,340,0
NNG,D,20191119,000000,1.99,1.99,1.99,1.99,50,0
NNG,D,20191121,000000,1.72,1.95,1.72,1.95,1894,0
NNG,D,20191122,000000,1.98,1.98,1.74,1.74,1250,0
NNG,D,20191125,000000,1.74,1.74,1.72,1.72,4720,0
NNG,D,20191126,000000,1.69,1.69,1.53,1.53,7503,0
NNG,D,20191127,000000,1.46,1.46,1.46,1.46,699,0
NNG,D,20191128,000000,1.52,1.52,1.52,1.52,700,0
NNG,D,20191202,000000,1.48,1.48,1.48,1.48,200,0
NNG,D,20191203,000000,1.4,1.4,1.4,1.4,4561,0
NNG,D,20191210,000000,1.8,1.8,1.78,1.78,5000,0
NNG,D,20191211,000000,1.8,1.8,1.78,1.78,3327,0
NNG,D,20191212,000000,1.64,1.64,1.64,1.64,4700,0
NNG,D,20191213,000000,1.55,1.7,1.55,1.7,3459,0
NNG,D,20191216,000000,1.7,1.7,1.7,1.7,100,0
NNG,D,20191217,000000,1.62,1.62,1.55,1.55,9939,0
NNG,D,20191218,000000,1.5,1.5,1.5,1.5,1185,0
NNG,D,20191219,000000,1.5,1.5,1.5,1.5,500,0
NNG,D,20191220,000000,1.49,1.49,1.49,1.49,8610,0
NNG,D,20191223,000000,1.48,1.48,1.48,1.48,16612,0
NNG,D,20200102,000000,1.52,1.52,1.52,1.52,328,0
NNG,D,20200103,000000,1.58,1.58,1.58,1.58,1054,0
NNG,D,20200108,000000,1.58,1.58,1.58,1.58,200,0
NNG,D,20200109,000000,1.58,1.58,1.58,1.58,1110,0
NNG,D,20200113,000000,1.58,1.58,1.58,1.58,475,0
NNG,D,20200117,000000,1.41,1.52,1.41,1.52,4570,0
NNG,D,20200122,000000,1.9,1.9,1.9,1.9,660,0
NNG,D,20200124,000000,1.56,1.9,1.56,1.9,1017,0
NNG,D,20200127,000000,2.04,2.04,2.04,2.04,500,0
NNG,D,20200128,000000,2.08,2.1,2.08,2.1,800,0
NNG,D,20200129,000000,2.08,2.08,2.08,2.08,2820,0
NNG,D,20200130,000000,2.02,2.02,2.02,2.02,1120,0
NNG,D,20200131,000000,2.08,2.08,2.08,2.08,417,0
NNG,D,20200203,000000,2.08,2.08,2.08,2.08,1160,0
NNG,D,20200204,000000,2.06,2.06,2,2,345,0
NNG,D,20200206,000000,2.02,2.02,2.02,2.02,70,0
NNG,D,20200207,000000,2.08,2.08,2.08,2.08,45,0
NNG,D,20200210,000000,2.04,2.08,2.04,2.08,3105,0
NNG,D,20200211,000000,2.12,2.12,2.12,2.12,355,0
NNG,D,20200212,000000,2.22,2.22,2.22,2.22,1348,0
NNG,D,20200213,000000,2.22,2.22,2.22,2.22,4572,0
NNG,D,20200214,000000,2.22,2.62,2.22,2.62,1770,0
NNG,D,20200217,000000,2.72,2.72,2.68,2.68,2270,0
NNG,D,20200218,000000,2.6,2.6,2.6,2.6,3230,0
NNG,D,20200219,000000,2.6,2.6,2.6,2.6,2058,0
NNG,D,20200220,000000,2,2,2,2,750,0
NNG,D,20200221,000000,2.02,2.02,2.02,2.02,1650,0
NNG,D,20200224,000000,2.26,2.26,2.26,2.26,1689,0
NNG,D,20200225,000000,2,2,2,2,1602,0
NNG,D,20200226,000000,1.88,1.88,1.88,1.88,5102,0
NNG,D,20200227,000000,1.89,1.89,1.89,1.89,2892,0
NNG,D,20200228,000000,2.06,2.06,2.06,2.06,749,0
NNG,D,20200302,000000,1.98,1.99,1.98,1.99,15757,0
NNG,D,20200303,000000,2.1,2.1,2.1,2.1,1940,0
NNG,D,20200304,000000,2.08,2.08,2.08,2.08,1388,0
NNG,D,20200305,000000,2.24,2.24,2.22,2.22,1652,0
NNG,D,20200309,000000,2.22,2.22,1.7,1.7,1800,0
NNG,D,20200310,000000,2,2,2,2,1150,0
NNG,D,20200311,000000,1.88,1.88,1.88,1.88,930,0
NNG,D,20200312,000000,1.9,1.9,1.9,1.9,1100,0
NNG,D,20200313,000000,1.88,1.88,1.87,1.87,2250,0
NNG,D,20200316,000000,1.85,1.85,1.78,1.78,970,0
NNG,D,20200317,000000,1.71,1.71,1.63,1.63,11834,0
NNG,D,20200318,000000,1.85,1.85,1.69,1.69,5973,0
NNG,D,20200319,000000,1.53,1.53,1.53,1.53,1312,0
NNG,D,20200320,000000,1.5,1.5,1.49,1.49,11988,0
NNG,D,20200323,000000,1.4,1.49,1.4,1.49,3567,0
NNG,D,20200324,000000,1.4,1.4,1.4,1.4,5489,0
NNG,D,20200325,000000,1.41,1.41,1.41,1.41,29753,0
NNG,D,20200326,000000,1.51,1.51,1.51,1.51,17267,0
NNG,D,20200327,000000,1.51,1.51,1.51,1.51,13950,0
NNG,D,20200330,000000,1.64,1.64,1.44,1.44,32500,0
NNG,D,20200331,000000,1.4,1.4,1.4,1.4,15438,0
NNG,D,20200401,000000,1.4,1.4,1.4,1.4,7949,0
NNG,D,20200402,000000,1.51,1.51,1.51,1.51,1550,0
NNG,D,20200403,000000,1.5,1.5,1.49,1.49,5587,0
NNG,D,20200406,000000,1.59,1.62,1.59,1.62,5402,0
NNG,D,20200407,000000,1.66,1.66,1.66,1.66,1310,0
NNG,D,20200408,000000,1.65,1.65,1.65,1.65,955,0
NNG,D,20200415,000000,1.6,1.6,1.6,1.6,1161,0
NNG,D,20200416,000000,1.52,1.52,1.4,1.4,16525,0
NNG,D,20200417,000000,1.4,1.4,1.4,1.4,38675,0
NNG,D,20200420,000000,1.56,1.56,1.54,1.54,6227,0
NNG,D,20200421,000000,1.43,1.49,1.43,1.49,3630,0
NNG,D,20200422,000000,1.47,1.47,1.47,1.47,300,0
NNG,D,20200423,000000,1.47,1.57,1.47,1.57,7374,0
NNG,D,20200424,000000,1.59,1.59,1.58,1.58,1420,0
NNG,D,20200427,000000,1.48,1.52,1.48,1.52,2065,0
NNG,D,20200428,000000,1.59,1.59,1.59,1.59,1272,0
NNG,D,20200429,000000,1.59,1.6,1.59,1.6,2069,0
NNG,D,20200430,000000,1.62,1.62,1.62,1.62,3450,0
NNG,D,20200504,000000,1.6,1.61,1.6,1.61,2000,0
NNG,D,20200505,000000,1.63,1.63,1.63,1.63,1160,0
NNG,D,20200506,000000,1.63,1.63,1.63,1.63,610,0
NNG,D,20200507,000000,1.63,1.63,1.63,1.63,1426,0
NNG,D,20200508,000000,1.63,1.63,1.63,1.63,1665,0
NNG,D,20200512,000000,1.63,1.63,1.63,1.63,1010,0
NNG,D,20200513,000000,1.63,1.63,1.63,1.63,352,0
NNG,D,20200514,000000,1.63,1.63,1.63,1.63,1201,0
NNG,D,20200515,000000,1.63,1.68,1.63,1.68,5367,0
NNG,D,20200518,000000,1.68,1.68,1.68,1.68,1100,0
NNG,D,20200519,000000,1.78,1.78,1.78,1.78,500,0
NNG,D,20200520,000000,1.85,1.95,1.85,1.95,3100,0
NNG,D,20200521,000000,2.12,2.18,2.12,2.18,4577,0
NNG,D,20200522,000000,2.16,2.16,2.1,2.1,2129,0
NNG,D,20200525,000000,1.69,1.8,1.69,1.8,3650,0
NNG,D,20200526,000000,1.8,1.8,1.8,1.8,1988,0
NNG,D,20200527,000000,1.75,1.75,1.75,1.75,282,0
NNG,D,20200528,000000,1.84,1.84,1.84,1.84,50,0
NNG,D,20200529,000000,1.83,1.84,1.83,1.84,5479,0
NNG,D,20200601,000000,2.18,2.18,2.18,2.18,12169,0
NNG,D,20200602,000000,2.38,2.38,2.38,2.38,5000,0
NNG,D,20200603,000000,2.96,2.96,2.96,2.96,13200,0
NNG,D,20200604,000000,2.92,2.92,2.92,2.92,5015,0
NNG,D,20200605,000000,2.78,2.78,2.78,2.78,2700,0
NNG,D,20200608,000000,2.26,2.26,2.2,2.2,6491,0
NNG,D,20200609,000000,2.46,2.46,2.46,2.46,1950,0
NNG,D,20200610,000000,2.46,2.46,2.46,2.46,1818,0
NNG,D,20200615,000000,2.4,2.4,2.4,2.4,300,0
NNG,D,20200616,000000,2.2,2.2,2.2,2.2,593,0
NNG,D,20200617,000000,2.18,2.18,2.18,2.18,2700,0
NNG,D,20200618,000000,2.4,2.4,2.4,2.4,4431,0
NNG,D,20200619,000000,2.2,2.2,2.2,2.2,14597,0
NNG,D,20200622,000000,2.28,2.28,2.28,2.28,6004,0
NNG,D,20200623,000000,2.1,2.2,2.1,2.2,17217,0
NNG,D,20200624,000000,2.38,2.38,2.34,2.34,8100,0
NNG,D,20200625,000000,2.38,2.38,2.38,2.38,3500,0
NNG,D,20200626,000000,2.22,2.22,2.22,2.22,3002,0
NNG,D,20200629,000000,2.2,2.2,2.1,2.1,7033,0
NNG,D,20200630,000000,2.36,2.36,2.32,2.32,483,0
NNG,D,20200701,000000,2.32,2.32,2.32,2.32,57,0
NNG,D,20200702,000000,1.95,2.14,1.77,2,18323,0
NNG,D,20200703,000000,2.06,2.14,2,2,9379,0
NNG,D,20200706,000000,2.12,2.16,2.12,2.14,4511,0
NNG,D,20200707,000000,2.16,2.16,1.95,2.08,7436,0
NNG,D,20200708,000000,1.9,2.1,1.9,1.98,2535,0
NNG,D,20200709,000000,1.95,1.95,1.9,1.9,10164,0
NNG,D,20200710,000000,1.9,1.9,1.9,1.9,20795,0
NNG,D,20200713,000000,2.04,2.04,1.9,1.94,11597,0
NNG,D,20200714,000000,1.98,1.98,1.9,1.9,7863,0
NNG,D,20200715,000000,1.88,2,1.86,1.87,7053,0
NNG,D,20200716,000000,1.87,1.98,1.8,1.98,10156,0
NNG,D,20200717,000000,1.82,1.92,1.8,1.92,2000,0
NNG,D,20200720,000000,1.93,1.93,1.93,1.93,3092,0
NNG,D,20200721,000000,1.82,1.88,1.74,1.88,47598,0
NNG,D,20200722,000000,1.9,1.9,1.74,1.82,16322,0
NNG,D,20200723,000000,1.82,2.2,1.8,2.12,43056,0
NNG,D,20200724,000000,2.2,2.36,2.14,2.36,36160,0
NNG,D,20200727,000000,2.4,2.64,2.4,2.62,60197,0
NNG,D,20200728,000000,2.72,3.2,2.72,3.2,89052,0
NNG,D,20200729,000000,3.3,3.52,2.98,3.1,37591,0
NNG,D,20200730,000000,3,3.16,2.7,3.1,13382,0
NNG,D,20200731,000000,2.7,3.08,2.66,2.82,17019,0
NNG,D,20200803,000000,2.9,3.12,2.82,3.1,5840,0
NNG,D,20200804,000000,3.1,3.4,2.92,3.28,33257,0
NNG,D,20200805,000000,3.24,3.38,3.14,3.2,12346,0
NNG,D,20200806,000000,3.04,3.2,3,3.04,25624,0
NNG,D,20200807,000000,3,3.08,2.84,3,29899,0
NNG,D,20200810,000000,2.98,3.1,2.7,3.1,23122,0
NNG,D,20200811,000000,3,3.1,2.82,3,22715,0
NNG,D,20200812,000000,2.96,3.1,2.86,3,1984,0
NNG,D,20200813,000000,3,3.24,3,3.24,9226,0
NNG,D,20200814,000000,3.24,3.24,3,3.22,3290,0
NNG,D,20200817,000000,3.2,3.26,3.02,3.2,4999,0
NNG,D,20200818,000000,3.26,3.26,3.02,3.2,2591,0
NNG,D,20200819,000000,3.06,3.16,3.04,3.12,3640,0
NNG,D,20200820,000000,3.06,3.1,2.9,3.1,6279,0
NNG,D,20200821,000000,3.08,3.08,2.8,3.08,4665,0
NNG,D,20200824,000000,2.92,3,2.92,3,5554,0
NNG,D,20200825,000000,2.94,3,2.9,3,6610,0
NNG,D,20200826,000000,3,3,3,3,990,0
NNG,D,20200827,000000,3,3,2.9,2.9,1411,0
NNG,D,20200828,000000,3,3.14,2.92,3.06,19496,0
NNG,D,20200831,000000,3.04,3.04,2.9,3.04,2449,0
NNG,D,20200901,000000,3.04,3.34,2.9,3.3,29755,0
NNG,D,20200902,000000,3.3,3.8,3.16,3.8,13123,0
NNG,D,20200903,000000,3.8,3.8,3.42,3.6,6808,0
NNG,D,20200904,000000,3.6,3.6,3.24,3.3,17370,0
NNG,D,20200907,000000,3.58,3.58,3.4,3.54,7447,0
NNG,D,20200908,000000,3.5,3.5,3,3.24,9480,0
NNG,D,20200909,000000,3.12,3.4,3.12,3.36,5467,0
NNG,D,20200910,000000,3.36,3.36,3.36,3.36,400,0
NNG,D,20200911,000000,3.26,3.34,3.26,3.34,250,0
NNG,D,20200914,000000,3.4,3.48,3.4,3.48,5800,0
NNG,D,20200915,000000,3.48,3.5,3.48,3.5,126,0
NNG,D,20200916,000000,3.26,3.48,3.26,3.48,245,0
NNG,D,20200917,000000,3.24,3.24,3.24,3.24,1535,0
NNG,D,20200918,000000,3.24,3.4,3,3.4,7409,0
NNG,D,20200921,000000,3.34,3.38,3.34,3.38,1441,0
NNG,D,20200922,000000,3.38,3.38,3.38,3.38,117,0
NNG,D,20200923,000000,3.16,3.32,3.16,3.32,600,0
NNG,D,20200924,000000,3.32,3.32,3.02,3.32,1276,0
NNG,D,20200925,000000,3,3.2,3,3.2,1414,0
NNG,D,20200928,000000,3.26,3.26,3.26,3.26,300,0
NNG,D,20200929,000000,3.24,3.24,3,3.06,14121,0
NNG,D,20200930,000000,3.16,3.26,3.16,3.16,3247,0
NNG,D,20201001,000000,3.46,3.46,3.18,3.2,6831,0
NNG,D,20201002,000000,3.18,3.2,3.1,3.2,1060,0
NNG,D,20201005,000000,3.16,3.2,3,3.16,4629,0
NNG,D,20201006,000000,3.16,3.34,3,3.34,7637,0
NNG,D,20201007,000000,3.3,3.3,3.26,3.3,4032,0
NNG,D,20201008,000000,3.28,3.3,3.04,3.3,2581,0
NNG,D,20201009,000000,3.3,3.32,3.06,3.32,2091,0
NNG,D,20201012,000000,3.1,3.3,3.06,3.3,7214,0
NNG,D,20201013,000000,3.02,3.28,3.02,3.28,3667,0
NNG,D,20201014,000000,3.28,3.36,3.02,3.18,18710,0
NNG,D,20201015,000000,3.18,3.18,2.84,3,2497,0
NNG,D,20201016,000000,3,5.25,3,5.25,157874,0
NNG,D,20201019,000000,8.8,9.5,8.8,9.5,103486,0
NNG,D,20201020,000000,10,13,9.85,13,591536,0
NNG,D,20201021,000000,12.6,12.6,9.25,10,560109,0
NNG,D,20201022,000000,9,9.55,7.5,7.5,415758,0
NNG,D,20201023,000000,7.05,9.2,6.45,8.1,700434,0
NNG,D,20201026,000000,8.2,8.9,7.6,7.6,100421,0
NNG,D,20201027,000000,7.9,7.9,6.9,7.05,103293,0
NNG,D,20201028,000000,7.05,7.15,5.5,6.2,58028,0
NNG,D,20201029,000000,5.9,6.35,5.35,5.95,60481,0
NNG,D,20201030,000000,5.5,7.05,5.5,6.5,97919,0
NNG,D,20201102,000000,9,9,7.75,9,241842,0
NNG,D,20201103,000000,10.8,11.2,8.85,9.15,529197,0
NNG,D,20201104,000000,9.1,9.1,8.2,8.4,167331,0
NNG,D,20201105,000000,8.3,9.25,8.3,8.7,111573,0
NNG,D,20201106,000000,8.6,9.35,8.3,8.5,92155,0
NNG,D,20201109,000000,8.75,9,7.5,7.9,233409,0
NNG,D,20201110,000000,7.5,7.9,6.75,7.7,98151,0
NNG,D,20201112,000000,8,8,7.25,7.7,27152,0
NNG,D,20201113,000000,7.65,7.65,7.2,7.25,23472,0
NNG,D,20201116,000000,6.8,6.8,6.35,6.4,84459,0
NNG,D,20201117,000000,6.35,6.45,5.7,5.9,62665,0
NNG,D,20201118,000000,6.1,7.3,5.9,6.75,105192,0
NNG,D,20201119,000000,7.1,7.25,6.4,6.55,47593,0
NNG,D,20201120,000000,6.55,6.75,6.2,6.55,13993,0
NNG,D,20201123,000000,6.55,6.55,6.15,6.2,11659,0
NNG,D,20201124,000000,6.45,6.55,6.15,6.35,8366,0
NNG,D,20201125,000000,6.35,6.35,5.75,5.8,33400,0
NNG,D,20201126,000000,5.8,6.2,5.3,5.85,51265,0
NNG,D,20201127,000000,5.85,6.4,5.5,6.15,44820,0
NNG,D,20201130,000000,5.95,6,5.4,5.5,34607,0
NNG,D,20201201,000000,5.5,5.5,5,5.1,42605,0
NNG,D,20201202,000000,4.6,5.05,4.6,4.9,61007,0
NNG,D,20201203,000000,4.9,4.92,4.5,4.68,29289,0
NNG,D,20201204,000000,4.56,4.7,4.22,4.4,90053,0
NNG,D,20201207,000000,4.5,4.5,4.16,4.3,28258,0
NNG,D,20201208,000000,4.3,5.8,4.2,5.8,82277,0
NNG,D,20201209,000000,6,7,5.4,5.6,264752,0
NNG,D,20201210,000000,5.85,5.9,5.2,5.25,42747,0
NNG,D,20201211,000000,5.3,5.3,4.78,4.9,45049,0
NNG,D,20201214,000000,4.92,5.15,4.84,5.1,39278,0
NNG,D,20201215,000000,5.2,5.8,5,5.3,58603,0
NNG,D,20201216,000000,5.3,5.4,5,5,27071,0
NNG,D,20201217,000000,4.9,4.9,4.6,4.72,96180,0
NNG,D,20201218,000000,4.62,4.78,4.5,4.6,56789,0
NNG,D,20201221,000000,4.54,4.68,4.46,4.48,73534,0
NNG,D,20201222,000000,4.5,4.88,4.5,4.58,52458,0
NNG,D,20201223,000000,4.68,4.7,4.5,4.6,28637,0
NNG,D,20201228,000000,4.6,4.64,4.4,4.5,220154,0
NNG,D,20201229,000000,4.54,4.6,4.22,4.5,113898,0
NNG,D,20201230,000000,4.02,4.48,4.02,4.38,57196,0
NNG,D,20210104,000000,4.38,4.7,4.38,4.7,47532,0
NNG,D,20210105,000000,4.7,5.1,4.6,4.84,89210,0
NNG,D,20210107,000000,4.84,5,4.62,4.7,66159,0
NNG,D,20210108,000000,4.7,4.7,4.52,4.58,41837,0
NNG,D,20210111,000000,4.6,4.74,4.54,4.6,30694,0
NNG,D,20210112,000000,4.64,4.68,4.5,4.64,210775,0
NNG,D,20210113,000000,4.6,5.15,4.58,5.1,76914,0
NNG,D,20210114,000000,5.05,5.1,4.78,4.98,46039,0
NNG,D,20210115,000000,5.6,5.85,4.64,5.05,703736,0
NNG,D,20210118,000000,5,5.3,4.9,5.15,130254,0
NNG,D,20210119,000000,5.2,5.2,5,5,53913,0
NNG,D,20210120,000000,5.05,5.1,4.96,5.1,89591,0
NNG,D,20210121,000000,5.1,5.2,4.96,5.15,41540,0
NNG,D,20210122,000000,5.25,5.25,4.98,5.15,62658,0
NNG,D,20210125,000000,5.15,5.15,4.96,5,58897,0
NNG,D,20210126,000000,5,5.1,4.96,5,46719,0
NNG,D,20210127,000000,4.98,5.05,4.6,4.96,57826,0
NNG,D,20210128,000000,4.9,5.05,4.7,4.9,78717,0
NNG,D,20210129,000000,4.98,5,4.84,4.96,34686,0
NNG,D,20210201,000000,5.5,6.85,5.45,6.85,1127520,0
NNG,D,20210202,000000,7.3,8.6,6.05,6.15,1879189,0
NNG,D,20210203,000000,6.25,7.3,6.1,6.5,832838,0
NNG,D,20210204,000000,7,7.05,6.3,6.45,292463,0
NNG,D,20210205,000000,6.7,6.7,6.3,6.45,127232,0
NNG,D,20210208,000000,6.6,7.4,6.5,7.4,360519,0
NNG,D,20210209,000000,7.1,7.35,6.85,7.1,134122,0
NNG,D,20210210,000000,7.2,7.3,6.7,6.85,108878,0
NNG,D,20210211,000000,6.9,6.9,6.45,6.55,151876,0
NNG,D,20210212,000000,6.5,6.65,6.2,6.55,110013,0
NNG,D,20210215,000000,6.45,6.7,6.25,6.6,80694,0
NNG,D,20210216,000000,6.85,6.85,6.4,6.6,102668,0
NNG,D,20210217,000000,6.7,6.9,6.5,6.6,126034,0
NNG,D,20210218,000000,6.85,7.8,6.7,7.25,692890,0
NNG,D,20210219,000000,7.3,8.8,7.3,8.25,1108025,0
NNG,D,20210222,000000,8.9,9.2,8.05,8.15,517742,0
NNG,D,20210223,000000,8.25,8.4,7.7,8,249669,0
NNG,D,20210224,000000,8,8.6,7.7,8,257377,0
NNG,D,20210225,000000,8.05,8.25,7.5,7.5,104904,0
NNG,D,20210226,000000,7.3,7.45,7,7.4,148196,0
NNG,D,20210301,000000,7.45,7.9,7.3,7.55,53503,0
NNG,D,20210302,000000,7.7,7.7,7.05,7.15,149235,0
NNG,D,20210303,000000,7.1,7.1,6.65,7.05,174561,0
NNG,D,20210304,000000,7,7.65,6.7,7.2,131728,0
NNG,D,20210305,000000,7.2,7.4,7,7.1,51350,0
NNG,D,20210308,000000,7.15,7.3,6.9,7,56280,0
NNG,D,20210309,000000,7.1,7.1,6.8,6.95,61917,0
NNG,D,20210310,000000,7.05,7.05,6.7,6.9,85074,0
NNG,D,20210311,000000,6.9,7.25,6.75,7.2,61701,0
NNG,D,20210312,000000,7.2,7.4,6.9,7.1,84037,0
NNG,D,20210315,000000,7.1,7.2,6.85,6.9,104048,0
NNG,D,20210316,000000,6.9,7.55,6.85,7.15,137165,0
NNG,D,20210317,000000,8.05,8.15,7.1,7.3,481284,0
NNG,D,20210318,000000,7.35,7.4,7,7.3,66980,0
NNG,D,20210319,000000,7.3,7.6,7.1,7.5,85176,0
NNG,D,20210322,000000,7.5,7.5,7.25,7.3,35676,0
NNG,D,20210323,000000,7.45,7.45,7.15,7.35,32184,0
NNG,D,20210324,000000,7.35,7.4,7.15,7.4,44426,0
NNG,D,20210325,000000,7.4,7.4,7.15,7.25,43675,0
NNG,D,20210326,000000,7.2,7.25,7.15,7.25,30161,0
NNG,D,20210329,000000,8.2,8.7,7.85,8.1,867423,0
NNG,D,20210330,000000,7.9,8.15,7.5,7.5,296612,0
NNG,D,20210331,000000,7.6,7.6,7.25,7.45,141887,0
NNG,D,20210401,000000,7.54,7.68,7.22,7.34,97534,0
NNG,D,20210406,000000,7.1,7.2,6.9,7.16,175754,0
NNG,D,20210407,000000,7.05,7.24,7,7.1,41161,0
NNG,D,20210408,000000,7.03,7.14,7.02,7.07,23790,0
NNG,D,20210409,000000,7.09,7.12,6.99,7.02,26816,0
NNG,D,20210412,000000,6.96,7.11,6.93,7.11,28544,0
NNG,D,20210413,000000,7.04,7.12,6.7,6.99,63615,0
NNG,D,20210414,000000,7.08,7.08,6.85,6.91,12336,0
NNG,D,20210415,000000,6.91,6.99,6.6,6.76,36830,0
NNG,D,20210416,000000,6.63,7.02,6.63,6.75,24892,0
NNG,D,20210419,000000,6.82,6.88,6.45,6.59,46783,0
NNG,D,20210420,000000,6.58,6.58,6.04,6.32,124180,0
NNG,D,20210421,000000,6.32,6.4,5.95,6.03,57271,0
NNG,D,20210422,000000,6,6.12,5.92,6.03,42415,0
NNG,D,20210423,000000,5.9,5.99,5.31,5.52,65934,0
NNG,D,20210426,000000,5.62,5.8,5.5,5.76,33878,0
NNG,D,20210427,000000,5.61,5.75,5.5,5.5,17128,0
NNG,D,20210428,000000,5.52,5.75,5.5,5.7,18858,0
NNG,D,20210429,000000,5.87,5.9,5.75,5.8,16352,0
NNG,D,20210430,000000,5.73,6.1,5.65,5.83,26561,0
NNG,D,20210504,000000,5.65,5.83,5.18,5.49,66895,0
NNG,D,20210505,000000,5.59,5.59,5.15,5.26,37022,0
NNG,D,20210506,000000,5.24,5.25,5.02,5.13,38434,0
NNG,D,20210507,000000,5.14,5.18,4.85,5.03,87083,0
NNG,D,20210510,000000,4.99,5.07,4.75,4.76,58684,0
NNG,D,20210511,000000,4.87,5,4.755,4.91,33914,0
NNG,D,20210512,000000,4.92,4.99,4.695,4.9,22640,0
NNG,D,20210513,000000,4.755,4.88,4.695,4.87,17632,0
NNG,D,20210514,000000,4.8,5.09,4.7,5.05,29020,0
NNG,D,20210517,000000,5.1,5.2,5,5.15,23262,0
NNG,D,20210518,000000,5.14,5.14,5.01,5.1,6768,0
NNG,D,20210519,000000,5.01,5.1,5,5.08,13725,0
NNG,D,20210520,000000,5,5.09,4.905,5.05,11238,0
NNG,D,20210521,000000,5.05,5.05,4.96,5,22197,0
NNG,D,20210524,000000,5,5.21,4.94,5,8933,0
NNG,D,20210525,000000,5.1,5.1,4.92,5.06,5875,0
NNG,D,20210526,000000,5.09,5.09,4.91,5.09,13930,0
NNG,D,20210527,000000,5.1,5.1,4.93,5,9632,0
NNG,D,20210528,000000,5,5.13,4.945,5.02,19231,0
NNG,D,20210531,000000,5,5.05,4.81,4.96,11451,0
NNG,D,20210601,000000,4.88,4.96,4.8,4.96,11308,0
NNG,D,20210602,000000,4.99,5.05,4.9,4.94,11744,0
NNG,D,20210604,000000,4.9,4.95,4.9,4.95,1991,0
NNG,D,20210607,000000,4.98,4.98,4.82,4.95,6334,0
NNG,D,20210608,000000,4.95,5,4.85,5,5265,0
NNG,D,20210609,000000,5,5.05,4.9,4.91,4427,0
NNG,D,20210610,000000,4.95,5,4.91,5,3178,0
NNG,D,20210611,000000,5,5,4.92,4.98,6736,0
NNG,D,20210614,000000,4.95,5.1,4.9,5.1,7231,0
NNG,D,20210615,000000,5.04,5.43,5.04,5.41,19119,0
NNG,D,20210616,000000,5.41,5.41,5.2,5.39,6880,0
NNG,D,20210617,000000,5.25,5.35,5.05,5.12,10262,0
NNG,D,20210618,000000,5.29,5.29,4.92,4.92,18926,0
NNG,D,20210621,000000,4.92,5,4.86,5,7838,0
NNG,D,20210622,000000,5,5.09,4.92,5,23278,0
NNG,D,20210623,000000,5,5.08,4.96,5.08,5651,0
NNG,D,20210624,000000,5.08,5.25,4.92,5.15,4477,0
NNG,D,20210625,000000,5,5.24,4.92,4.98,4711,0
NNG,D,20210628,000000,5.18,5.22,5,5.2,11769,0
NNG,D,20210629,000000,5.02,5.19,4.95,5.06,16549,0
NNG,D,20210630,000000,5,5.18,4.96,5.15,6205,0
NNG,D,20210701,000000,5.15,5.15,5,5.14,1308,0
NNG,D,20210702,000000,5.15,5.15,5.07,5.15,4624,0
NNG,D,20210705,000000,5.15,5.27,5.11,5.11,4149,0
NNG,D,20210706,000000,5.11,5.27,5.08,5.24,582,0
NNG,D,20210707,000000,5.07,5.27,5.07,5.24,14621,0
NNG,D,20210708,000000,5.08,5.24,5.06,5.22,14197,0
NNG,D,20210709,000000,5.07,5.23,5.06,5.17,4156,0
NNG,D,20210712,000000,5.15,5.19,5.05,5.14,1772,0
NNG,D,20210713,000000,5.04,5.12,5.01,5.12,6431,0
NNG,D,20210714,000000,5.08,5.12,5,5.09,10117,0
NNG,D,20210715,000000,5.08,5.1,5,5.03,15259,0
NNG,D,20210716,000000,4.97,5.1,4.91,5.09,21068,0
NNG,D,20210719,000000,5.09,5.19,4.96,5.05,4719,0
NNG,D,20210720,000000,5.05,5.15,4.92,5.08,3165,0
NNG,D,20210721,000000,5.08,5.18,5,5.17,9894,0
NNG,D,20210722,000000,5.17,5.18,4.98,5.15,4052,0
NNG,D,20210723,000000,4.95,5.14,4.95,5.13,5216,0
NNG,D,20210726,000000,5.1,5.17,5.1,5.15,1213,0
NNG,D,20210727,000000,5.15,5.16,4.96,5.15,1978,0
NNG,D,20210728,000000,5.15,5.15,5,5.15,221,0
NNG,D,20210729,000000,5,5.1,5,5.08,2282,0
NNG,D,20210730,000000,5.1,5.15,5,5.14,2925,0
NNG,D,20210802,000000,5.15,5.16,4.95,5.08,13339,0
NNG,D,20210803,000000,5.08,5.15,4.98,5.09,956,0
NNG,D,20210804,000000,5.01,5.15,4.98,5.08,4989,0
NNG,D,20210805,000000,5,5.08,4.95,4.95,9625,0
NNG,D,20210806,000000,4.9,5.1,4.9,5.05,1368,0
NNG,D,20210809,000000,4.99,5.05,4.97,5.05,13225,0
NNG,D,20210810,000000,4.95,5.05,4.93,5,6263,0
NNG,D,20210811,000000,5,5,4.91,5,10672,0
NNG,D,20210812,000000,5,5,4.9,5,7146,0
NNG,D,20210813,000000,5,5,4.93,4.96,6806,0
NNG,D,20210816,000000,4.97,4.98,4.92,4.97,1742,0
NNG,D,20210817,000000,4.905,4.97,4.8,4.86,14249,0
NNG,D,20210818,000000,4.86,4.86,4.46,4.8,31575,0
NNG,D,20210819,000000,4.62,4.645,4.3,4.6,23973,0
NNG,D,20210820,000000,4.645,4.9,4.5,4.75,17176,0
NNG,D,20210823,000000,4.75,4.75,4.525,4.7,2110,0
NNG,D,20210824,000000,4.735,4.735,4.54,4.68,5093,0
NNG,D,20210825,000000,4.68,4.86,4.665,4.845,2352,0
NNG,D,20210826,000000,4.85,4.85,4.7,4.82,5059,0
NNG,D,20210827,000000,4.8,4.895,4.7,4.885,3003,0
NNG,D,20210830,000000,4.69,4.875,4.69,4.865,780,0
NNG,D,20210831,000000,4.72,4.86,4.57,4.82,10845,0
NNG,D,20210901,000000,4.85,4.85,4.5,4.7,7596,0
NNG,D,20210902,000000,4.7,4.75,4.61,4.65,1308,0
NNG,D,20210903,000000,4.7,4.78,4.6,4.76,5608,0
NNG,D,20210906,000000,4.56,4.78,4.56,4.76,3219,0
NNG,D,20210907,000000,4.7,4.76,4.67,4.7,2116,0
NNG,D,20210908,000000,4.7,4.7,4.54,4.58,10375,0
NNG,D,20210909,000000,4.58,4.64,4.52,4.525,6986,0
NNG,D,20210910,000000,4.635,4.64,4.525,4.64,3713,0
NNG,D,20210913,000000,4.635,4.64,4.54,4.635,6172,0
NNG,D,20210914,000000,4.63,4.635,4.5,4.61,14861,0
NNG,D,20210915,000000,4.505,4.61,4.45,4.595,3390,0
NNG,D,20210916,000000,4.605,4.61,4.5,4.6,3500,0
NNG,D,20210917,000000,4.6,5.6,4.6,5.19,315999,0
NNG,D,20210920,000000,5.13,5.13,4.7,4.7,104712,0
NNG,D,20210921,000000,4.7,4.99,4.7,4.95,37518,0
NNG,D,20210922,000000,4.985,5.18,4.81,4.95,44423,0
NNG,D,20210923,000000,5.12,5.15,4.79,5.08,45210,0
NNG,D,20210924,000000,5.28,5.3,5.07,5.19,27509,0
NNG,D,20210927,000000,5.1,5.19,4.91,4.935,10694,0
NNG,D,20210928,000000,5,5.22,5,5.16,23047,0
NNG,D,20210929,000000,5.2,5.24,5,5.13,18436,0
NNG,D,20210930,000000,5.1,5.4,5,5.25,42470,0
NNG,D,20211001,000000,5.26,5.29,5.05,5.24,27028,0
NNG,D,20211006,000000,4.99,5.19,4.9,5.09,37409,0
NNG,D,20211007,000000,5.1,5.1,4.9,5.02,6313,0
NNG,D,20211008,000000,5.05,5.18,4.9,5.07,42857,0
NNG,D,20211011,000000,5.14,5.14,5.01,5.03,5720,0
NNG,D,20211012,000000,5,5.16,4.9,5.09,46295,0
NNG,D,20211013,000000,4.95,5.09,4.95,5.09,2331,0
NNG,D,20211014,000000,5.09,5.09,4.93,4.93,6149,0
NNG,D,20211015,000000,5.09,5.09,5.01,5.06,6489,0
NNG,D,20211018,000000,4.935,5.06,4.9,5.02,6941,0
NNG,D,20211019,000000,4.91,5.08,4.8,5,43267,0
NNG,D,20211020,000000,5,5,4.9,4.99,7127,0
NNG,D,20211021,000000,5,5,4.9,5,2577,0
NNG,D,20211022,000000,5,5,4.9,5,2174,0
NNG,D,20211025,000000,5,5,4.91,5,3127,0
NNG,D,20211026,000000,5,5.03,4.815,5,14076,0
NNG,D,20211027,000000,5,5,4.9,5,1217,0
NNG,D,20211028,000000,5,5.04,4.91,5.04,4514,0
NNG,D,20211029,000000,5.05,5.05,4.9,4.94,5241,0
NNG,D,20211102,000000,5.02,5.17,4.96,5.08,28633,0
NNG,D,20211103,000000,5,5.15,4.95,5.09,13756,0
NNG,D,20211104,000000,5.09,5.09,5.04,5.09,2648,0
NNG,D,20211105,000000,5.08,5.1,5,5.1,4172,0
NNG,D,20211108,000000,5.09,5.09,4.955,5.07,1967,0
NNG,D,20211109,000000,5.08,5.15,4.885,5.07,4660,0
NNG,D,20211110,000000,5.05,5.08,4.84,4.985,8121,0
NNG,D,20211112,000000,4.985,5.05,4.8,5,4768,0
NNG,D,20211115,000000,4.99,5,4.8,4.965,24056,0
NNG,D,20211116,000000,5,5.05,4.88,4.96,4662,0
NNG,D,20211117,000000,4.975,4.975,4.82,4.935,14122,0
NNG,D,20211118,000000,4.955,4.955,4.82,4.915,3455,0
NNG,D,20211119,000000,4.91,4.915,4.8,4.895,7239,0
NNG,D,20211122,000000,4.895,4.925,4.41,4.75,18076,0
NNG,D,20211123,000000,4.69,4.77,4.5,4.585,26388,0
NNG,D,20211124,000000,4.5,4.6,4.5,4.6,18426,0
NNG,D,20211125,000000,4.6,4.6,4.5,4.55,21744,0
NNG,D,20211126,000000,4.5,4.5,4.43,4.45,69165,0
NNG,D,20211129,000000,4.42,4.86,4.42,4.75,93284,0
NNG,D,20211130,000000,4.865,4.865,4.56,4.69,20799,0
NNG,D,20211201,000000,4.69,4.69,4.45,4.45,41485,0
NNG,D,20211202,000000,4.45,4.625,4.45,4.625,5309,0
NNG,D,20211203,000000,4.56,4.79,4.55,4.79,12562,0
NNG,D,20211206,000000,4.79,4.79,4.5,4.65,8955,0
NNG,D,20211207,000000,4.6,4.65,4.47,4.65,11957,0
NNG,D,20211208,000000,4.51,4.72,4.51,4.7,8428,0
NNG,D,20211209,000000,4.72,4.8,4.58,4.7,20823,0
NNG,D,20211210,000000,4.79,4.8,4.52,4.69,2274,0
NNG,D,20211213,000000,4.7,4.795,4.41,4.645,15044,0
NNG,D,20211214,000000,4.5,4.55,4.4,4.45,12504,0
NNG,D,20211215,000000,4.4,4.46,4.365,4.46,7498,0
NNG,D,20211216,000000,4.46,4.46,4.35,4.46,8043,0
NNG,D,20211217,000000,4.46,4.46,4.32,4.34,7052,0
NNG,D,20211220,000000,4.31,4.35,3.88,4.065,40367,0
NNG,D,20211221,000000,4.065,4.065,3.86,3.88,27704,0
NNG,D,20211222,000000,3.89,3.94,3.765,3.835,71520,0
NNG,D,20211223,000000,3.775,3.835,3.54,3.68,30063,0
NNG,D,20211227,000000,3.68,3.7,3.11,3.15,165627,0
NNG,D,20211228,000000,3.15,3.23,3.12,3.175,129426,0
NNG,D,20211229,000000,3.18,3.69,3.18,3.68,29739,0
NNG,D,20211230,000000,3.6,3.87,3.3,3.59,27915,0
NNG,D,20220103,000000,3.6,3.88,3.6,3.76,14620,0
NNG,D,20220104,000000,3.76,3.77,3.55,3.6,11449,0
NNG,D,20220105,000000,3.6,3.86,3.6,3.86,6884,0
NNG,D,20220107,000000,3.85,3.93,3.7,3.93,15063,0
NNG,D,20220110,000000,3.95,3.95,3.77,3.945,5227,0
NNG,D,20220111,000000,3.9,4.195,3.87,4.16,28564,0
NNG,D,20220112,000000,4.16,4.2,3.895,4.2,28558,0
NNG,D,20220113,000000,4.195,4.195,4,4.1,2763,0
NNG,D,20220114,000000,4.09,4.285,3.995,4.2,11153,0
NNG,D,20220117,000000,4.25,4.32,4.03,4.32,10610,0
NNG,D,20220118,000000,4.31,4.31,4,4.15,29377,0
NNG,D,20220119,000000,4.08,4.2,4.07,4.195,3045,0
NNG,D,20220120,000000,4.195,4.28,4.08,4.08,5349,0
NNG,D,20220121,000000,4.06,4.08,3.805,3.915,13781,0
NNG,D,20220124,000000,4.1,4.1,3.52,3.65,16026,0
NNG,D,20220125,000000,3.65,3.86,3.6,3.86,7162,0
NNG,D,20220126,000000,3.87,3.9,3.7,3.86,6487,0
NNG,D,20220127,000000,3.95,3.95,3.555,3.56,38115,0
NNG,D,20220128,000000,3.8,3.8,3.5,3.76,9924,0
NNG,D,20220131,000000,3.8,3.8,3.7,3.79,1337,0
NNG,D,20220201,000000,3.79,3.8,3.61,3.8,3963,0
NNG,D,20220202,000000,3.8,3.84,3.79,3.84,1854,0
NNG,D,20220203,000000,3.84,3.87,3.6,3.8,4938,0
NNG,D,20220204,000000,3.67,3.8,3.66,3.8,5719,0
NNG,D,20220207,000000,3.685,3.87,3.68,3.87,2339,0
NNG,D,20220208,000000,3.8,3.87,3.68,3.825,8143,0
NNG,D,20220209,000000,3.82,3.82,3.54,3.69,7510,0
NNG,D,20220210,000000,3.62,3.7,3.62,3.7,4858,0
NNG,D,20220211,000000,3.67,3.79,3.61,3.79,2481,0
NNG,D,20220214,000000,3.56,3.78,3.355,3.78,27808,0
NNG,D,20220215,000000,3.64,4.56,3.64,4.18,68885,0
NNG,D,20220216,000000,4.33,4.33,4.005,4.21,14273,0
NNG,D,20220217,000000,3.9,4.16,3.66,3.77,9971,0
NNG,D,20220218,000000,3.65,3.795,3.65,3.795,12204,0
NNG,D,20220221,000000,3.8,3.8,3.695,3.7,31830,0
NNG,D,20220222,000000,3.67,3.67,3.5,3.605,18779,0
NNG,D,20220223,000000,3.64,3.7,3.605,3.605,3920,0
NNG,D,20220224,000000,3.57,3.57,3,3.28,99800,0
NNG,D,20220225,000000,3.29,3.75,3.1,3.75,7531,0
NNG,D,20220228,000000,3.51,3.71,3.51,3.71,1560,0
NNG,D,20220301,000000,3.71,3.71,3.51,3.65,6776,0
NNG,D,20220302,000000,3.51,3.6,3.02,3.2,52322,0
NNG,D,20220303,000000,3.2,3.3,3.2,3.22,18235,0
NNG,D,20220304,000000,3.21,3.325,3.15,3.26,19952,0
NNG,D,20220307,000000,3.08,3.16,2.9,3.1,9929,0
NNG,D,20220308,000000,3.1,3.1,2.92,2.95,6606,0
NNG,D,20220309,000000,2.91,3.255,2.88,3.255,6475,0
NNG,D,20220310,000000,3.255,3.255,3.04,3.2,1735,0
NNG,D,20220311,000000,3.03,3.2,3.03,3.2,1830,0
NNG,D,20220314,000000,3.1,3.255,3.06,3.14,4483,0
NNG,D,20220315,000000,3.255,3.3,3.06,3.3,16451,0
NNG,D,20220316,000000,3.3,3.3,3.1,3.3,10788,0
NNG,D,20220317,000000,3.3,3.34,3.17,3.27,2501,0
NNG,D,20220318,000000,3.3,3.38,3.18,3.26,5202,0
NNG,D,20220321,000000,3.21,3.38,3.21,3.215,3336,0
NNG,D,20220322,000000,3.22,3.355,3.11,3.35,7300,0
NNG,D,20220323,000000,3.15,3.305,3.15,3.3,4345,0
NNG,D,20220324,000000,3.43,3.49,3.13,3.13,47681,0
NNG,D,20220325,000000,3.32,3.32,3.1,3.1,24093,0
NNG,D,20220328,000000,3.105,3.21,3.09,3.1,6111,0
NNG,D,20220329,000000,3.1,3.18,3.1,3.18,2970,0
NNG,D,20220330,000000,3.105,3.195,3,3,27361,0
NNG,D,20220331,000000,3.07,3.15,3,3,26168,0
NNG,D,20220401,000000,3.08,3.08,2.995,3,16931,0
NNG,D,20220404,000000,2.97,3,2.95,3,15659,0
NNG,D,20220405,000000,2.95,3,2.86,2.995,30891,0
NNG,D,20220406,000000,2.995,2.995,2.8,2.92,116748,0
NNG,D,20220407,000000,2.9,3.1,2.9,2.99,112801,0
NNG,D,20220408,000000,2.985,3,2.86,2.86,24731,0
NNG,D,20220411,000000,2.855,2.99,2.8,2.89,45437,0
NNG,D,20220412,000000,2.9,2.95,2.7,2.9,8909,0
NNG,D,20220413,000000,2.735,2.85,2.7,2.815,8069,0
NNG,D,20220414,000000,2.7,2.75,2.675,2.73,9667,0
NNG,D,20220419,000000,2.67,2.67,2.49,2.605,19296,0
NNG,D,20220420,000000,2.5,2.62,2.35,2.565,36519,0
NNG,D,20220421,000000,2.405,2.55,2.205,2.4,71307,0
NNG,D,20220422,000000,2.3,2.4,2.15,2.15,43970,0
NNG,D,20220425,000000,2.15,2.285,2,2.14,34608,0
NNG,D,20220426,000000,2.14,2.225,1.93,2.13,24065,0
NNG,D,20220427,000000,2.095,2.165,1.87,2,41474,0
NNG,D,20220428,000000,2,2,1.8,1.916,18487,0
NNG,D,20220429,000000,1.93,2.07,1.3,1.3,191130,0
NNG,D,20220502,000000,1.3,1.426,1.172,1.33,130580,0
NNG,D,20220504,000000,1.33,1.38,1.3,1.38,28115,0
NNG,D,20220505,000000,1.384,1.42,1.34,1.39,11392,0
NNG,D,20220506,000000,1.35,1.39,1.24,1.348,20290,0
NNG,D,20220509,000000,1.388,1.388,1.302,1.38,3434,0
NNG,D,20220510,000000,1.25,1.338,1.23,1.296,10679,0
NNG,D,20220511,000000,1.212,1.296,1.132,1.188,28496,0
NNG,D,20220512,000000,1.186,1.28,1.16,1.162,11695,0
NNG,D,20220513,000000,1.162,1.24,1.15,1.218,9989,0
NNG,D,20220516,000000,1.238,1.238,1.14,1.224,2809,0
NNG,D,20220517,000000,1.222,1.27,1.14,1.262,10916,0
NNG,D,20220518,000000,1.272,1.272,1.182,1.268,1233,0
NNG,D,20220519,000000,1.272,1.28,1.2,1.28,12433,0
NNG,D,20220520,000000,1.28,1.28,1.21,1.278,8095,0
NNG,D,20220523,000000,1.278,1.396,1.25,1.3,17754,0
NNG,D,20220524,000000,1.25,1.3,1.25,1.28,16344,0
NNG,D,20220525,000000,1.26,1.3,1.256,1.274,25633,0
NNG,D,20220526,000000,1.28,1.28,1.19,1.25,8345,0
NNG,D,20220527,000000,1.29,1.37,1.26,1.296,20782,0
NNG,D,20220530,000000,1.296,1.35,1.266,1.3,10557,0
NNG,D,20220531,000000,1.3,1.35,1.292,1.3,45589,0
NNG,D,20220601,000000,1.3,1.3,1.26,1.26,22777,0
NNG,D,20220602,000000,1.26,1.342,1.224,1.266,7010,0
NNG,D,20220603,000000,1.27,1.33,1.268,1.272,24862,0
NNG,D,20220606,000000,1.35,1.39,1.272,1.3,11305,0
NNG,D,20220607,000000,1.27,1.33,1.25,1.288,26612,0
NNG,D,20220608,000000,1.33,1.33,1.25,1.3,5408,0
NNG,D,20220609,000000,1.26,1.298,1.18,1.296,10587,0
NNG,D,20220610,000000,1.202,1.3,1.202,1.3,6475,0
NNG,D,20220613,000000,1.23,1.31,1.21,1.25,4845,0
NNG,D,20220614,000000,1.21,1.25,1.16,1.25,10757,0
NNG,D,20220615,000000,1.19,1.286,1.15,1.24,6523,0
NNG,D,20220617,000000,1.17,1.24,1.17,1.238,157,0
NNG,D,20220620,000000,1.17,1.24,1.17,1.24,702,0
NNG,D,20220621,000000,1.17,1.24,1.17,1.24,1639,0
NNG,D,20220622,000000,1.18,1.24,1.16,1.23,2675,0
NNG,D,20220623,000000,1.2,1.2,1.168,1.168,8589,0
NNG,D,20220624,000000,1.236,1.248,1.162,1.246,8526,0
NNG,D,20220627,000000,1.2,1.242,1.16,1.236,8677,0
NNG,D,20220628,000000,1.16,1.244,1.16,1.238,2296,0
NNG,D,20220629,000000,1.238,1.24,1.162,1.24,3234,0
NNG,D,20220630,000000,1.18,1.244,1.18,1.244,6665,0
NNG,D,20220701,000000,1.244,1.246,1.15,1.15,25302,0
NNG,D,20220704,000000,1.22,1.22,1.152,1.16,37903,0
NNG,D,20220705,000000,1.14,1.212,1.07,1.196,6841,0
NNG,D,20220706,000000,1.194,1.204,1.14,1.14,13235,0
NNG,D,20220707,000000,1.2,1.218,1.14,1.218,24480,0
NNG,D,20220708,000000,1.24,1.246,1.116,1.144,91396,0
NNG,D,20220711,000000,1.166,1.55,1.15,1.55,153296,0
NNG,D,20220712,000000,1.6,2.125,1.57,2.125,747652,0
NNG,D,20220713,000000,2.25,2.58,1.78,1.79,1363889,0
NNG,D,20220714,000000,1.8,1.91,1.562,1.6,345174,0
NNG,D,20220715,000000,1.574,1.902,1.574,1.8,401993,0
NNG,D,20220718,000000,1.8,1.844,1.72,1.74,95532,0
NNG,D,20220719,000000,1.812,1.812,1.58,1.7,161978,0
NNG,D,20220720,000000,1.76,1.824,1.69,1.692,121410,0
NNG,D,20220721,000000,1.65,1.71,1.62,1.65,32349,0
NNG,D,20220722,000000,1.68,1.688,1.6,1.604,46801,0
NNG,D,20220725,000000,1.644,1.898,1.644,1.81,228414,0
NNG,D,20220726,000000,1.85,1.94,1.794,1.838,125755,0
NNG,D,20220727,000000,1.838,1.838,1.75,1.754,51486,0
NNG,D,20220728,000000,1.762,1.792,1.704,1.732,15482,0
NNG,D,20220729,000000,1.768,1.77,1.716,1.732,26801,0
NNG,D,20220801,000000,1.732,1.76,1.63,1.64,44376,0
NNG,D,20220802,000000,1.65,1.67,1.602,1.604,26924,0
NNG,D,20220803,000000,1.608,1.61,1.47,1.54,99631,0
NNG,D,20220804,000000,1.54,1.582,1.45,1.528,149607,0
NNG,D,20220805,000000,1.452,1.53,1.436,1.444,73979,0
NNG,D,20220808,000000,1.458,1.598,1.444,1.566,124533,0
NNG,D,20220809,000000,1.564,1.59,1.512,1.514,35135,0
NNG,D,20220810,000000,1.518,1.52,1.38,1.46,69065,0
NNG,D,20220811,000000,1.498,1.5,1.42,1.5,43934,0
NNG,D,20220812,000000,1.432,1.5,1.432,1.464,11185,0
NNG,D,20220816,000000,1.464,1.488,1.4,1.486,41743,0
NNG,D,20220817,000000,1.488,1.488,1.412,1.42,13202,0
NNG,D,20220818,000000,1.42,1.458,1.41,1.422,13103,0
NNG,D,20220819,000000,1.45,1.46,1.4,1.42,12302,0
NNG,D,20220822,000000,1.458,1.458,1.38,1.38,28573,0
NNG,D,20220823,000000,1.38,1.43,1.38,1.39,7286,0
NNG,D,20220824,000000,1.39,1.44,1.3,1.44,29799,0
NNG,D,20220825,000000,1.422,1.438,1.372,1.382,9398,0
NNG,D,20220826,000000,1.326,1.408,1.31,1.386,48258,0
NNG,D,20220829,000000,1.38,1.4,1.34,1.398,24781,0
NNG,D,20220830,000000,1.4,1.644,1.4,1.588,163001,0
NNG,D,20220831,000000,1.59,1.6,1.442,1.45,103025,0
NNG,D,20220901,000000,1.49,1.5,1.3,1.36,72736,0
NNG,D,20220902,000000,1.36,1.398,1.35,1.39,11263,0
NNG,D,20220905,000000,1.35,1.442,1.332,1.42,20339,0
NNG,D,20220906,000000,1.35,1.42,1.35,1.398,21911,0
NNG,D,20220907,000000,1.34,1.42,1.32,1.42,6237,0
NNG,D,20220908,000000,1.42,1.45,1.36,1.45,8247,0
NNG,D,20220909,000000,1.45,1.45,1.37,1.374,1341,0
NNG,D,20220912,000000,1.45,1.45,1.324,1.336,5382,0
NNG,D,20220913,000000,1.338,1.41,1.302,1.302,29481,0
NNG,D,20220914,000000,1.32,1.382,1.308,1.38,8762,0
NNG,D,20220915,000000,1.37,1.378,1.33,1.33,5999,0
NNG,D,20220916,000000,1.33,1.368,1.31,1.32,7444,0
NNG,D,20220919,000000,1.31,1.35,1.31,1.35,6665,0
NNG,D,20220920,000000,1.31,1.39,1.3,1.31,17977,0
NNG,D,20220921,000000,1.388,1.39,1.302,1.32,9390,0
NNG,D,20220922,000000,1.302,1.398,1.302,1.348,7830,0
NNG,D,20220923,000000,1.312,1.33,1.31,1.31,5654,0
NNG,D,20220926,000000,1.306,1.306,1.156,1.304,12446,0
NNG,D,20220927,000000,1.204,1.35,1.204,1.298,10824,0
NNG,D,20220928,000000,1.34,1.34,1.21,1.21,1991,0
NNG,D,20220929,000000,1.21,1.288,1.15,1.21,7613,0
NNG,D,20220930,000000,1.21,1.378,1.15,1.24,23838,0
NNG,D,20221003,000000,1.248,1.298,1.16,1.284,23399,0
NNG,D,20221004,000000,1.284,1.706,1.222,1.706,77106,0
NNG,D,20221005,000000,1.78,1.78,1.362,1.362,198953,0
NNG,D,20221006,000000,1.49,1.49,1.36,1.43,22369,0
NNG,D,20221007,000000,1.466,1.466,1.37,1.44,20799,0
NNG,D,20221010,000000,1.37,1.438,1.34,1.416,12270,0
NNG,D,20221011,000000,1.414,1.416,1.26,1.26,33232,0
NNG,D,20221012,000000,1.386,1.396,1.28,1.37,19855,0
NNG,D,20221013,000000,1.358,1.358,1.25,1.288,54149,0
NNG,D,20221014,000000,1.324,1.324,1.212,1.22,22836,0
NNG,D,20221017,000000,1.282,1.284,1.21,1.284,19451,0
NNG,D,20221018,000000,1.25,1.318,1.22,1.23,23529,0
NNG,D,20221019,000000,1.232,1.298,1.202,1.22,26214,0
NNG,D,20221020,000000,1.22,1.294,1.218,1.23,6720,0
NNG,D,20221021,000000,1.28,1.28,1.23,1.25,5395,0
NNG,D,20221024,000000,1.22,1.248,1.16,1.238,20876,0
NNG,D,20221025,000000,1.2,1.234,1.1,1.104,56824,0
NNG,D,20221026,000000,1.178,1.28,1.12,1.234,22830,0
NNG,D,20221027,000000,1.23,1.254,1.158,1.252,31504,0
NNG,D,20221028,000000,1.252,1.29,1.192,1.29,41616,0
NNG,D,20221031,000000,1.3,1.348,1.28,1.3,50615,0
NNG,D,20221102,000000,1.324,1.43,1.272,1.36,65697,0
NNG,D,20221103,000000,1.386,1.386,1.28,1.3,45850,0
NNG,D,20221104,000000,1.3,1.386,1.26,1.34,35607,0
NNG,D,20221107,000000,1.39,1.39,1.286,1.304,37730,0
NNG,D,20221108,000000,1.35,1.35,1.28,1.33,14169,0
NNG,D,20221109,000000,1.338,1.34,1.282,1.282,4194,0
NNG,D,20221110,000000,1.334,1.334,1.282,1.282,14168,0
NNG,D,20221114,000000,1.282,1.358,1.256,1.3,20083,0
NNG,D,20221115,000000,1.27,1.31,1.27,1.28,2190,0
NNG,D,20221116,000000,1.28,1.31,1.276,1.276,4862,0
NNG,D,20221117,000000,1.276,1.276,1.244,1.25,7874,0
NNG,D,20221118,000000,1.276,1.32,1.25,1.32,5287,0
NNG,D,20221121,000000,1.252,1.3,1.25,1.264,15348,0
NNG,D,20221122,000000,1.25,1.318,1.25,1.284,5916,0
NNG,D,20221123,000000,1.284,1.318,1.27,1.276,4402,0
NNG,D,20221124,000000,1.252,1.3,1.23,1.23,43073,0
NNG,D,20221125,000000,1.26,1.29,1.16,1.224,57931,0
NNG,D,20221128,000000,1.286,1.286,1.21,1.218,12303,0
NNG,D,20221129,000000,1.222,1.276,1.17,1.26,31203,0
NNG,D,20221130,000000,1.21,1.28,1.182,1.28,20578,0
NNG,D,20221201,000000,1.212,1.278,1.202,1.204,19192,0
NNG,D,20221202,000000,1.204,1.254,1.18,1.212,24963,0
NNG,D,20221205,000000,1.2,1.28,1.19,1.28,56847,0
NNG,D,20221206,000000,1.2,1.28,1.2,1.214,14977,0
NNG,D,20221207,000000,1.29,1.29,1.2,1.204,7501,0
NNG,D,20221208,000000,1.276,1.28,1.21,1.268,3619,0
NNG,D,20221209,000000,1.268,1.268,1.22,1.224,2122,0
NNG,D,20221212,000000,1.222,1.258,1.202,1.23,27682,0
NNG,D,20221213,000000,1.23,1.25,1.2,1.2,23739,0
NNG,D,20221214,000000,1.24,1.24,1.19,1.192,14793,0
NNG,D,20221215,000000,1.24,1.24,1.196,1.2,12780,0
NNG,D,20221216,000000,1.194,1.234,1.16,1.202,43411,0
NNG,D,20221219,000000,1.16,1.218,1.16,1.216,2087,0
NNG,D,20221220,000000,1.172,1.232,1.172,1.224,20930,0
NNG,D,20221221,000000,1.18,1.218,1.18,1.218,6055,0
NNG,D,20221222,000000,1.21,1.238,1.172,1.172,68449,0
NNG,D,20221223,000000,1.22,1.22,1.172,1.174,29267,0
NNG,D,20221227,000000,1.194,1.22,1.1,1.106,155773,0
NNG,D,20221228,000000,1.168,1.18,1.106,1.124,48025,0
NNG,D,20221229,000000,1.124,1.23,1.108,1.138,42121,0
NNG,D,20221230,000000,1.28,1.28,1.16,1.244,44526,0
NNG,D,20230102,000000,1.244,1.278,1.162,1.26,16436,0
NNG,D,20230103,000000,1.26,1.276,1.18,1.2,56130,0
NNG,D,20230104,000000,1.188,1.24,1.186,1.2,24507,0
NNG,D,20230105,000000,1.2,1.246,1.19,1.23,11312,0
NNG,D,20230109,000000,1.23,1.23,1.194,1.23,2409,0
NNG,D,20230110,000000,1.262,1.262,1.2,1.204,25039,0
NNG,D,20230111,000000,1.25,1.25,1.202,1.242,14657,0
NNG,D,20230112,000000,1.248,1.248,1.2,1.21,18097,0
NNG,D,20230113,000000,1.246,1.268,1.202,1.21,34088,0
NNG,D,20230116,000000,1.228,1.27,1.21,1.27,13595,0
NNG,D,20230117,000000,1.27,1.27,1.216,1.216,9298,0
NNG,D,20230118,000000,1.222,1.266,1.206,1.23,25102,0
NNG,D,20230119,000000,1.23,1.77,1.23,1.77,681055,0
NNG,D,20230120,000000,1.85,1.92,1.54,1.62,804048,0
NNG,D,20230123,000000,1.64,1.64,1.5,1.5,116724,0
NNG,D,20230124,000000,1.5,1.57,1.5,1.566,61236,0
NNG,D,20230125,000000,1.568,1.568,1.43,1.472,92014,0
NNG,D,20230126,000000,1.472,1.512,1.434,1.506,18468,0
NNG,D,20230127,000000,1.454,1.51,1.442,1.45,38401,0
NNG,D,20230130,000000,1.45,1.5,1.45,1.45,10709,0
NNG,D,20230131,000000,1.45,1.69,1.44,1.55,333932,0
NNG,D,20230201,000000,1.568,1.57,1.486,1.486,68903,0
NNG,D,20230202,000000,1.52,1.75,1.456,1.676,380404,0
NNG,D,20230203,000000,1.67,1.72,1.57,1.624,100045,0
NNG,D,20230206,000000,1.624,1.654,1.5,1.568,90739,0
NNG,D,20230207,000000,1.514,1.6,1.51,1.55,77292,0
NNG,D,20230208,000000,1.57,1.57,1.51,1.512,40625,0
NNG,D,20230209,000000,1.5,1.62,1.494,1.568,79877,0
NNG,D,20230210,000000,1.59,1.7,1.536,1.62,104829,0
NNG,D,20230213,000000,1.674,1.84,1.57,1.6,684558,0
NNG,D,20230214,000000,1.6,1.65,1.576,1.64,78430,0
NNG,D,20230215,000000,1.67,1.67,1.574,1.59,64746,0
NNG,D,20230216,000000,1.59,1.62,1.512,1.538,83373,0
NNG,D,20230217,000000,1.518,1.598,1.518,1.578,19950,0
NNG,D,20230220,000000,1.578,1.62,1.49,1.51,94971,0
NNG,D,20230221,000000,1.538,1.538,1.48,1.488,68197,0
NNG,D,20230222,000000,1.496,1.498,1.418,1.474,18794,0
NNG,D,20230223,000000,1.488,1.5,1.42,1.48,20070,0
NNG,D,20230224,000000,1.422,1.492,1.422,1.468,32496,0
NNG,D,20230227,000000,1.468,1.478,1.422,1.472,21156,0
NNG,D,20230228,000000,1.47,1.474,1.4,1.446,68718,0
NNG,D,20230301,000000,1.41,1.46,1.4,1.42,43330,0
NNG,D,20230302,000000,1.42,1.45,1.402,1.408,17049,0
NNG,D,20230303,000000,1.43,1.444,1.384,1.386,36697,0
NNG,D,20230306,000000,1.384,1.43,1.384,1.386,21967,0
NNG,D,20230307,000000,1.38,1.43,1.37,1.394,71957,0
NNG,D,20230308,000000,1.41,1.41,1.37,1.38,38943,0
NNG,D,20230309,000000,1.418,1.418,1.36,1.38,43971,0
NNG,D,20230310,000000,1.38,1.416,1.352,1.4,23308,0
NNG,D,20230313,000000,1.36,1.37,1.32,1.36,22747,0
NNG,D,20230314,000000,1.33,1.38,1.318,1.352,25191,0
NNG,D,20230315,000000,1.328,1.354,1.262,1.35,17584,0
NNG,D,20230316,000000,1.4,1.4,1.222,1.232,236599,0
NNG,D,20230317,000000,1.3,1.318,1.244,1.256,28601,0
NNG,D,20230320,000000,1.296,1.298,1.2,1.268,53242,0
NNG,D,20230321,000000,1.23,1.28,1.23,1.268,2303,0
NNG,D,20230322,000000,1.268,1.278,1.204,1.268,12304,0
NNG,D,20230323,000000,1.284,1.284,1.21,1.23,5273,0
NNG,D,20230324,000000,1.274,1.306,1.232,1.298,49261,0
NNG,D,20230327,000000,1.312,1.42,1.24,1.4,61916,0
NNG,D,20230328,000000,1.39,1.4,1.314,1.316,31048,0
NNG,D,20230329,000000,1.38,1.38,1.252,1.308,45459,0
NNG,D,20230330,000000,1.278,1.366,1.278,1.278,27048,0
NNG,D,20230331,000000,1.306,1.326,1.276,1.326,757,0
NNG,D,20230403,000000,1.326,1.348,1.244,1.28,9031,0
NNG,D,20230404,000000,1.28,1.344,1.256,1.258,28423,0
NNG,D,20230405,000000,1.258,1.274,1.2,1.228,118847,0
NNG,D,20230406,000000,1.206,1.238,1.19,1.198,41539,0
NNG,D,20230411,000000,1.218,1.24,1.18,1.23,52827,0
NNG,D,20230412,000000,1.2,1.236,1.186,1.234,23497,0
NNG,D,20230413,000000,1.23,1.35,1.18,1.19,341180,0
NNG,D,20230414,000000,1.19,1.218,1.152,1.208,75860,0
NNG,D,20230417,000000,1.19,1.214,1.17,1.18,52015,0
NNG,D,20230418,000000,1.162,1.204,1.122,1.18,210167,0
NNG,D,20230419,000000,1.18,1.18,1.128,1.168,383970,0
NNG,D,20230420,000000,1.13,1.195,1.13,1.15,20526,0
NNG,D,20230421,000000,1.15,1.18,1.15,1.175,18109,0
NNG,D,20230424,000000,1.16,1.185,1.135,1.16,16494,0
NNG,D,20230425,000000,1.18,1.2,1.145,1.16,34206,0
NNG,D,20230426,000000,1.185,1.2,1.145,1.145,33446,0
NNG,D,20230427,000000,1.17,1.195,1.145,1.185,19467,0
NNG,D,20230428,000000,1.185,1.2,1.18,1.2,9050,0
NNG,D,20230502,000000,1.2,1.21,1.16,1.16,50481,0
NNG,D,20230504,000000,1.195,1.21,1.165,1.17,16797,0
NNG,D,20230505,000000,1.19,1.205,1.17,1.18,13951,0
NNG,D,20230508,000000,1.18,1.2,1.17,1.17,44035,0
NNG,D,20230509,000000,1.17,1.2,1.155,1.16,32759,0
NNG,D,20230510,000000,1.16,1.2,1.16,1.165,20720,0
NNG,D,20230511,000000,1.15,1.21,1.15,1.19,35839,0
NNG,D,20230512,000000,1.19,1.2,1.175,1.185,9566,0
NNG,D,20230515,000000,1.19,1.195,1.17,1.19,4942,0
NNG,D,20230516,000000,1.19,1.2,1.18,1.19,33486,0
NNG,D,20230517,000000,1.195,1.195,1.165,1.165,29912,0
NNG,D,20230518,000000,1.16,1.195,1.16,1.16,17607,0
NNG,D,20230519,000000,1.185,1.2,1.165,1.2,17735,0
NNG,D,20230522,000000,1.18,1.2,1.17,1.19,21336,0
NNG,D,20230523,000000,1.19,1.19,1.175,1.185,6378,0
NNG,D,20230524,000000,1.195,1.195,1.17,1.17,10101,0
NNG,D,20230525,000000,1.18,1.18,1.16,1.16,24759,0
NNG,D,20230526,000000,1.17,1.19,1.17,1.17,2122,0
NNG,D,20230529,000000,1.185,1.205,1.175,1.185,23407,0
NNG,D,20230530,000000,1.18,1.2,1.165,1.165,14577,0
NNG,D,20230531,000000,1.185,1.19,1.17,1.17,4066,0
NNG,D,20230601,000000,1.17,1.18,1.17,1.18,1956,0
NNG,D,20230602,000000,1.18,1.195,1.18,1.195,6167,0
NNG,D,20230605,000000,1.195,1.195,1.175,1.18,11327,0
NNG,D,20230606,000000,1.195,1.195,1.17,1.17,6377,0
NNG,D,20230607,000000,1.175,1.19,1.17,1.19,16804,0
NNG,D,20230609,000000,1.19,1.195,1.18,1.18,15606,0
NNG,D,20230612,000000,1.18,1.19,1.17,1.19,3111,0
NNG,D,20230613,000000,1.19,1.19,1.175,1.19,9957,0
NNG,D,20230614,000000,1.19,1.19,1.17,1.19,16675,0
NNG,D,20230615,000000,1.175,1.19,1.175,1.19,1425,0
NNG,D,20230616,000000,1.19,1.195,1.17,1.185,11988,0
NNG,D,20230619,000000,1.185,1.21,1.185,1.2,51759,0
NNG,D,20230620,000000,1.21,1.21,1.175,1.175,9731,0
NNG,D,20230621,000000,1.18,1.2,1.175,1.2,2632,0
NNG,D,20230622,000000,1.185,1.25,1.185,1.19,79998,0
NNG,D,20230623,000000,1.19,1.245,1.19,1.22,37703,0
NNG,D,20230626,000000,1.23,1.23,1.19,1.2,34537,0
NNG,D,20230627,000000,1.2,1.245,1.18,1.185,38271,0
NNG,D,20230628,000000,1.2,1.23,1.19,1.19,8356,0
NNG,D,20230629,000000,1.2,1.22,1.165,1.195,12544,0
NNG,D,20230630,000000,1.2,1.2,1.17,1.17,9154,0
NNG,D,20230703,000000,1.185,1.19,1.16,1.19,20743,0
NNG,D,20230704,000000,1.19,1.19,1.16,1.16,6154,0
NNG,D,20230705,000000,1.165,1.185,1.16,1.185,9559,0
NNG,D,20230706,000000,1.165,1.185,1.16,1.185,17481,0
NNG,D,20230707,000000,1.185,1.195,1.165,1.19,16115,0
NNG,D,20230710,000000,1.18,1.19,1.17,1.17,4602,0
NNG,D,20230711,000000,1.18,1.195,1.17,1.18,52781,0
NNG,D,20230712,000000,1.185,1.185,1.175,1.18,10892,0
NNG,D,20230713,000000,1.18,1.18,1.165,1.17,25086,0
NNG,D,20230714,000000,1.185,1.3,1.185,1.25,209580,0
NNG,D,20230717,000000,1.285,1.285,1.205,1.26,62187,0
NNG,D,20230718,000000,1.225,1.27,1.205,1.22,40372,0
NNG,D,20230719,000000,1.22,1.24,1.185,1.24,49234,0
NNG,D,20230720,000000,1.24,1.24,1.19,1.23,33793,0
NNG,D,20230721,000000,1.205,1.23,1.2,1.22,31161,0
NNG,D,20230724,000000,1.23,1.23,1.19,1.195,10953,0
NNG,D,20230725,000000,1.215,1.235,1.2,1.2,70475,0
NNG,D,20230726,000000,1.23,1.23,1.19,1.19,45474,0
NNG,D,20230727,000000,1.19,1.22,1.185,1.205,42740,0
NNG,D,20230728,000000,1.21,1.215,1.19,1.21,17890,0
NNG,D,20230731,000000,1.21,1.21,1.17,1.19,35636,0
NNG,D,20230801,000000,1.21,1.21,1.17,1.17,46168,0
NNG,D,20230802,000000,1.17,1.195,1.16,1.19,32735,0
NNG,D,20230803,000000,1.19,1.19,1.15,1.18,21042,0
NNG,D,20230804,000000,1.175,1.18,1.165,1.17,32437,0
NNG,D,20230807,000000,1.17,1.17,1.15,1.17,55950,0
NNG,D,20230808,000000,1.165,1.17,1.155,1.155,14111,0
NNG,D,20230809,000000,1.16,1.16,1.135,1.135,50359,0
NNG,D,20230810,000000,1.16,1.16,1.14,1.145,19512,0
NNG,D,20230811,000000,1.16,1.165,1.135,1.135,30906,0
NNG,D,20230814,000000,1.14,1.24,1.13,1.175,215664,0
NNG,D,20230816,000000,1.18,1.18,1.135,1.17,45775,0
NNG,D,20230817,000000,1.14,1.16,1.14,1.145,13601,0
NNG,D,20230818,000000,1.16,1.16,1.06,1.115,147593,0
NNG,D,20230821,000000,1.115,1.15,1.05,1.14,102619,0
NNG,D,20230822,000000,1.145,1.145,1.035,1.09,79136,0
NNG,D,20230823,000000,1.085,1.085,1.03,1.05,71173,0
NNG,D,20230824,000000,1.05,1.055,0.97,1.02,77368,0
NNG,D,20230825,000000,1,1.01,0.98,1.01,34937,0
NNG,D,20230828,000000,0.998,1.04,0.998,0.998,35594,0
NNG,D,20230829,000000,0.998,1.04,0.98,1,35967,0
NNG,D,20230830,000000,1.03,1.03,0.97,1.025,32490,0
NNG,D,20230831,000000,0.98,1.03,0.946,0.988,124956,0
NNG,D,20230901,000000,0.988,0.99,0.9,0.958,139235,0
NNG,D,20230904,000000,0.958,0.974,0.9,0.932,77580,0
NNG,D,20230905,000000,0.92,1.04,0.882,0.956,388481,0
NNG,D,20230906,000000,0.956,0.984,0.902,0.96,55743,0
NNG,D,20230907,000000,0.972,0.974,0.92,0.94,43637,0
NNG,D,20230908,000000,0.95,0.98,0.888,0.928,102212,0
NNG,D,20230911,000000,0.926,0.93,0.89,0.92,28268,0
NNG,D,20230912,000000,0.926,0.942,0.898,0.91,35308,0
NNG,D,20230913,000000,0.91,0.918,0.9,0.908,22369,0
NNG,D,20230914,000000,0.9,0.916,0.882,0.908,43282,0
NNG,D,20230915,000000,0.89,0.95,0.89,0.92,111701,0
NNG,D,20230918,000000,0.92,0.924,0.9,0.902,94457,0
NNG,D,20230919,000000,0.916,0.94,0.9,0.91,31841,0
NNG,D,20230920,000000,0.9,0.924,0.89,0.914,37121,0
NNG,D,20230921,000000,0.912,0.912,0.89,0.91,23660,0
NNG,D,20230922,000000,0.91,0.948,0.9,0.948,15460,0
NNG,D,20230925,000000,0.912,0.95,0.912,0.94,26508,0
NNG,D,20230926,000000,0.95,0.95,0.9,0.924,13133,0
NNG,D,20230927,000000,0.924,0.948,0.922,0.922,6997,0
NNG,D,20230928,000000,0.924,0.932,0.9,0.916,29201,0
NNG,D,20230929,000000,0.916,0.946,0.906,0.946,13664,0
NNG,D,20231002,000000,0.914,0.946,0.912,0.94,2920,0
NNG,D,20231003,000000,0.946,0.978,0.924,0.97,25599,0
NNG,D,20231004,000000,0.97,0.976,0.94,0.976,17031,0
NNG,D,20231005,000000,0.976,0.998,0.94,0.974,43130,0
NNG,D,20231006,000000,0.972,0.972,0.92,0.938,10649,0
NNG,D,20231009,000000,0.938,0.986,0.902,0.98,19103,0
NNG,D,20231010,000000,0.948,0.98,0.934,0.974,12793,0
NNG,D,20231011,000000,0.934,0.972,0.93,0.972,5719,0
NNG,D,20231012,000000,0.95,0.972,0.94,0.972,9089,0
NNG,D,20231013,000000,0.934,0.978,0.934,0.978,3616,0
NNG,D,20231016,000000,0.98,0.99,0.936,0.936,12516,0
NNG,D,20231017,000000,0.98,0.984,0.96,0.97,9002,0
NNG,D,20231018,000000,0.984,0.984,0.95,0.95,6210,0
NNG,D,20231019,000000,0.978,0.982,0.944,0.96,3788,0
NNG,D,20231020,000000,0.976,0.976,0.92,0.966,1551,0
NNG,D,20231023,000000,0.964,0.968,0.934,0.954,3429,0
NNG,D,20231024,000000,0.934,0.97,0.934,0.968,709,0
NNG,D,20231025,000000,0.938,0.97,0.938,0.97,910,0
NNG,D,20231026,000000,0.96,0.984,0.96,0.962,25245,0
NNG,D,20231027,000000,0.97,0.98,0.97,0.97,27195,0
NNG,D,20231030,000000,0.976,0.998,0.97,0.998,38823,0
NNG,D,20231031,000000,0.998,1.02,0.97,1.02,26880,0
NNG,D,20231102,000000,1.015,1.02,1,1.02,5883,0
NNG,D,20231103,000000,1,1.035,0.98,1.02,22731,0
NNG,D,20231106,000000,1.02,1.02,1.005,1.02,5829,0
NNG,D,20231107,000000,1,1,0.95,0.95,22836,0
NNG,D,20231108,000000,0.95,0.996,0.95,0.994,6643,0
NNG,D,20231109,000000,0.994,1.01,0.99,1.01,10360,0
NNG,D,20231110,000000,0.98,1.01,0.98,1.01,6684,0
NNG,D,20231113,000000,1.01,1.01,0.912,0.986,22874,0
NNG,D,20231114,000000,0.952,0.97,0.934,0.936,9573,0
NNG,D,20231115,000000,0.936,0.97,0.93,0.93,3563,0
NNG,D,20231116,000000,0.958,0.972,0.93,0.93,3727,0
NNG,D,20231117,000000,0.94,0.94,0.882,0.896,94232,0
NNG,D,20231120,000000,0.896,0.92,0.85,0.912,61923,0
NNG,D,20231121,000000,0.882,0.908,0.88,0.9,3430,0
NNG,D,20231122,000000,0.9,0.986,0.89,0.908,22549,0
NNG,D,20231123,000000,0.908,0.978,0.882,0.912,8968,0
NNG,D,20231124,000000,0.928,0.96,0.926,0.928,9783,0
NNG,D,20231127,000000,0.928,0.928,0.902,0.902,9821,0
NNG,D,20231128,000000,0.902,0.95,0.888,0.94,2013,0
NNG,D,20231129,000000,0.94,0.942,0.904,0.936,10242,0
NNG,D,20231130,000000,0.934,0.936,0.902,0.926,18195,0
NNG,D,20231201,000000,0.926,0.93,0.9,0.91,12946,0
NNG,D,20231204,000000,0.91,0.928,0.89,0.918,31639,0
NNG,D,20231205,000000,0.892,0.918,0.89,0.912,2466,0
NNG,D,20231206,000000,0.918,0.926,0.892,0.918,19447,0
NNG,D,20231207,000000,0.894,1.24,0.894,0.996,2113923,0
NNG,D,20231208,000000,1.01,1.04,0.96,0.996,597309,0
NNG,D,20231211,000000,1,1.01,0.95,0.968,142024,0
NNG,D,20231212,000000,0.968,1,0.92,0.948,369352,0
NNG,D,20231213,000000,0.94,0.968,0.938,0.96,70670,0
NNG,D,20231214,000000,0.988,0.988,0.938,0.97,121502,0
NNG,D,20231215,000000,0.958,0.96,0.932,0.946,72725,0
NNG,D,20231218,000000,0.922,0.938,0.91,0.92,185351,0
NNG,D,20231219,000000,0.92,0.988,0.92,0.942,205299,0
NNG,D,20231220,000000,0.944,0.966,0.924,0.938,122563,0
NNG,D,20231221,000000,0.93,0.938,0.9,0.912,92041,0
NNG,D,20231222,000000,0.93,0.93,0.906,0.928,73922,0
NNG,D,20231227,000000,0.912,0.94,0.902,0.92,197668,0
NNG,D,20231228,000000,0.908,0.954,0.908,0.938,41699,0
NNG,D,20231229,000000,0.93,0.958,0.922,0.928,61309,0
NNG,D,20240102,000000,0.922,0.968,0.9,0.942,89054,0
NNG,D,20240103,000000,0.942,0.958,0.922,0.942,39891,0
NNG,D,20240104,000000,0.944,0.958,0.942,0.948,16146,0
NNG,D,20240105,000000,0.952,0.952,0.93,0.95,17023,0
NNG,D,20240108,000000,0.952,0.952,0.93,0.95,19493,0
NNG,D,20240109,000000,0.952,0.96,0.936,0.954,12334,0
NNG,D,20240110,000000,0.95,1.045,0.94,0.98,358920,0
NNG,D,20240111,000000,0.98,0.986,0.97,0.98,37249,0
NNG,D,20240112,000000,0.976,1.015,0.95,0.99,83580,0
NNG,D,20240115,000000,0.99,0.99,0.964,0.98,27999,0
NNG,D,20240116,000000,0.964,0.972,0.954,0.954,29852,0
NNG,D,20240117,000000,0.952,0.982,0.95,0.952,32056,0
NNG,D,20240118,000000,0.95,0.972,0.95,0.968,32762,0
NNG,D,20240119,000000,0.954,0.98,0.934,0.948,60653,0
NNG,D,20240122,000000,0.948,0.948,0.93,0.946,21000,0
NNG,D,20240123,000000,0.938,0.962,0.926,0.962,33204,0
NNG,D,20240124,000000,0.962,0.962,0.936,0.96,9792,0
NNG,D,20240125,000000,0.944,0.946,0.906,0.94,38476,0
NNG,D,20240126,000000,0.918,0.96,0.918,0.954,2396,0
NNG,D,20240129,000000,0.95,0.95,0.914,0.914,38067,0
NNG,D,20240130,000000,0.92,0.94,0.91,0.91,31720,0
NNG,D,20240131,000000,0.91,0.948,0.91,0.926,19357,0
NNG,D,20240201,000000,0.928,0.946,0.924,0.924,16991,0
NNG,D,20240202,000000,0.936,0.946,0.916,0.94,8163,0
NNG,D,20240205,000000,0.922,0.922,0.91,0.914,26718,0
NNG,D,20240206,000000,0.92,0.92,0.912,0.92,26960,0
NNG,D,20240207,000000,0.912,0.92,0.912,0.92,4745,0
NNG,D,20240208,000000,0.92,0.946,0.914,0.92,15571,0
NNG,D,20240209,000000,0.92,0.938,0.914,0.93,5569,0
NNG,D,20240212,000000,0.93,0.938,0.91,0.934,19837,0
NNG,D,20240213,000000,0.928,0.93,0.9,0.9,94807,0
NNG,D,20240214,000000,0.9,0.92,0.892,0.914,31726,0
NNG,D,20240215,000000,0.9,0.916,0.9,0.916,6451,0
NNG,D,20240216,000000,0.928,0.928,0.908,0.908,27347,0
NNG,D,20240219,000000,0.908,0.926,0.908,0.924,6212,0
NNG,D,20240220,000000,0.924,0.926,0.91,0.91,7153,0
NNG,D,20240221,000000,0.92,0.928,0.914,0.92,13030,0
NNG,D,20240222,000000,0.916,0.928,0.914,0.924,18754,0
NNG,D,20240223,000000,0.93,0.96,0.93,0.954,79098,0
NNG,D,20240226,000000,0.94,0.956,0.92,0.946,20076,0
NNG,D,20240227,000000,0.924,0.948,0.924,0.932,4758,0
NNG,D,20240228,000000,0.94,0.942,0.92,0.92,16381,0
NNG,D,20240229,000000,0.92,0.946,0.92,0.93,15237,0
NNG,D,20240301,000000,0.944,0.944,0.926,0.928,6736,0
NNG,D,20240304,000000,0.928,0.94,0.92,0.92,7420,0
NNG,D,20240305,000000,0.934,0.934,0.902,0.904,9109,0
NNG,D,20240306,000000,0.918,0.93,0.904,0.93,8365,0
NNG,D,20240307,000000,0.926,0.928,0.904,0.904,11496,0
NNG,D,20240308,000000,0.926,0.928,0.908,0.926,33587,0
NNG,D,20240311,000000,0.928,0.938,0.916,0.922,31094,0
NNG,D,20240312,000000,0.922,0.95,0.92,0.946,72734,0
NNG,D,20240313,000000,0.946,0.98,0.946,0.972,116805,0
NNG,D,20240314,000000,0.972,0.972,0.95,0.95,41714,0
NNG,D,20240315,000000,0.944,0.966,0.934,0.944,37914,0
