<TICKER>,<PER>,<DATE>,<TIME>,<OPEN>,<HIGH>,<LOW>,<CLOSE>,<VOL>,<OPENINT>
NTU,D,20180321,000000,41.928,44.171,39.905,43.658,16236,0
NTU,D,20180322,000000,43.658,44.883,42.86,42.86,6349,0
NTU,D,20180323,000000,42.898,42.898,39.097,41.425,1329,0
NTU,D,20180326,000000,41.33,43.23,41.33,42.194,1785,0
NTU,D,20180327,000000,42.936,42.936,42.375,42.746,8,0
NTU,D,20180328,000000,42.746,42.746,41.52,42.375,289,0
NTU,D,20180329,000000,41.757,41.757,41.748,41.757,264,0
NTU,D,20180403,000000,41.71,41.814,41.71,41.814,2183,0
NTU,D,20180404,000000,41.862,42.508,41.862,42.508,5519,0
NTU,D,20180405,000000,41.957,42.65,41.957,42.118,213,0
NTU,D,20180406,000000,42.109,42.565,41.71,41.71,2605,0
NTU,D,20180409,000000,41.33,42.09,41.045,41.045,280,0
NTU,D,20180410,000000,41.14,42.356,41.14,42.356,310,0
NTU,D,20180411,000000,42.365,42.422,42.365,42.422,139,0
NTU,D,20180412,000000,42.498,42.508,42.28,42.28,724,0
NTU,D,20180413,000000,42.09,42.099,42.09,42.09,2529,0
NTU,D,20180416,000000,42.746,42.803,42.565,42.565,5235,0
NTU,D,20180418,000000,42.356,43.126,42.346,43.126,177,0
NTU,D,20180420,000000,42.755,42.812,42.755,42.812,1004,0
NTU,D,20180424,000000,42.774,42.869,42.755,42.755,1604,0
NTU,D,20180426,000000,42.109,42.166,41.71,42.166,10336,0
NTU,D,20180427,000000,41.805,41.805,41.805,41.805,1,0
NTU,D,20180430,000000,41.349,42.441,41.349,42.441,64,0
NTU,D,20180504,000000,42.213,42.213,42.213,42.213,737,0
NTU,D,20180507,000000,42.213,42.213,42.213,42.213,1205,0
NTU,D,20180508,000000,42.213,42.213,41.52,41.52,12121,0
NTU,D,20180509,000000,42.66,43.23,42.28,42.755,3816,0
NTU,D,20180510,000000,42.28,42.28,41.805,41.805,3496,0
NTU,D,20180511,000000,42.755,42.755,41.805,42.004,28435,0
NTU,D,20180514,000000,42.004,42.156,41.805,41.805,8628,0
NTU,D,20180515,000000,40.475,42.755,40.475,42.755,23618,0
NTU,D,20180516,000000,42.194,44.779,42.194,44.513,19719,0
NTU,D,20180517,000000,42.85,42.85,42.812,42.812,1058,0
NTU,D,20180518,000000,42.831,44.161,42.831,44.161,7,0
NTU,D,20180521,000000,42.86,43.886,42.86,43.886,252,0
NTU,D,20180522,000000,42.945,43.677,42.755,42.812,3163,0
NTU,D,20180523,000000,42.812,42.822,42.812,42.822,17,0
NTU,D,20180524,000000,43.23,43.895,43.23,43.705,1136,0
NTU,D,20180525,000000,43.705,44.513,43.705,44.513,318,0
NTU,D,20180528,000000,44.513,44.845,44.228,44.228,1917,0
NTU,D,20180529,000000,44.228,44.228,43.753,43.753,34,0
NTU,D,20180530,000000,43.762,43.762,43.762,43.762,19,0
NTU,D,20180601,000000,43.753,43.753,43.42,43.42,779,0
NTU,D,20180604,000000,43.43,44.655,43.23,44.655,2199,0
NTU,D,20180605,000000,44.18,44.18,42.993,43.23,5700,0
NTU,D,20180606,000000,43.363,43.363,43.363,43.363,42,0
NTU,D,20180607,000000,43.705,44.228,43.705,44.228,295,0
NTU,D,20180611,000000,43.705,44.218,43.705,44.218,354,0
NTU,D,20180613,000000,43.8,43.8,43.8,43.8,43,0
NTU,D,20180614,000000,43.8,43.8,43.8,43.8,179,0
NTU,D,20180615,000000,43.8,44.218,43.325,44.218,572,0
NTU,D,20180619,000000,43.705,43.705,43.43,43.43,358,0
NTU,D,20180626,000000,44.171,45.035,44.171,44.275,3591,0
NTU,D,20180627,000000,44.275,45.415,44.275,45.415,922,0
NTU,D,20180628,000000,44.655,45.415,44.655,45.415,384,0
NTU,D,20180629,000000,45.558,45.605,45.558,45.605,327,0
NTU,D,20180702,000000,45.605,46.46,45.605,46.365,1084,0
NTU,D,20180703,000000,46.46,48.456,46.46,48.456,2218,0
NTU,D,20180704,000000,49.311,49.311,49.311,49.311,198,0
NTU,D,20180705,000000,49.311,49.311,47.506,47.981,723,0
NTU,D,20180706,000000,47.791,47.791,47.791,47.791,22,0
NTU,D,20180709,000000,47.506,47.506,47.506,47.506,55,0
NTU,D,20180710,000000,47.506,47.506,45.976,47.031,132,0
NTU,D,20180711,000000,47.031,47.031,47.031,47.031,24,0
NTU,D,20180712,000000,47.411,49.216,47.411,49.216,617,0
NTU,D,20180713,000000,49.311,51.306,49.311,51.021,2774,0
NTU,D,20180716,000000,50.356,52.256,50.356,52.161,1690,0
NTU,D,20180717,000000,52.256,53.206,50.831,51.306,744,0
NTU,D,20180718,000000,53.206,53.206,50.546,50.831,498,0
NTU,D,20180719,000000,52.256,52.256,51.316,51.316,58,0
NTU,D,20180720,000000,53.206,53.206,52.826,52.826,77,0
NTU,D,20180723,000000,52.874,53.159,52.874,53.159,111,0
NTU,D,20180724,000000,51.306,53.206,51.306,52.256,338,0
NTU,D,20180725,000000,50.831,50.831,49.406,49.406,716,0
NTU,D,20180726,000000,51.116,51.116,48.864,48.864,1025,0
NTU,D,20180727,000000,49.406,49.406,48.551,48.931,342,0
NTU,D,20180730,000000,47.506,49.881,47.069,49.881,780,0
NTU,D,20180731,000000,49.881,49.881,49.881,49.881,20,0
NTU,D,20180801,000000,49.881,49.881,49.881,49.881,2,0
NTU,D,20180802,000000,49.881,49.881,45.605,47.411,1656,0
NTU,D,20180803,000000,46.175,47.031,46.175,47.031,277,0
NTU,D,20180806,000000,46.555,47.506,46.08,47.506,573,0
NTU,D,20180807,000000,47.401,47.496,46.375,46.375,469,0
NTU,D,20180808,000000,47.496,47.506,46.555,47.496,838,0
NTU,D,20180809,000000,47.506,47.506,46.555,47.506,305,0
NTU,D,20180810,000000,47.525,49.216,47.506,47.506,825,0
NTU,D,20180813,000000,46.65,46.65,46.612,46.612,447,0
NTU,D,20180814,000000,47.981,47.981,47.981,47.981,1,0
NTU,D,20180816,000000,47.933,47.933,45.795,47.791,847,0
NTU,D,20180817,000000,47.506,47.601,46.033,46.745,1014,0
NTU,D,20180820,000000,47.506,47.506,47.506,47.506,458,0
NTU,D,20180821,000000,47.506,47.506,46.745,46.745,2952,0
NTU,D,20180822,000000,45.805,46.555,45.805,46.555,1294,0
NTU,D,20180823,000000,46.555,46.555,46.555,46.555,180,0
NTU,D,20180824,000000,46.555,47.506,46.185,47.506,202,0
NTU,D,20180827,000000,47.487,47.487,46.27,46.27,27,0
NTU,D,20180828,000000,46.46,46.46,41.995,43.905,6677,0
NTU,D,20180829,000000,43.895,43.895,42.755,43.468,7934,0
NTU,D,20180830,000000,43.468,44.655,43.468,44.655,410,0
NTU,D,20180831,000000,43.715,44.56,43.715,43.819,147,0
NTU,D,20180903,000000,43.819,44.655,43.819,44.655,273,0
NTU,D,20180904,000000,44.655,45.605,44.655,44.655,893,0
NTU,D,20180906,000000,44.655,45.605,44.655,45.605,1866,0
NTU,D,20180907,000000,44.893,45.795,44.893,45.795,1084,0
NTU,D,20180910,000000,44.95,47.506,44.95,47.506,278,0
NTU,D,20180912,000000,47.458,47.458,47.458,47.458,4,0
NTU,D,20180913,000000,46.565,46.907,46.555,46.907,548,0
NTU,D,20180914,000000,46.897,46.897,46.897,46.897,146,0
NTU,D,20180917,000000,47.449,47.449,46.945,46.945,88,0
NTU,D,20180918,000000,47.04,47.04,46.897,46.897,860,0
NTU,D,20180920,000000,46.84,46.84,46.84,46.84,148,0
NTU,D,20180925,000000,44.912,44.94,43.819,44.845,2298,0
NTU,D,20180926,000000,44.94,45.035,44.655,45.035,455,0
NTU,D,20180927,000000,44.94,44.94,44.94,44.94,12,0
NTU,D,20181001,000000,44.94,44.94,44.304,44.304,259,0
NTU,D,20181003,000000,44.38,44.38,44.38,44.38,14,0
NTU,D,20181004,000000,44.38,44.38,44.37,44.37,22,0
NTU,D,20181008,000000,45.89,45.89,43.705,43.705,751,0
NTU,D,20181009,000000,43.61,43.61,43.23,43.23,23,0
NTU,D,20181010,000000,42.755,42.755,42.213,42.66,612,0
NTU,D,20181011,000000,42,42,41,41,4804,0
NTU,D,20181012,000000,41,44,41,41.95,47,0
NTU,D,20181015,000000,44,44,44,44,1,0
NTU,D,20181018,000000,44,44,44,44,8,0
NTU,D,20181022,000000,44,44,42.6,42.6,45,0
NTU,D,20181024,000000,42.53,42.53,42.53,42.53,26,0
NTU,D,20181025,000000,42.43,42.43,41.12,41.12,300,0
NTU,D,20181029,000000,41.3,41.3,41.3,41.3,22,0
NTU,D,20181102,000000,41.12,41.12,41.12,41.12,16,0
NTU,D,20181105,000000,41.1,41.1,41.1,41.1,16,0
NTU,D,20181107,000000,41.2,41.2,38.01,38.3,9064,0
NTU,D,20181108,000000,38.35,38.35,38,38,413,0
NTU,D,20181109,000000,37.5,37.5,37,37,3085,0
NTU,D,20181114,000000,37.15,37.15,37.15,37.15,108,0
NTU,D,20181116,000000,37,37.15,37,37,364,0
NTU,D,20181119,000000,37,37,36.02,36.03,4661,0
NTU,D,20181120,000000,36,36,36,36,2012,0
NTU,D,20181121,000000,36,36,36,36,6,0
NTU,D,20181122,000000,35.26,35.26,35,35,985,0
NTU,D,20181128,000000,34,35,34,35,11,0
NTU,D,20181129,000000,33.82,33.82,32.39,32.8,10991,0
NTU,D,20181203,000000,34,34.5,34,34.5,11,0
NTU,D,20181204,000000,33,34.5,32.87,34.5,612,0
NTU,D,20181206,000000,33.5,33.5,33.5,33.5,20,0
NTU,D,20181217,000000,34.5,36.12,34.4,34.4,445,0
NTU,D,20181219,000000,33.2,33.2,33.2,33.2,6,0
NTU,D,20181220,000000,33.2,33.2,33.2,33.2,106,0
NTU,D,20181221,000000,33.2,33.2,33.2,33.2,59,0
NTU,D,20181227,000000,33.2,33.2,33.2,33.2,2,0
NTU,D,20190104,000000,34.6,34.6,34.6,34.6,42,0
NTU,D,20190108,000000,34.8,34.8,34.8,34.8,9,0
NTU,D,20190111,000000,34.8,34.8,34.8,34.8,11,0
NTU,D,20190115,000000,34.8,34.81,34.15,34.15,5820,0
NTU,D,20190116,000000,33.15,34.8,33.15,34.8,43,0
NTU,D,20190117,000000,34.8,34.8,34.01,34.01,799,0
NTU,D,20190118,000000,35.1,35.1,34.02,34.02,6858,0
NTU,D,20190121,000000,35.12,35.12,35.12,35.12,11,0
NTU,D,20190123,000000,35.2,35.2,35.2,35.2,9,0
NTU,D,20190129,000000,35.25,35.25,35.25,35.25,45,0
NTU,D,20190130,000000,35.25,35.25,35.25,35.25,25,0
NTU,D,20190131,000000,35.5,35.5,35.5,35.5,35,0
NTU,D,20190201,000000,35.5,35.5,35,35,90,0
NTU,D,20190207,000000,35.5,35.5,35.5,35.5,1,0
NTU,D,20190212,000000,34.35,34.35,34.35,34.35,1102,0
NTU,D,20190213,000000,34.4,34.4,34.4,34.4,193,0
NTU,D,20190219,000000,34.41,34.41,34.41,34.41,237,0
NTU,D,20190221,000000,34,34,34,34,337,0
NTU,D,20190228,000000,35.5,35.5,35.5,35.5,10,0
NTU,D,20190301,000000,35.5,35.5,35.5,35.5,21,0
NTU,D,20190311,000000,34.2,34.2,34.2,34.2,130,0
NTU,D,20190314,000000,34.1,34.2,34.1,34.2,3012,0
NTU,D,20190319,000000,35.5,35.5,35.5,35.5,18,0
NTU,D,20190320,000000,35.5,35.5,35.5,35.5,161,0
NTU,D,20190322,000000,35.8,35.8,35.8,35.8,20,0
NTU,D,20190325,000000,35.8,37.01,35.8,37.01,55,0
NTU,D,20190328,000000,37.01,38.48,37.01,38.48,213,0
NTU,D,20190329,000000,36.65,37.8,36.65,37.8,72,0
NTU,D,20190401,000000,37.8,39.6,37.8,39.6,579,0
NTU,D,20190402,000000,40,40,40,40,10,0
NTU,D,20190403,000000,39.2,39.2,39.2,39.2,165,0
NTU,D,20190408,000000,37.8,39,37.8,39,47,0
NTU,D,20190411,000000,37.2,37.2,37.2,37.2,200,0
NTU,D,20190412,000000,37.4,37.4,37.4,37.4,10,0
NTU,D,20190415,000000,35,36,35,36,135,0
NTU,D,20190502,000000,34.2,35,34.2,35,77,0
NTU,D,20190517,000000,34.2,35,34.2,35,13,0
NTU,D,20190520,000000,34,34,34,34,18,0
NTU,D,20190521,000000,34,34,33.4,33.4,170,0
NTU,D,20190522,000000,33.2,33.4,33.2,33.2,3100,0
NTU,D,20190524,000000,33.4,33.4,33.4,33.4,225,0
NTU,D,20190529,000000,34.6,34.6,34.6,34.6,10,0
NTU,D,20190530,000000,33.4,33.4,33.4,33.4,50,0
NTU,D,20190603,000000,33,33.2,33,33.2,256,0
NTU,D,20190612,000000,31.8,31.8,31.8,31.8,72,0
NTU,D,20190627,000000,33.2,33.2,33.2,33.2,13,0
NTU,D,20190703,000000,31.8,31.8,31.8,31.8,18,0
NTU,D,20190704,000000,31.8,31.8,31.6,31.6,119,0
NTU,D,20190715,000000,31.6,31.6,31.6,31.6,6,0
NTU,D,20190722,000000,31.6,31.6,31.6,31.6,125,0
NTU,D,20190726,000000,31,31,31,31,30,0
NTU,D,20190730,000000,31.2,31.2,31.2,31.2,1,0
NTU,D,20190731,000000,28.6,30.2,28.6,30.2,560,0
NTU,D,20190801,000000,29,30,29,30,11,0
NTU,D,20190802,000000,28.8,28.8,28.8,28.8,90,0
NTU,D,20190805,000000,28.8,28.8,28.8,28.8,161,0
NTU,D,20190806,000000,29,29,28.6,28.6,239,0
NTU,D,20190807,000000,28,28,28,28,42,0
NTU,D,20190821,000000,28.6,28.6,28.6,28.6,26,0
NTU,D,20190827,000000,28.6,28.6,28.6,28.6,22,0
NTU,D,20190830,000000,28,28,28,28,150,0
NTU,D,20190910,000000,27.2,27.2,27.2,27.2,3,0
NTU,D,20190912,000000,27.2,27.2,27.2,27.2,36,0
NTU,D,20190918,000000,27.4,27.4,27.4,27.4,50,0
NTU,D,20190925,000000,28,28.4,28,28.4,1115,0
NTU,D,20190927,000000,28.4,28.4,28.4,28.4,20,0
NTU,D,20191001,000000,28,28,27,27,60,0
NTU,D,20191002,000000,27.8,27.8,27.4,27.4,22,0
NTU,D,20191003,000000,28.6,28.6,28.4,28.4,144,0
NTU,D,20191009,000000,28.6,28.6,28.6,28.6,263,0
NTU,D,20191010,000000,28.6,28.6,27.8,27.8,269,0
NTU,D,20191011,000000,27.6,27.8,27.6,27.8,111,0
NTU,D,20191014,000000,28,28,28,28,380,0
NTU,D,20191015,000000,28.2,28.2,28.2,28.2,170,0
NTU,D,20191017,000000,28.2,28.2,28.2,28.2,130,0
NTU,D,20191021,000000,28.2,28.2,28.2,28.2,266,0
NTU,D,20191105,000000,27.6,27.6,27,27,147,0
NTU,D,20191108,000000,27.2,27.2,27.2,27.2,6,0
NTU,D,20191114,000000,27.2,27.2,27.2,27.2,6,0
NTU,D,20191115,000000,27.2,27.2,27.2,27.2,8,0
NTU,D,20191120,000000,27.2,27.2,27.2,27.2,10,0
NTU,D,20191121,000000,27.2,27.2,23,24.2,6847,0
NTU,D,20191122,000000,23,23,20.8,20.8,34826,0
NTU,D,20191125,000000,20.6,20.6,17.6,17.6,36642,0
NTU,D,20191126,000000,17.6,19,17.2,19,283,0
NTU,D,20191127,000000,19,20.8,19,20.8,686,0
NTU,D,20191128,000000,21.8,21.8,19.7,19.7,180,0
NTU,D,20191202,000000,20,20,19.5,19.5,200,0
NTU,D,20191204,000000,21,21,20,20,65,0
NTU,D,20191205,000000,21,22,21,22,125,0
NTU,D,20191209,000000,22,22,22,22,48,0
NTU,D,20191210,000000,22,22,20,20,1102,0
NTU,D,20191211,000000,19.3,19.3,19.3,19.3,78,0
NTU,D,20191212,000000,20,20,20,20,100,0
NTU,D,20191213,000000,19.6,19.6,19,19,700,0
NTU,D,20191216,000000,19,19,19,19,2927,0
NTU,D,20191223,000000,17.9,17.9,17.9,17.9,3,0
NTU,D,20191227,000000,17,17.9,17,17.9,510,0
NTU,D,20191230,000000,17.5,17.5,17.5,17.5,540,0
NTU,D,20200102,000000,17.2,17.3,17.2,17.3,12,0
NTU,D,20200115,000000,18.2,18.2,18.2,18.2,48,0
NTU,D,20200122,000000,19,19,19,19,20,0
NTU,D,20200124,000000,19.9,20,19.9,20,50,0
NTU,D,20200206,000000,18.2,18.2,18.2,18.2,52,0
NTU,D,20200212,000000,20,21,19.2,19.2,479,0
NTU,D,20200214,000000,19.2,19.2,19.2,19.2,260,0
NTU,D,20200217,000000,18.2,18.2,18.2,18.2,100,0
NTU,D,20200219,000000,18.2,18.2,18,18,104,0
NTU,D,20200224,000000,18,18,17.9,17.9,100,0
NTU,D,20200303,000000,14.1,15,14.1,15,64,0
NTU,D,20200304,000000,15,15.1,15,15,120,0
NTU,D,20200306,000000,15,15,15,15,50,0
NTU,D,20200309,000000,12.7,13,12.7,12.7,126,0
NTU,D,20200310,000000,13,13,12,12,100,0
NTU,D,20200409,000000,8,9,8,9,260,0
NTU,D,20200414,000000,9.1,10.5,9,10.5,2404,0
NTU,D,20200415,000000,10.5,11,10.5,11,184,0
NTU,D,20200417,000000,10.8,10.8,10.8,10.8,46,0
NTU,D,20200421,000000,10.7,10.7,10.7,10.7,1000,0
NTU,D,20200424,000000,10.7,10.7,10.7,10.7,50,0
NTU,D,20200427,000000,10.9,10.9,10.8,10.9,475,0
NTU,D,20200430,000000,12,12,10.6,11.2,1382,0
NTU,D,20200504,000000,12,13.1,12,12.7,1856,0
NTU,D,20200505,000000,12.4,12.4,12.3,12.3,31,0
NTU,D,20200507,000000,9.3,9.3,9.3,9.3,244,0
NTU,D,20200508,000000,9.5,9.5,9.2,9.2,350,0
NTU,D,20200513,000000,10,10,10,10,299,0
NTU,D,20200514,000000,9.55,9.55,9.55,9.55,24,0
NTU,D,20200520,000000,10.5,10.5,10.5,10.5,25,0
NTU,D,20200521,000000,10.5,10.5,10.5,10.5,10,0
NTU,D,20200525,000000,10.5,11,10.5,11,165,0
NTU,D,20200526,000000,11.4,12.5,11.4,11.9,1115,0
NTU,D,20200527,000000,11,12.1,11,12,770,0
NTU,D,20200528,000000,12.7,12.7,11.1,11.5,860,0
NTU,D,20200529,000000,11,11,11,11,305,0
NTU,D,20200601,000000,12.9,12.9,11,11,695,0
NTU,D,20200602,000000,11,11,8.95,9.7,35476,0
NTU,D,20200603,000000,10.2,10.8,10.2,10.7,15645,0
NTU,D,20200604,000000,10.8,11.4,10.8,11.2,5971,0
NTU,D,20200605,000000,10.8,11.8,10.8,11.4,3346,0
NTU,D,20200608,000000,12,12.5,11,11.9,7179,0
NTU,D,20200609,000000,11.9,11.9,10.8,11.4,4189,0
NTU,D,20200610,000000,11.3,11.3,10.7,11.2,3419,0
NTU,D,20200612,000000,10.5,11,10.3,10.4,2803,0
NTU,D,20200615,000000,11.2,11.2,10.4,10.4,2686,0
NTU,D,20200616,000000,10.1,10.1,10.1,10.1,101,0
NTU,D,20200617,000000,10.9,10.9,10.2,10.2,330,0
NTU,D,20200618,000000,10.2,10.8,10.2,10.8,295,0
NTU,D,20200619,000000,10.7,11,10.5,10.5,423,0
NTU,D,20200622,000000,11.2,11.2,10.6,10.6,1606,0
NTU,D,20200623,000000,10.6,10.7,10.1,10.7,762,0
NTU,D,20200624,000000,10.5,10.5,10.2,10.3,408,0
NTU,D,20200625,000000,10.3,10.3,10,10,277,0
NTU,D,20200626,000000,10,10,9.8,9.8,4595,0
NTU,D,20200630,000000,9.85,9.85,9.85,9.85,200,0
NTU,D,20200701,000000,9.8,9.8,9.8,9.8,2981,0
NTU,D,20200702,000000,9.8,9.8,9.8,9.8,12,0
NTU,D,20200703,000000,10,10.9,10,10.8,1933,0
NTU,D,20200708,000000,10,10,9.65,9.65,160,0
NTU,D,20200709,000000,9.75,10.1,9.75,10.1,168,0
NTU,D,20200710,000000,9.7,10,9.65,9.7,586,0
NTU,D,20200713,000000,10.1,10.1,9.65,9.65,119,0
NTU,D,20200714,000000,9.75,9.75,9.75,9.75,380,0
NTU,D,20200715,000000,9.65,9.7,9,9,2129,0
NTU,D,20200716,000000,9.25,9.25,9.2,9.25,355,0
NTU,D,20200717,000000,9.25,9.25,9.25,9.25,10,0
NTU,D,20200720,000000,9.25,9.25,9.25,9.25,102,0
NTU,D,20200721,000000,9.1,9.1,8.5,8.6,569,0
NTU,D,20200722,000000,9,9.25,8.5,8.5,593,0
NTU,D,20200723,000000,9.25,9.7,9.25,9.6,417,0
NTU,D,20200727,000000,9.5,9.5,9.5,9.5,300,0
NTU,D,20200728,000000,9.5,9.5,9.5,9.5,500,0
NTU,D,20200730,000000,8.55,8.55,8.55,8.55,115,0
NTU,D,20200731,000000,8.55,8.55,8.55,8.55,35,0
NTU,D,20200803,000000,8.55,8.55,8.55,8.55,146,0
NTU,D,20200804,000000,8.55,8.55,8,8.1,501,0
NTU,D,20200807,000000,7.95,8.3,7.95,8.3,81,0
NTU,D,20200811,000000,8,8,7.95,7.95,200,0
NTU,D,20200813,000000,7.85,7.85,7.85,7.85,104,0
NTU,D,20200814,000000,7.9,7.9,7.85,7.85,159,0
NTU,D,20200817,000000,7.85,7.85,7.85,7.85,41,0
NTU,D,20200818,000000,7.8,7.85,7.8,7.85,247,0
NTU,D,20200819,000000,7.9,7.9,7.9,7.9,160,0
NTU,D,20200820,000000,8.55,8.55,8.55,8.55,32,0
NTU,D,20200821,000000,8.55,8.55,7.85,7.85,398,0
NTU,D,20200824,000000,7.8,7.8,7.8,7.8,1,0
NTU,D,20200826,000000,7.8,7.8,7.8,7.8,222,0
NTU,D,20200827,000000,8,8.75,8,8.75,989,0
NTU,D,20200828,000000,9,9,9,9,22,0
NTU,D,20200831,000000,8.05,8.25,8.05,8.25,61,0
NTU,D,20200901,000000,8.5,8.5,8.5,8.5,82,0
NTU,D,20200902,000000,9,9,9,9,81,0
NTU,D,20200903,000000,9.5,9.5,9.2,9.2,101,0
NTU,D,20200904,000000,9,9,9,9,100,0
NTU,D,20200908,000000,9,9,9,9,235,0
NTU,D,20200914,000000,9,9,9,9,8,0
NTU,D,20200915,000000,9,9,9,9,11,0
NTU,D,20200916,000000,8.25,8.25,8.25,8.25,27,0
NTU,D,20200918,000000,9,9,9,9,1,0
NTU,D,20200924,000000,7.7,8.45,7.7,8.45,151,0
NTU,D,20200928,000000,7.7,7.7,7.7,7.7,525,0
NTU,D,20200929,000000,7.6,7.8,7.6,7.6,253,0
NTU,D,20200930,000000,7.8,8.5,7.8,8.5,58,0
NTU,D,20201001,000000,8.5,8.5,8.5,8.5,20,0
NTU,D,20201005,000000,9.3,9.3,9.2,9.3,100,0
NTU,D,20201006,000000,8.5,8.5,7.7,8.5,465,0
NTU,D,20201007,000000,7.9,8.6,7.7,8.6,62,0
NTU,D,20201013,000000,7.7,7.7,7.65,7.65,485,0
NTU,D,20201014,000000,8,8,8,8,29,0
NTU,D,20201015,000000,8,8.5,8,8.5,794,0
NTU,D,20201016,000000,8.5,8.5,8.5,8.5,1309,0
NTU,D,20201021,000000,7.65,7.65,7.65,7.65,2,0
NTU,D,20201022,000000,7.65,7.65,7.65,7.65,275,0
NTU,D,20201023,000000,7.65,7.65,7.65,7.65,363,0
NTU,D,20201029,000000,7.6,7.6,7.4,7.4,312,0
NTU,D,20201030,000000,7,7.2,7,7.2,2543,0
NTU,D,20201104,000000,7.75,8.5,7.75,8.5,52,0
NTU,D,20201109,000000,8.4,9,8.4,8.75,1590,0
NTU,D,20201110,000000,9.2,10.3,9,9.85,2150,0
NTU,D,20201112,000000,9.85,9.85,9.1,9.5,1074,0
NTU,D,20201113,000000,9.8,9.8,9.2,9.8,1022,0
NTU,D,20201117,000000,9.85,9.9,9.8,9.9,858,0
NTU,D,20201118,000000,10.2,10.2,9.6,10.2,807,0
NTU,D,20201119,000000,10.2,11,10,10.9,2603,0
NTU,D,20201123,000000,10.7,10.7,10.7,10.7,9,0
NTU,D,20201124,000000,10.7,10.7,9.7,9.7,292,0
NTU,D,20201125,000000,10.4,10.4,9.8,9.8,971,0
NTU,D,20201126,000000,10.7,10.7,10,10.6,430,0
NTU,D,20201127,000000,10.6,10.6,10.5,10.6,2091,0
NTU,D,20201130,000000,10.8,11.1,10.6,10.9,440,0
NTU,D,20201202,000000,10,10.8,10,10.8,170,0
NTU,D,20201203,000000,10.8,11.2,10.7,11.2,1670,0
NTU,D,20201204,000000,11.2,12.2,11.2,12.2,2235,0
NTU,D,20201207,000000,12,13.7,12,13.7,2238,0
NTU,D,20201208,000000,13.7,14.9,13.6,14.9,1495,0
NTU,D,20201209,000000,14.9,15,12.9,13.7,5369,0
NTU,D,20201210,000000,12.4,14.4,12.2,14.4,177,0
NTU,D,20201211,000000,14.4,14.4,12.3,12.4,1242,0
NTU,D,20201214,000000,12.4,12.4,11.8,12.4,396,0
NTU,D,20201215,000000,13.5,13.5,12.5,12.5,101,0
NTU,D,20201216,000000,12.4,12.4,12.4,12.4,1,0
NTU,D,20201217,000000,11.2,12.3,11.2,12.3,361,0
NTU,D,20201218,000000,12.9,12.9,11.5,12.8,1942,0
NTU,D,20201221,000000,11.8,11.8,11.8,11.8,200,0
NTU,D,20201222,000000,12.9,12.9,12.9,12.9,300,0
NTU,D,20201228,000000,12.9,12.9,12.9,12.9,78,0
NTU,D,20201230,000000,12.4,12.4,12.4,12.4,133,0
NTU,D,20210104,000000,12.4,12.4,12.4,12.4,300,0
NTU,D,20210105,000000,12.5,12.8,12,12,729,0
NTU,D,20210108,000000,12,12.4,12,12,1195,0
NTU,D,20210112,000000,11.8,11.8,11.8,11.8,101,0
NTU,D,20210118,000000,12,12,12,12,10,0
NTU,D,20210119,000000,13,13.9,13,13.9,371,0
NTU,D,20210120,000000,13.9,13.9,13.9,13.9,15,0
NTU,D,20210121,000000,14,14,13,13,315,0
NTU,D,20210122,000000,13.2,14.3,13.2,13.5,163,0
NTU,D,20210125,000000,13.5,13.5,13.2,13.2,401,0
NTU,D,20210126,000000,13.2,14.2,13.2,13.2,29,0
NTU,D,20210201,000000,13,13,13,13,340,0
NTU,D,20210202,000000,13,13.5,13,13.5,166,0
NTU,D,20210204,000000,12.5,13.4,12.5,13.4,282,0
NTU,D,20210205,000000,13,13,13,13,25,0
NTU,D,20210208,000000,12,12.6,12,12.6,100,0
NTU,D,20210209,000000,12.6,13.4,12.6,13.3,323,0
NTU,D,20210210,000000,13.3,13.3,13,13,133,0
NTU,D,20210211,000000,12.8,12.9,12.8,12.9,458,0
NTU,D,20210212,000000,13.1,13.1,13.1,13.1,101,0
NTU,D,20210215,000000,13.1,13.1,13.1,13.1,78,0
NTU,D,20210216,000000,13.1,14,13.1,14,3376,0
NTU,D,20210217,000000,14,15,14,14.8,3340,0
NTU,D,20210218,000000,13.3,14.6,13.3,14.6,44,0
NTU,D,20210224,000000,14.5,14.5,13.1,13.5,662,0
NTU,D,20210225,000000,13.2,14.5,13.2,14.5,75,0
NTU,D,20210302,000000,14.4,14.4,14.4,14.4,18,0
NTU,D,20210305,000000,15,15,14.5,15,436,0
NTU,D,20210308,000000,14.6,14.8,14.6,14.8,50,0
NTU,D,20210309,000000,14.8,14.8,14.8,14.8,106,0
NTU,D,20210310,000000,15.8,15.8,15,15.1,1098,0
NTU,D,20210311,000000,15,15,14.6,15,783,0
NTU,D,20210312,000000,15,15.7,15,15.7,1407,0
NTU,D,20210315,000000,15.8,16.2,15.8,16.1,530,0
NTU,D,20210316,000000,16.9,17,16.1,16.9,1118,0
NTU,D,20210317,000000,16.6,17,16.2,16.2,2644,0
NTU,D,20210318,000000,15.7,16.5,15.7,16.5,877,0
NTU,D,20210322,000000,16.5,16.5,16.5,16.5,100,0
NTU,D,20210323,000000,15.1,15.1,15.1,15.1,9,0
NTU,D,20210324,000000,15.3,16.5,15.3,16.5,11,0
NTU,D,20210325,000000,15.3,16.3,15.3,16.3,81,0
NTU,D,20210401,000000,16.2,17.2,16.2,17.2,698,0
NTU,D,20210406,000000,17.3,18,16,18,3088,0
NTU,D,20210407,000000,18.9,18.9,17.1,18.8,1090,0
NTU,D,20210408,000000,19,20,18.7,20,2611,0
NTU,D,20210409,000000,20,21.8,19,21.4,2532,0
NTU,D,20210412,000000,21.4,22.8,19.6,21,1337,0
NTU,D,20210413,000000,22.8,22.8,21.8,21.8,262,0
NTU,D,20210414,000000,19.6,19.7,19.6,19.7,130,0
NTU,D,20210415,000000,20,20,19.5,19.5,308,0
NTU,D,20210420,000000,21.4,21.4,21.4,21.4,174,0
NTU,D,20210422,000000,21.2,21.2,21.2,21.2,46,0
NTU,D,20210427,000000,21.2,21.2,21.2,21.2,5,0
NTU,D,20210429,000000,21.2,21.2,21,21,145,0
NTU,D,20210430,000000,21.2,21.2,21.2,21.2,12,0
NTU,D,20210504,000000,21.2,21.2,21.2,21.2,61,0
NTU,D,20210505,000000,21.2,21.4,20,21.4,854,0
NTU,D,20210507,000000,21.4,21.4,21.4,21.4,4,0
NTU,D,20210512,000000,19.3,19.3,19.1,19.1,72,0
NTU,D,20210513,000000,19.1,19.9,19.1,19.9,136,0
NTU,D,20210514,000000,20.2,20.2,20.2,20.2,300,0
NTU,D,20210517,000000,18.6,20.6,18.6,20.6,1304,0
NTU,D,20210518,000000,20,21,20,20.6,275,0
NTU,D,20210519,000000,19,19,19,19,14,0
NTU,D,20210520,000000,20.8,20.8,20.8,20.8,11,0
NTU,D,20210521,000000,21.4,21.4,21.2,21.2,1224,0
NTU,D,20210524,000000,21.4,21.4,21.4,21.4,72,0
NTU,D,20210526,000000,21.4,21.4,21.4,21.4,31,0
NTU,D,20210527,000000,21.4,21.4,21.4,21.4,1,0
NTU,D,20210528,000000,20.4,21.4,20.4,21.4,606,0
NTU,D,20210531,000000,20.4,22,20.4,22,724,0
NTU,D,20210601,000000,22,22.8,22,22.8,80,0
NTU,D,20210602,000000,21,21,21,21,36,0
NTU,D,20210604,000000,22.4,22.6,22.4,22.6,75,0
NTU,D,20210607,000000,22.8,23,22.8,23,92,0
NTU,D,20210608,000000,22.6,22.6,22.6,22.6,101,0
NTU,D,20210609,000000,24.8,24.8,24,24,650,0
NTU,D,20210610,000000,24.4,24.4,23,23,209,0
NTU,D,20210611,000000,24.4,24.4,24.4,24.4,1,0
NTU,D,20210614,000000,24.8,25,24.6,25,43,0
NTU,D,20210615,000000,25,25,25,25,9,0
NTU,D,20210616,000000,21.4,23.4,21.2,21.2,600,0
NTU,D,20210617,000000,21.6,24.8,21.4,24.8,269,0
NTU,D,20210618,000000,24.8,24.8,24.8,24.8,15,0
NTU,D,20210621,000000,23.4,23.4,23.4,23.4,1,0
NTU,D,20210622,000000,22.8,22.8,22.8,22.8,50,0
NTU,D,20210623,000000,22,23.4,21.2,23.4,214,0
NTU,D,20210628,000000,22.8,22.8,22.8,22.8,4,0
NTU,D,20210629,000000,22.8,22.8,21,21,310,0
NTU,D,20210630,000000,21,21,20.2,20.2,175,0
NTU,D,20210701,000000,20.2,20.2,20.2,20.2,10,0
NTU,D,20210702,000000,19,19.2,19,19.2,273,0
NTU,D,20210705,000000,19,19.5,19,19,904,0
NTU,D,20210712,000000,17.6,18.9,17.6,18.9,922,0
NTU,D,20210713,000000,19,19,17.4,17.9,520,0
NTU,D,20210714,000000,17.5,18,17.5,17.5,926,0
NTU,D,20210721,000000,15.8,17,15.8,17,268,0
NTU,D,20210722,000000,17.2,17.2,17.2,17.2,55,0
NTU,D,20210726,000000,15.9,15.9,15.9,15.9,146,0
NTU,D,20210727,000000,15.8,15.8,15.7,15.7,424,0
NTU,D,20210728,000000,15.7,15.8,15.7,15.7,160,0
NTU,D,20210729,000000,15.8,16.8,15.8,16.8,192,0
NTU,D,20210802,000000,15.8,15.8,15.8,15.8,46,0
NTU,D,20210803,000000,15.8,15.8,15.8,15.8,60,0
NTU,D,20210810,000000,18.7,18.7,18.7,18.7,234,0
NTU,D,20210816,000000,18.6,18.9,18.6,18.9,160,0
NTU,D,20210819,000000,18.8,18.8,18.8,18.8,52,0
NTU,D,20210823,000000,16.5,17,16.5,17,2,0
NTU,D,20210824,000000,18.6,18.6,18.6,18.6,51,0
NTU,D,20210831,000000,17,18,16.9,16.9,232,0
NTU,D,20210901,000000,16.5,17.5,16.5,17.5,86,0
NTU,D,20210902,000000,16.6,16.6,16.6,16.6,200,0
NTU,D,20210903,000000,18,18,17.5,17.5,41,0
NTU,D,20210909,000000,16.6,18,16.6,18,140,0
NTU,D,20210910,000000,16.6,18.6,16.6,18.6,78,0
NTU,D,20210915,000000,18.3,18.3,17,17.1,200,0
NTU,D,20210916,000000,18.3,18.3,17.8,17.8,145,0
NTU,D,20210917,000000,17.1,18,17.1,18,145,0
NTU,D,20210921,000000,17.9,18,17.9,18,194,0
NTU,D,20210928,000000,17.1,17.1,17.1,17.1,53,0
NTU,D,20211005,000000,16.4,16.4,14.7,14.7,67,0
NTU,D,20211007,000000,14.8,14.8,14.8,14.8,1,0
NTU,D,20211008,000000,14.8,14.8,14.8,14.8,59,0
NTU,D,20211011,000000,16,16,16,16,1,0
NTU,D,20211012,000000,15.9,17.1,15.9,17.1,416,0
NTU,D,20211013,000000,16.3,18.8,16.3,18.3,130,0
NTU,D,20211014,000000,18.9,18.9,18.9,18.9,1,0
NTU,D,20211018,000000,18,18,18,18,10,0
NTU,D,20211021,000000,18.6,18.6,18.6,18.6,1,0
NTU,D,20211027,000000,18.6,18.8,18.6,18.8,133,0
NTU,D,20211104,000000,16.9,16.9,16.9,16.9,29,0
NTU,D,20211105,000000,16.9,16.9,15.3,15.8,910,0
NTU,D,20211108,000000,16.9,16.9,16.9,16.9,58,0
NTU,D,20211116,000000,15.7,15.7,15.7,15.7,4,0
NTU,D,20211117,000000,16.2,17.4,16.2,17.4,275,0
NTU,D,20211118,000000,19.1,19.1,19.1,19.1,1,0
NTU,D,20211119,000000,19.7,19.7,19.7,19.7,1,0
NTU,D,20211122,000000,18.1,19.5,18.1,19.5,39,0
NTU,D,20211124,000000,19.3,19.3,18,18,272,0
NTU,D,20211126,000000,18.1,18.1,18,18,456,0
NTU,D,20211129,000000,17.3,17.3,17.3,17.3,9,0
NTU,D,20211130,000000,19,19,19,19,1,0
NTU,D,20211228,000000,15.5,15.5,15.5,15.5,33,0
NTU,D,20211230,000000,18.2,18.2,18.2,18.2,1,0
NTU,D,20220103,000000,18.2,18.2,18.2,18.2,4,0
NTU,D,20220104,000000,18.2,18.2,18.2,18.2,42,0
NTU,D,20220114,000000,18.2,18.3,18.2,18.3,390,0
NTU,D,20220117,000000,18.6,18.6,18.6,18.6,17,0
NTU,D,20220124,000000,18.2,18.5,18.2,18.5,100,0
NTU,D,20220201,000000,18.3,18.5,15.7,15.7,97,0
NTU,D,20220202,000000,18.5,18.5,18.5,18.5,43,0
NTU,D,20220208,000000,18.2,18.2,18.2,18.2,11,0
NTU,D,20220214,000000,15.9,17,15.4,17,842,0
NTU,D,20220221,000000,15.6,15.6,15.6,15.6,370,0
NTU,D,20220224,000000,15.4,15.4,14.9,14.9,749,0
NTU,D,20220301,000000,16.2,16.2,16.2,16.2,1,0
NTU,D,20220303,000000,14.8,14.8,14.8,14.8,781,0
NTU,D,20220304,000000,13.3,13.4,13.3,13.4,367,0
NTU,D,20220307,000000,13.2,13.3,13.2,13.3,110,0
NTU,D,20220308,000000,13.3,13.3,13.2,13.2,302,0
NTU,D,20220309,000000,13.2,14.5,12,14.5,101,0
NTU,D,20220317,000000,14.4,14.5,14.4,14.5,70,0
NTU,D,20220318,000000,14.5,14.7,14.5,14.7,404,0
NTU,D,20220321,000000,16.1,16.7,16.1,16.7,2,0
NTU,D,20220322,000000,16.5,17.4,16.5,17.4,1514,0
NTU,D,20220330,000000,17.4,18.6,17.4,18.6,877,0
NTU,D,20220401,000000,18,18.8,18,18.8,1482,0
NTU,D,20220428,000000,14,14,14,14,11,0
NTU,D,20220429,000000,15.4,16.94,15.4,16.94,2,0
NTU,D,20220502,000000,16.94,16.94,16.94,16.94,2,0
NTU,D,20220505,000000,14.2,15.6,14.2,15.6,2001,0
NTU,D,20220510,000000,14.202,15.6,14.202,15.6,301,0
NTU,D,20220511,000000,15.6,16.488,15.6,16.488,7,0
NTU,D,20220513,000000,16.998,18,16.998,17.4,1433,0
NTU,D,20220523,000000,18,18,18,18,1,0
NTU,D,20220601,000000,19.798,19.798,19.798,19.798,1,0
NTU,D,20220602,000000,18.898,18.898,18.898,18.898,1,0
NTU,D,20220617,000000,17.988,17.988,17.988,17.988,1,0
NTU,D,20220629,000000,15,15,15,15,76,0
NTU,D,20220630,000000,14.9,14.9,14.9,14.9,1,0
NTU,D,20220704,000000,13.75,13.75,13.5,13.5,69,0
NTU,D,20220705,000000,13,13,13,13,200,0
NTU,D,20220713,000000,12,12,12,12,17,0
NTU,D,20220715,000000,12.202,12.202,12.202,12.202,2,0
NTU,D,20220722,000000,13.4,13.4,13.4,13.4,1,0
NTU,D,20220727,000000,14.74,14.9,14.74,14.9,2,0
NTU,D,20220803,000000,12.208,12.208,12.208,12.208,110,0
NTU,D,20220804,000000,13.42,13.42,13.42,13.42,1,0
NTU,D,20220824,000000,14.698,14.698,14.698,14.698,1,0
NTU,D,20221006,000000,14.18,14.18,14.18,14.18,1,0
NTU,D,20221103,000000,12.8,13.998,12.8,13.998,93,0
NTU,D,20221107,000000,14.664,14.664,14.664,14.664,1,0
NTU,D,20221109,000000,14.662,14.662,14.662,14.662,47,0
NTU,D,20221116,000000,13.2,14.66,13.2,14.66,153,0
NTU,D,20221125,000000,13.21,13.21,13.21,13.21,2,0
NTU,D,20221129,000000,13.212,13.212,13.2,13.2,666,0
NTU,D,20221206,000000,14.52,14.52,14.52,14.52,1,0
NTU,D,20221219,000000,14.178,14.178,14.178,14.178,70,0
NTU,D,20221228,000000,11.9,13.09,11.9,11.9,263,0
NTU,D,20221229,000000,13,13.876,13,13.876,2,0
NTU,D,20221230,000000,13.8,13.8,13.8,13.8,9,0
NTU,D,20230102,000000,13.996,13.996,13.996,13.996,55,0
NTU,D,20230103,000000,14.528,14.528,14.528,14.528,77,0
NTU,D,20230104,000000,14.53,14.53,14.53,14.53,2,0
NTU,D,20230116,000000,14.53,14.53,14.53,14.53,96,0
NTU,D,20230120,000000,14.53,14.53,14.53,14.53,1,0
NTU,D,20230123,000000,15.982,15.982,15.982,15.982,1,0
NTU,D,20230124,000000,15.99,17.2,15.99,17.2,104,0
NTU,D,20230125,000000,18,18,18,18,16,0
NTU,D,20230126,000000,18,18,18,18,1,0
NTU,D,20230206,000000,13.9,18,13.9,18,107,0
NTU,D,20230208,000000,16.198,17.816,16.198,17.816,93,0
NTU,D,20230214,000000,17,18.1,17,18.1,1201,0
NTU,D,20230215,000000,18.1,18.3,18.1,18.1,313,0
NTU,D,20230223,000000,16.5,18.298,16.5,18.298,72,0
NTU,D,20230307,000000,18.29,18.29,18.29,18.29,81,0
NTU,D,20230313,000000,15.002,18.1,15.002,18.1,190,0
NTU,D,20230403,000000,17.28,17.28,17.28,17.28,3,0
NTU,D,20230411,000000,15.136,16.642,15.136,16.488,249,0
NTU,D,20230412,000000,15.136,15.136,15.136,15.136,118,0
NTU,D,20230413,000000,15.99,15.99,15.99,15.99,5,0
NTU,D,20230418,000000,15.136,15.99,15.072,15.072,259,0
NTU,D,20230419,000000,15.8,15.8,15.8,15.8,1,0
NTU,D,20230505,000000,15.8,15.8,15.8,15.8,10,0
NTU,D,20230515,000000,15.75,15.75,15.75,15.75,21,0
NTU,D,20230517,000000,14.75,15.8,14.75,15.7,109,0
NTU,D,20230522,000000,15.7,15.7,15.6,15.6,400,0
NTU,D,20230530,000000,15.8,16.95,15.45,16.95,339,0
NTU,D,20230605,000000,17.1,19,17.1,19,948,0
NTU,D,20230609,000000,19,20.5,19,20.5,537,0
NTU,D,20230612,000000,20.9,21,20.9,21,549,0
NTU,D,20230613,000000,21,21,21,21,99,0
NTU,D,20230614,000000,23.1,24,23.1,23.8,1092,0
NTU,D,20230615,000000,23.6,23.7,23.6,23.7,505,0
NTU,D,20230616,000000,19.9,20,19.9,20,300,0
NTU,D,20230619,000000,20.1,20.4,19.3,20.4,39,0
NTU,D,20230621,000000,18.95,20.3,17.35,20.3,1525,0
NTU,D,20230626,000000,19.45,19.45,17.45,17.45,672,0
NTU,D,20230627,000000,18.65,18.65,18.3,18.3,11,0
NTU,D,20230628,000000,17.45,17.45,16.9,16.9,258,0
NTU,D,20230629,000000,16.9,18,16.9,18,91,0
NTU,D,20230630,000000,18,19,18,19,262,0
NTU,D,20230703,000000,17.1,17.1,17,17,126,0
NTU,D,20230705,000000,17.2,17.2,17.2,17.2,100,0
NTU,D,20230706,000000,17.2,17.2,17.2,17.2,65,0
NTU,D,20230714,000000,16.9,18.55,16.9,18.55,12,0
NTU,D,20230717,000000,17.5,17.5,17.2,17.2,47,0
NTU,D,20230718,000000,17.3,17.3,17.3,17.3,221,0
NTU,D,20230719,000000,17.3,17.3,17.3,17.3,40,0
NTU,D,20230720,000000,17.3,18.2,17.3,18.2,99,0
NTU,D,20230726,000000,17.9,18.6,17.9,18.6,313,0
NTU,D,20230727,000000,19.55,19.55,17.15,18.15,307,0
NTU,D,20230802,000000,18.05,18.05,18.05,18.05,100,0
NTU,D,20230803,000000,17,18.2,16.9,16.9,121,0
NTU,D,20230807,000000,17.5,17.9,17.5,17.9,218,0
NTU,D,20230808,000000,17.9,17.9,17,17,115,0
NTU,D,20230810,000000,17.5,17.5,17.5,17.5,108,0
NTU,D,20230811,000000,18.15,18.15,18.15,18.15,22,0
NTU,D,20230814,000000,18.15,18.3,18.15,18.3,50,0
NTU,D,20230824,000000,18.1,18.1,18.1,18.1,15,0
NTU,D,20230829,000000,16.95,18.5,16.95,18.5,98,0
NTU,D,20230830,000000,18.5,18.5,18.5,18.5,1,0
NTU,D,20230901,000000,18.5,18.5,18.25,18.25,564,0
NTU,D,20230904,000000,18.25,18.5,18.25,18.5,355,0
NTU,D,20230905,000000,17.5,18.75,17.5,18.75,176,0
NTU,D,20230912,000000,18.9,18.9,18.85,18.9,584,0
NTU,D,20230913,000000,18.9,18.9,18.9,18.9,83,0
NTU,D,20230921,000000,19.1,19.1,19.1,19.1,100,0
NTU,D,20230925,000000,18.75,18.75,18.75,18.75,107,0
NTU,D,20230926,000000,17.1,17.1,17.1,17.1,26,0
NTU,D,20230927,000000,17.1,17.1,17.1,17.1,123,0
NTU,D,20230929,000000,18.45,18.45,18.45,18.45,1,0
NTU,D,20231003,000000,18.45,18.45,18.45,18.45,35,0
NTU,D,20231018,000000,16.05,16.05,16.05,16.05,130,0
NTU,D,20231019,000000,17.5,19,17.5,19,849,0
NTU,D,20231020,000000,19,19,19,19,216,0
NTU,D,20231107,000000,17.15,18.85,17.15,17.25,71,0
NTU,D,20231108,000000,17.4,18.85,17.35,18.85,26,0
NTU,D,20231113,000000,18.8,18.85,18.8,18.85,300,0
NTU,D,20231121,000000,17.35,18.75,17.35,18.75,59,0
NTU,D,20231123,000000,18.7,18.7,18.7,18.7,100,0
NTU,D,20231128,000000,17.45,17.45,17.45,17.45,60,0
NTU,D,20231129,000000,17.4,17.4,17.4,17.4,150,0
NTU,D,20231130,000000,17.25,17.25,17.25,17.25,56,0
NTU,D,20231204,000000,17.15,17.15,17.15,17.15,87,0
NTU,D,20231205,000000,16.3,16.3,16.3,16.3,33,0
NTU,D,20231208,000000,16.45,16.45,16.3,16.3,124,0
NTU,D,20231212,000000,16.3,16.3,16.2,16.2,101,0
NTU,D,20231213,000000,16.2,16.2,16.05,16.05,226,0
NTU,D,20231215,000000,16,16,15.1,15.1,300,0
NTU,D,20231218,000000,16,16,16,16,194,0
NTU,D,20231220,000000,14.7,14.7,14.7,14.7,72,0
NTU,D,20231221,000000,14.7,16,14.65,15,565,0
NTU,D,20231222,000000,15,15,15,15,80,0
NTU,D,20231227,000000,15,15.2,15,15.1,257,0
NTU,D,20231228,000000,16.45,16.45,16.45,16.45,1,0
NTU,D,20240102,000000,16.45,16.45,16.45,16.45,35,0
NTU,D,20240103,000000,16.45,17.15,14.65,15.4,627,0
NTU,D,20240122,000000,14.85,14.85,14.6,14.6,409,0
NTU,D,20240124,000000,14.6,14.6,14.6,14.6,844,0
NTU,D,20240125,000000,14.6,14.6,14.6,14.6,101,0
NTU,D,20240129,000000,14.6,14.6,14.6,14.6,35,0
NTU,D,20240130,000000,14,14.4,13.6,14.4,117,0
NTU,D,20240202,000000,13.15,13.2,13.15,13.15,70,0
NTU,D,20240206,000000,14,14,13.8,14,471,0
NTU,D,20240222,000000,15,16.15,15,15,714,0
NTU,D,20240223,000000,15,15,15,15,248,0
NTU,D,20240226,000000,16.45,16.45,14.8,14.8,751,0
NTU,D,20240227,000000,16.15,16.9,16.15,16.65,536,0
NTU,D,20240228,000000,15.2,16.2,15.1,16.2,693,0
NTU,D,20240229,000000,16.65,16.65,16.65,16.65,84,0
NTU,D,20240304,000000,15.35,16.6,15.25,16.05,782,0
NTU,D,20240313,000000,15.35,15.35,15.35,15.35,129,0
