<TICKER>,<PER>,<DATE>,<TIME>,<OPEN>,<HIGH>,<LOW>,<CLOSE>,<VOL>,<OPENINT>
OND,D,20210719,000000,30,31,26.605,28.08,265014,0
OND,D,20210720,000000,28.5,29.5,27,27.52,52756,0
OND,D,20210721,000000,28.08,28.08,27,27,30318,0
OND,D,20210722,000000,27.02,27.39,26.61,26.8,11581,0
OND,D,20210723,000000,26.8,27.46,26.75,26.9,13891,0
OND,D,20210726,000000,27.9,27.9,26.99,27.3,13598,0
OND,D,20210727,000000,27.595,27.595,26.91,26.91,1873,0
OND,D,20210728,000000,26.91,26.975,26.2,26.5,24481,0
OND,D,20210729,000000,26.9,27.5,26.52,26.87,55609,0
OND,D,20210730,000000,27,28.385,26.35,28.08,29235,0
OND,D,20210802,000000,28.395,29,27.75,27.75,15610,0
OND,D,20210803,000000,28.2,28.45,27.005,27.69,4798,0
OND,D,20210804,000000,28,28,26.845,27.6,10238,0
OND,D,20210805,000000,27.595,27.595,26.995,27.455,505,0
OND,D,20210806,000000,27.6,27.6,26.8,27.095,3730,0
OND,D,20210809,000000,27.49,27.49,27,27.48,26411,0
OND,D,20210810,000000,27.2,27.62,26.7,26.9,13088,0
OND,D,20210811,000000,27.78,27.78,26.8,27.37,3230,0
OND,D,20210812,000000,27.03,27.445,26.75,26.81,9101,0
OND,D,20210813,000000,27,27,26.75,27,825,0
OND,D,20210816,000000,27,27,26.4,26.79,119317,0
OND,D,20210817,000000,26.99,26.99,26.41,26.7,1178,0
OND,D,20210818,000000,26.51,26.79,26.4,26.79,4546,0
OND,D,20210819,000000,26.99,26.99,26.5,26.5,254,0
OND,D,20210820,000000,26.6,27.15,26.5,27.15,9234,0
OND,D,20210823,000000,27.4,27.4,27.005,27.36,1775,0
OND,D,20210824,000000,27.4,27.49,26.525,27.49,745,0
OND,D,20210825,000000,27.7,27.7,26.625,26.7,1912,0
OND,D,20210826,000000,26.7,26.7,26.425,26.51,12155,0
OND,D,20210827,000000,26.45,27.36,26.45,26.62,6214,0
OND,D,20210830,000000,26.9,27.005,26.6,26.95,2939,0
OND,D,20210831,000000,27,27,26.42,26.5,12067,0
OND,D,20210901,000000,26.6,26.6,26.35,26.47,9573,0
OND,D,20210902,000000,26.89,26.9,26.08,26.31,78684,0
OND,D,20210903,000000,26.45,26.48,26.22,26.265,17082,0
OND,D,20210906,000000,26.4,26.4,25.8,25.99,27052,0
OND,D,20210907,000000,25.95,25.95,24.9,24.94,39870,0
OND,D,20210908,000000,25,25.005,23.9,24,25950,0
OND,D,20210909,000000,23.995,25,23.9,24.795,5134,0
OND,D,20210910,000000,24.995,25,24.6,24.675,3867,0
OND,D,20210913,000000,25,26.09,24.7,25.7,14500,0
OND,D,20210914,000000,25.995,26.38,25.8,25.95,10344,0
OND,D,20210915,000000,26.29,26.29,25.82,26.18,4272,0
OND,D,20210916,000000,26,26.5,25.2,25.81,12688,0
OND,D,20210917,000000,26,26.4,25.2,26.195,5002,0
OND,D,20210920,000000,26.19,26.19,24.4,24.99,13979,0
OND,D,20210921,000000,24.98,25.495,24.47,24.5,6179,0
OND,D,20210922,000000,25.6,26.15,24.5,24.5,23346,0
OND,D,20210923,000000,24.88,25.5,24.64,25.145,2727,0
OND,D,20210924,000000,25.17,25.835,24.95,25,2284,0
OND,D,20210927,000000,25,25.575,24.94,25.4,4076,0
OND,D,20210928,000000,25.02,25.3,24.96,25.26,1051,0
OND,D,20210929,000000,25,25.035,24.6,24.67,9782,0
OND,D,20210930,000000,24.67,24.8,24,24.5,13398,0
OND,D,20211001,000000,24.29,24.85,24.1,24.835,1774,0
OND,D,20211004,000000,24.5,25.1,24.5,25,2470,0
OND,D,20211005,000000,25,25.1,24.515,25.07,2941,0
OND,D,20211006,000000,24.83,25,24,24.48,10400,0
OND,D,20211007,000000,24.5,24.87,24,24.6,11240,0
OND,D,20211008,000000,24.4,24.6,24,24.1,16076,0
OND,D,20211011,000000,24.3,24.49,23.91,24,9175,0
OND,D,20211012,000000,24.235,24.235,23.625,23.8,12068,0
OND,D,20211013,000000,23.8,24.4,23.49,23.5,290326,0
OND,D,20211014,000000,23.875,24.22,23.4,23.5,9826,0
OND,D,20211015,000000,23.5,24.5,23.4,24.4,45031,0
OND,D,20211018,000000,24.5,24.75,24.4,24.7,11653,0
OND,D,20211019,000000,24.67,24.67,23.495,23.8,30518,0
OND,D,20211020,000000,23.65,23.69,22.98,23.21,114909,0
OND,D,20211021,000000,23.22,23.4,22.9,23,20249,0
OND,D,20211022,000000,23,23,22.45,22.455,16766,0
OND,D,20211025,000000,22.715,22.715,21.81,21.81,19219,0
OND,D,20211026,000000,21.81,22.185,21.3,21.495,12339,0
OND,D,20211027,000000,21.495,21.495,20.55,21.24,20738,0
OND,D,20211028,000000,21.1,21.1,20,20.1,44782,0
OND,D,20211029,000000,20.2,21.48,20,20.015,43128,0
OND,D,20211102,000000,20.02,20.96,20.02,20.12,13574,0
OND,D,20211103,000000,20.12,20.68,20.01,20.355,11389,0
OND,D,20211104,000000,20.35,20.95,20.35,20.8,7313,0
OND,D,20211105,000000,21,21.3,20.3,20.41,10977,0
OND,D,20211108,000000,20.59,20.59,18.69,19,156308,0
OND,D,20211109,000000,19,19.136,18.4,18.838,10522,0
OND,D,20211110,000000,18.89,18.896,18.06,18.4,22366,0
OND,D,20211112,000000,18.07,18.602,17.4,17.5,37354,0
OND,D,20211115,000000,17.5,17.85,17.44,17.44,27134,0
OND,D,20211116,000000,17.7,18.15,17.56,17.876,34078,0
OND,D,20211117,000000,17.552,18.8,17.552,18.68,14556,0
OND,D,20211118,000000,18.68,19,18.502,19,6604,0
OND,D,20211119,000000,19.25,19.25,17.998,18.2,12096,0
OND,D,20211122,000000,18.2,18.702,17.51,18,14057,0
OND,D,20211123,000000,17.986,18.302,17.6,17.652,9310,0
OND,D,20211124,000000,17.7,17.9,17.202,17.5,15486,0
OND,D,20211125,000000,17.52,17.84,17.25,17.706,28677,0
OND,D,20211126,000000,17.6,17.694,17.202,17.202,9360,0
OND,D,20211129,000000,17.2,17.2,16.398,16.8,26498,0
OND,D,20211130,000000,16.86,16.86,16.602,16.698,5366,0
OND,D,20211201,000000,16.6,17,16.5,16.52,96725,0
OND,D,20211202,000000,16.58,16.902,16.58,16.766,5428,0
OND,D,20211203,000000,16.7,16.77,16.5,16.77,19162,0
OND,D,20211206,000000,17.2,18.9,17.2,18,87032,0
OND,D,20211207,000000,18.6,18.8,18.31,18.4,9870,0
OND,D,20211208,000000,18.78,20.19,18.35,20,189648,0
OND,D,20211209,000000,20.2,21.35,20,20.55,48281,0
OND,D,20211210,000000,20.65,20.65,18.8,18.93,14600,0
OND,D,20211213,000000,18.96,19,18,18,15137,0
OND,D,20211214,000000,18,19.6,17.23,18.32,83820,0
OND,D,20211215,000000,18.5,19.258,17.6,17.95,25806,0
OND,D,20211216,000000,17.95,18.59,17.802,18.5,14867,0
OND,D,20211217,000000,18.5,19.05,18,18.5,215464,0
OND,D,20211220,000000,18.5,18.89,18.05,18.5,14701,0
OND,D,20211221,000000,18.69,18.79,17.9,18,12677,0
OND,D,20211222,000000,18,18.218,17.55,17.6,11291,0
OND,D,20211223,000000,17.6,17.6,17.05,17.1,20737,0
OND,D,20211227,000000,17,17.102,16.57,16.57,54275,0
OND,D,20211228,000000,16.55,16.56,15.61,15.712,96456,0
OND,D,20211229,000000,15.75,16.86,15.75,16.002,27996,0
OND,D,20211230,000000,16.368,16.65,16.1,16.4,11640,0
OND,D,20220103,000000,16.72,16.72,16.002,16.18,23527,0
OND,D,20220104,000000,16.34,17.78,16.338,17.68,214249,0
OND,D,20220105,000000,18.2,18.39,17.92,18.29,11712,0
OND,D,20220107,000000,17.996,17.996,17.33,17.9,16897,0
OND,D,20220110,000000,17.9,18.18,17.8,17.96,11772,0
OND,D,20220111,000000,17.51,17.9,17.31,17.7,12234,0
OND,D,20220112,000000,17.7,17.74,17.4,17.6,11600,0
OND,D,20220113,000000,17.798,17.798,17.31,17.548,10797,0
OND,D,20220114,000000,17.498,17.5,17.31,17.48,3242,0
OND,D,20220117,000000,17.76,18.5,17.51,17.75,35585,0
OND,D,20220118,000000,17.978,18.778,17.5,18.65,82507,0
OND,D,20220119,000000,18.5,18.59,17.9,18.44,65453,0
OND,D,20220120,000000,18.44,19.4,18.2,19.3,56628,0
OND,D,20220121,000000,19.358,19.388,18.2,19.03,19881,0
OND,D,20220124,000000,18.62,19.5,17.7,17.83,27721,0
OND,D,20220125,000000,17.83,18.278,17.83,18.05,11010,0
OND,D,20220126,000000,18.1,18.6,18,18.392,13559,0
OND,D,20220127,000000,18.3,18.3,18,18,35296,0
OND,D,20220128,000000,18,18.28,17.86,18,22365,0
OND,D,20220131,000000,18.4,18.4,17.9,18.15,23113,0
OND,D,20220201,000000,18.38,18.876,17.87,18.6,24455,0
OND,D,20220202,000000,18.7,18.8,18.2,18.55,30459,0
OND,D,20220203,000000,18.55,18.876,18,18.52,27253,0
OND,D,20220204,000000,18.52,19.26,18.1,18.9,38708,0
OND,D,20220207,000000,19.2,19.27,18.92,19.238,7436,0
OND,D,20220208,000000,19.11,19.27,18.9,19.188,7851,0
OND,D,20220209,000000,19.19,20,18.7,19.996,119682,0
OND,D,20220210,000000,20,20.74,20,20.1,45732,0
OND,D,20220211,000000,20.1,20.49,19.55,20.2,22923,0
OND,D,20220214,000000,19.7,19.88,18.3,19.88,21142,0
OND,D,20220215,000000,19.85,20.3,19.21,20,22195,0
OND,D,20220216,000000,20.2,20.2,19.56,19.95,12055,0
OND,D,20220217,000000,19.1,19.99,18.526,19.426,17893,0
OND,D,20220218,000000,19.2,19.798,18.72,19.65,8932,0
OND,D,20220221,000000,20.5,20.5,18.472,19.2,23479,0
OND,D,20220222,000000,18.5,19.498,17.91,18.912,15312,0
OND,D,20220223,000000,19.2,19.2,18.77,19.192,4899,0
OND,D,20220224,000000,17.49,18.38,16.05,18,46272,0
OND,D,20220225,000000,17.8,18.3,16.76,17.4,34488,0
OND,D,20220228,000000,17.5,18.38,17.2,17.79,9152,0
OND,D,20220301,000000,17.84,18.248,17.7,18.24,9103,0
OND,D,20220302,000000,18,18,17.2,18,13134,0
OND,D,20220303,000000,18,18.5,17.63,18.45,12828,0
OND,D,20220304,000000,18.3,18.3,17.646,17.744,8435,0
OND,D,20220307,000000,17.51,17.98,17.1,17.7,16020,0
OND,D,20220308,000000,17.978,17.986,17.6,17.986,4551,0
OND,D,20220309,000000,17.988,18.6,17.988,18.4,6373,0
OND,D,20220310,000000,18.46,18.48,17.98,17.99,8213,0
OND,D,20220311,000000,18.48,18.5,18.078,18.5,7024,0
OND,D,20220314,000000,18.75,18.9,18.5,18.87,6620,0
OND,D,20220315,000000,18.9,18.9,18.25,18.32,2775,0
OND,D,20220316,000000,18.7,18.7,18.4,18.6,3539,0
OND,D,20220317,000000,18.96,19.25,18.62,19.098,6889,0
OND,D,20220318,000000,19.098,19.6,18.998,19.48,9729,0
OND,D,20220321,000000,19.478,19.5,19.2,19.5,3134,0
OND,D,20220322,000000,19.5,19.5,19.202,19.4,3495,0
OND,D,20220323,000000,19.5,19.5,19.28,19.5,4253,0
OND,D,20220324,000000,19.5,19.7,18.4,18.99,11218,0
OND,D,20220325,000000,19.3,19.398,19.012,19.302,1168,0
OND,D,20220328,000000,19.6,19.6,18.9,19.4,10726,0
OND,D,20220329,000000,19.478,19.478,18.912,18.952,6007,0
OND,D,20220330,000000,19,19.24,18.68,18.95,15920,0
OND,D,20220331,000000,18.95,19.208,18.5,19,15690,0
OND,D,20220401,000000,19.18,19.602,18.9,19.48,55595,0
OND,D,20220404,000000,19.8,19.9,19.1,19.4,10688,0
OND,D,20220405,000000,19.39,19.39,18.99,19.25,11971,0
OND,D,20220406,000000,19.25,19.25,18.64,19.138,7097,0
OND,D,20220407,000000,19.138,19.138,18.5,18.7,60409,0
OND,D,20220408,000000,18.7,18.7,17.7,17.72,146820,0
OND,D,20220411,000000,17.61,17.89,17,17.47,23751,0
OND,D,20220412,000000,17.47,17.5,16.52,17.24,17826,0
OND,D,20220413,000000,17.28,17.28,16.24,16.9,21860,0
OND,D,20220414,000000,16.88,16.88,16,16.3,38236,0
OND,D,20220419,000000,16.5,16.7,15.9,16.44,21430,0
OND,D,20220420,000000,16.3,16.42,16.3,16.38,14385,0
OND,D,20220421,000000,16.34,16.78,16.34,16.34,11465,0
OND,D,20220422,000000,16.6,16.7,16,16.1,8673,0
OND,D,20220425,000000,16.02,16.2,16,16.18,6345,0
OND,D,20220426,000000,16.4,16.6,16.4,16.5,6342,0
OND,D,20220427,000000,16.5,16.5,16.02,16.2,1873,0
OND,D,20220428,000000,16.22,16.52,15.9,15.9,10570,0
OND,D,20220429,000000,16.14,16.14,15.8,15.8,6915,0
OND,D,20220502,000000,15.98,15.98,15.1,15.2,9994,0
OND,D,20220504,000000,15,15.2,13.8,13.92,31053,0
OND,D,20220505,000000,14,14,12.62,12.8,41548,0
OND,D,20220506,000000,12.76,12.76,11.7,12,50324,0
OND,D,20220509,000000,11.92,12.5,11.7,11.96,16853,0
OND,D,20220510,000000,12.16,12.36,12,12.28,62374,0
OND,D,20220511,000000,12.06,12.06,11.7,11.9,28178,0
OND,D,20220512,000000,11.56,11.6,10.84,11.32,30308,0
OND,D,20220513,000000,11.4,12.18,11.4,12,20288,0
OND,D,20220516,000000,12.4,13.16,12.3,12.86,22540,0
OND,D,20220517,000000,13.14,13.14,12.44,12.88,21622,0
OND,D,20220518,000000,12.94,13.1,12.84,12.96,6750,0
OND,D,20220519,000000,12.9,12.9,12.22,12.88,7881,0
OND,D,20220520,000000,13,13,12.78,12.98,7701,0
OND,D,20220523,000000,13.12,13.32,13.06,13.08,9851,0
OND,D,20220524,000000,13.2,13.32,13.06,13.32,3512,0
OND,D,20220525,000000,13.16,13.32,13.04,13.04,1231,0
OND,D,20220526,000000,13.26,13.7,13.26,13.66,2147,0
OND,D,20220527,000000,13.44,13.44,12.2,12.34,27883,0
OND,D,20220530,000000,12.6,12.6,12.12,12.12,8969,0
OND,D,20220531,000000,12.4,12.4,11.8,12,6464,0
OND,D,20220601,000000,12,12.12,11.82,12,3501,0
OND,D,20220602,000000,12.12,12.14,11.82,11.82,7427,0
OND,D,20220603,000000,12.1,12.12,11.66,11.96,63973,0
OND,D,20220606,000000,12,12,11.6,11.74,8982,0
OND,D,20220607,000000,11.92,11.92,11.66,11.7,4398,0
OND,D,20220608,000000,11.8,11.8,11.6,11.6,9320,0
OND,D,20220609,000000,11.84,11.84,11.28,11.3,4987,0
OND,D,20220610,000000,11.5,11.5,10.62,10.82,13333,0
OND,D,20220613,000000,10.9,10.9,9.9,10.52,12548,0
OND,D,20220614,000000,10.5,10.66,10.02,10.42,7467,0
OND,D,20220615,000000,10.66,11.5,10.66,11.1,11775,0
OND,D,20220617,000000,11.58,11.58,11.2,11.3,17580,0
OND,D,20220620,000000,11.3,11.32,11,11,7281,0
OND,D,20220621,000000,11.26,11.26,11,11.14,11146,0
OND,D,20220622,000000,11.14,11.14,10.92,11,3924,0
OND,D,20220623,000000,11.18,11.18,10.9,10.9,7529,0
OND,D,20220624,000000,11,11.18,10.98,10.98,11925,0
OND,D,20220627,000000,11,11.08,10.84,11,9827,0
OND,D,20220628,000000,10.98,11.04,10.94,10.94,2686,0
OND,D,20220629,000000,11.18,11.18,10.66,10.98,14262,0
OND,D,20220630,000000,10.98,10.98,10.66,10.66,49851,0
OND,D,20220701,000000,10.92,10.92,10.7,10.8,5620,0
OND,D,20220704,000000,11.3,11.3,10.2,10.32,29755,0
OND,D,20220705,000000,10.32,12.12,10.32,12.12,27120,0
OND,D,20220706,000000,12.42,14.12,12.42,12.6,127992,0
OND,D,20220707,000000,13.1,13.18,12.5,12.84,17330,0
OND,D,20220708,000000,12.9,13.5,12.5,13.28,31646,0
OND,D,20220711,000000,12.7,13.2,12.7,13,16597,0
OND,D,20220712,000000,12.82,12.9,12.4,12.5,14774,0
OND,D,20220713,000000,12.52,12.62,11.9,11.9,16601,0
OND,D,20220714,000000,11.9,12.08,11.7,11.76,8907,0
OND,D,20220715,000000,11.68,12.3,11.68,12,11277,0
OND,D,20220718,000000,12.46,12.5,12.1,12.34,5322,0
OND,D,20220719,000000,12.46,12.5,12.26,12.4,13916,0
OND,D,20220720,000000,12.5,13.18,12.5,13.18,16971,0
OND,D,20220721,000000,13.2,13.2,12.52,13.1,9600,0
OND,D,20220722,000000,13.16,13.16,12.86,12.86,6488,0
OND,D,20220725,000000,12.9,13.3,12.86,13.1,10571,0
OND,D,20220726,000000,13.2,13.3,12.8,13,9237,0
OND,D,20220727,000000,13.04,13.2,12.84,12.96,9345,0
OND,D,20220728,000000,13,13,12.8,12.8,4527,0
OND,D,20220729,000000,12.88,12.88,12,12.74,19193,0
OND,D,20220801,000000,12.8,12.8,12.12,12.56,10743,0
OND,D,20220802,000000,12.6,12.6,12.06,12.1,17935,0
OND,D,20220803,000000,12.14,12.38,11.9,12,24199,0
OND,D,20220804,000000,11.96,12.16,11.82,11.92,5129,0
OND,D,20220805,000000,12,12.14,11.84,12,6921,0
OND,D,20220808,000000,12.1,12.1,11.8,11.92,8554,0
OND,D,20220809,000000,12.1,12.1,11.7,11.92,7491,0
OND,D,20220810,000000,11.94,11.94,11.68,11.82,2417,0
OND,D,20220811,000000,11.72,12.2,11.72,12.18,8724,0
OND,D,20220812,000000,12.22,12.42,12.18,12.3,3470,0
OND,D,20220816,000000,12.4,12.6,12.16,12.18,20025,0
OND,D,20220817,000000,12.4,12.4,11.88,12.02,5424,0
OND,D,20220818,000000,12.1,12.1,11.7,11.8,15287,0
OND,D,20220819,000000,11.88,11.88,11.7,11.8,6726,0
OND,D,20220822,000000,11.84,12,11.62,11.62,3805,0
OND,D,20220823,000000,11.7,11.76,11.6,11.76,3295,0
OND,D,20220824,000000,11.74,11.74,11.5,11.6,6838,0
OND,D,20220825,000000,11.6,11.6,11.5,11.52,5293,0
OND,D,20220826,000000,11.76,11.76,11.58,11.66,18102,0
OND,D,20220829,000000,11.78,11.78,11.4,11.68,5661,0
OND,D,20220830,000000,11.72,11.8,11.5,11.5,32255,0
OND,D,20220831,000000,11.48,11.5,11.16,11.2,13021,0
OND,D,20220901,000000,11.28,11.28,11.04,11.04,1942,0
OND,D,20220902,000000,11.06,11.36,10.94,11.12,7427,0
OND,D,20220905,000000,11.12,11.3,10.7,10.82,33712,0
OND,D,20220906,000000,10.72,10.8,9.9,10.02,68649,0
OND,D,20220907,000000,10.1,10.18,10,10.1,11497,0
OND,D,20220908,000000,10.2,10.38,10,10.1,9688,0
OND,D,20220909,000000,10.16,10.28,9.82,10,19206,0
OND,D,20220912,000000,10,10.1,9.9,9.92,58050,0
OND,D,20220913,000000,9.96,10.16,9.88,9.9,15866,0
OND,D,20220914,000000,9.9,10.06,9.9,9.94,7320,0
OND,D,20220915,000000,10.06,10.18,9.9,9.92,8313,0
OND,D,20220916,000000,10.14,10.14,9.84,9.84,7139,0
OND,D,20220919,000000,9.98,9.98,9.8,9.9,7235,0
OND,D,20220920,000000,9.9,9.9,9.46,9.59,11901,0
OND,D,20220921,000000,9.58,9.58,9.05,9.08,12004,0
OND,D,20220922,000000,9.09,9.09,8.7,8.7,28197,0
OND,D,20220923,000000,8.75,8.75,8.42,8.45,16137,0
OND,D,20220926,000000,8.5,8.5,8.26,8.26,10235,0
OND,D,20220927,000000,8.26,8.58,8.24,8.34,10324,0
OND,D,20220928,000000,8.34,8.35,8.25,8.26,5312,0
OND,D,20220929,000000,8.27,8.3,8.17,8.2,20767,0
OND,D,20220930,000000,8.21,8.21,8.04,8.04,16626,0
OND,D,20221003,000000,8.1,8.33,8.1,8.1,30288,0
OND,D,20221004,000000,8.2,8.3,8.2,8.25,3071,0
OND,D,20221005,000000,8.3,8.36,8.1,8.34,11451,0
OND,D,20221006,000000,8.35,8.57,8.25,8.34,4367,0
OND,D,20221007,000000,8.34,8.94,8.34,8.93,11047,0
OND,D,20221010,000000,8.8,8.93,8.04,8.8,13168,0
OND,D,20221011,000000,8.7,8.7,8.51,8.6,2041,0
OND,D,20221012,000000,8.6,8.6,8.06,8.07,31075,0
OND,D,20221013,000000,8.34,8.4,8.16,8.25,9383,0
OND,D,20221014,000000,8.46,8.7,8.2,8.7,11363,0
OND,D,20221017,000000,8.65,8.65,7.81,7.81,36747,0
OND,D,20221018,000000,8,8.3,7.95,8.04,17012,0
OND,D,20221019,000000,8.2,8.25,7.81,8,7229,0
OND,D,20221020,000000,8,8.06,7.94,7.95,3248,0
OND,D,20221021,000000,8.02,8.32,8.02,8.2,8226,0
OND,D,20221024,000000,8.2,8.4,8.1,8.11,3723,0
OND,D,20221025,000000,8.25,8.25,8.1,8.12,2591,0
OND,D,20221026,000000,8.15,8.2,8,8.05,5543,0
OND,D,20221027,000000,8.07,8.16,7.95,8.16,7513,0
OND,D,20221028,000000,8.18,8.3,8.01,8.08,8188,0
OND,D,20221031,000000,8.08,8.2,7.98,8,51110,0
OND,D,20221102,000000,8.2,8.26,8,8.06,28812,0
OND,D,20221103,000000,8.1,8.26,8.06,8.16,35289,0
OND,D,20221104,000000,8.25,8.58,8.25,8.48,19924,0
OND,D,20221107,000000,8.48,8.78,8.22,8.47,29400,0
OND,D,20221108,000000,8.2,8.39,8.18,8.26,36407,0
OND,D,20221109,000000,8.34,8.46,8.1,8.1,24901,0
OND,D,20221110,000000,8.08,8.4,8.08,8.3,10906,0
OND,D,20221114,000000,8.38,8.7,8.38,8.52,24527,0
OND,D,20221115,000000,8.6,8.85,8.4,8.55,40530,0
OND,D,20221116,000000,8.42,8.68,8.42,8.53,13435,0
OND,D,20221117,000000,8.68,8.68,8.42,8.48,6002,0
OND,D,20221118,000000,8.58,8.65,8.52,8.57,10053,0
OND,D,20221121,000000,8.89,8.92,8.62,8.85,96517,0
OND,D,20221122,000000,9.01,9.4,9.01,9.2,137701,0
OND,D,20221123,000000,9.46,9.46,9.3,9.36,58529,0
OND,D,20221124,000000,9.48,9.7,9.44,9.51,71327,0
OND,D,20221125,000000,9.65,9.65,9.26,9.33,32895,0
OND,D,20221128,000000,9.32,9.39,9.01,9.25,30154,0
OND,D,20221129,000000,9.34,9.34,9.15,9.23,16858,0
OND,D,20221130,000000,9.22,9.49,9.2,9.37,30359,0
OND,D,20221201,000000,9.5,9.67,9.36,9.52,20273,0
OND,D,20221202,000000,9.68,10.5,9.67,10.2,122810,0
OND,D,20221205,000000,10.46,10.88,10.36,10.4,81106,0
OND,D,20221206,000000,10.38,10.48,10.2,10.4,21275,0
OND,D,20221207,000000,10.4,10.5,10.26,10.4,59947,0
OND,D,20221208,000000,10.5,10.86,10.46,10.82,71463,0
OND,D,20221209,000000,10.88,11.66,10.88,11.36,122522,0
OND,D,20221212,000000,11.48,11.48,11.26,11.38,26626,0
OND,D,20221213,000000,11.48,11.88,11.48,11.86,91236,0
OND,D,20221214,000000,12.18,12.36,11.68,11.86,156903,0
OND,D,20221215,000000,11.86,11.86,11.2,11.38,61500,0
OND,D,20221216,000000,11.1,11.28,10.22,11,84966,0
OND,D,20221219,000000,10.92,11.3,10.74,10.78,30347,0
OND,D,20221220,000000,10.72,10.78,10.1,10.38,61076,0
OND,D,20221221,000000,10.28,10.5,10.14,10.3,81909,0
OND,D,20221222,000000,10.5,10.8,10.34,10.4,38891,0
OND,D,20221223,000000,10.52,10.52,10.14,10.16,25298,0
OND,D,20221227,000000,10.36,10.4,9.82,9.93,81528,0
OND,D,20221228,000000,9.9,10,9.85,9.92,60081,0
OND,D,20221229,000000,9.92,10,9.91,9.99,27752,0
OND,D,20221230,000000,9.93,10,9.88,9.93,34452,0
OND,D,20230102,000000,9.99,10.66,9.91,10.24,69129,0
OND,D,20230103,000000,10.3,10.6,10.3,10.4,114366,0
OND,D,20230104,000000,10.4,10.7,10.32,10.56,48515,0
OND,D,20230105,000000,10.56,10.68,10.22,10.4,50968,0
OND,D,20230109,000000,10.4,10.64,10.34,10.42,48485,0
OND,D,20230110,000000,10.46,10.62,10.38,10.5,35472,0
OND,D,20230111,000000,10.5,10.62,9.95,9.95,73823,0
OND,D,20230112,000000,10.1,10.48,9.82,10.14,97210,0
OND,D,20230113,000000,10.3,11.66,10.06,11.58,217989,0
OND,D,20230116,000000,12.2,13.88,12.2,13.88,537475,0
OND,D,20230117,000000,14.3,15.4,13.56,13.82,534319,0
OND,D,20230118,000000,13.82,14.28,12.9,14.1,358722,0
OND,D,20230119,000000,13.82,13.92,12.84,12.96,252468,0
OND,D,20230120,000000,12.96,13.52,12.88,13.48,165077,0
OND,D,20230123,000000,13.76,14.3,13.68,13.86,234971,0
OND,D,20230124,000000,14,15.26,13.6,14.82,363631,0
OND,D,20230125,000000,14.98,15.46,13.98,14.06,371091,0
OND,D,20230126,000000,14.16,14.28,13.1,13.12,270718,0
OND,D,20230127,000000,13,14.2,12.62,14.2,555300,0
OND,D,20230130,000000,14.32,14.86,13.58,14.84,489597,0
OND,D,20230131,000000,14.8,14.9,14.32,14.4,137895,0
OND,D,20230201,000000,14.56,14.56,13.92,14.18,102884,0
OND,D,20230202,000000,14.38,14.56,13.82,14.38,73253,0
OND,D,20230203,000000,14.14,14.7,14.1,14.46,71848,0
OND,D,20230206,000000,14.46,15.62,14.26,15.62,260046,0
OND,D,20230207,000000,15.7,15.88,14.72,14.76,153255,0
OND,D,20230208,000000,14.82,15.44,14.8,15,90869,0
OND,D,20230209,000000,15.4,15.7,14.2,14.58,259199,0
OND,D,20230210,000000,14.52,14.66,13.9,14.16,106815,0
OND,D,20230213,000000,13.64,14,13.38,13.64,126511,0
OND,D,20230214,000000,13.64,14,13.46,14,37967,0
OND,D,20230215,000000,13.82,14.1,13.8,14.02,29480,0
OND,D,20230216,000000,14.78,15,14.12,14.38,98735,0
OND,D,20230217,000000,14.26,14.76,14,14.56,29594,0
OND,D,20230220,000000,14.56,14.56,14.16,14.3,20069,0
OND,D,20230221,000000,14.3,14.3,13.72,13.92,26075,0
OND,D,20230222,000000,13.9,14,13.7,13.96,15094,0
OND,D,20230223,000000,14.76,14.76,14.08,14.2,44097,0
OND,D,20230224,000000,14.3,14.38,13.86,14.2,25585,0
OND,D,20230227,000000,14.04,14.54,14.04,14.4,24287,0
OND,D,20230228,000000,14.5,14.8,14.2,14.52,38854,0
OND,D,20230301,000000,14.52,14.84,14.52,14.56,13927,0
OND,D,20230302,000000,14.66,14.66,14.2,14.28,14632,0
OND,D,20230303,000000,14.28,14.92,14.1,14.92,59652,0
OND,D,20230306,000000,14.94,14.96,14.52,14.8,20508,0
OND,D,20230307,000000,14.8,14.8,14.48,14.8,19349,0
OND,D,20230308,000000,14.6,15.44,14.6,15.4,80711,0
OND,D,20230309,000000,15.44,15.44,15.02,15.18,24581,0
OND,D,20230310,000000,14.8,14.9,14.24,14.48,104298,0
OND,D,20230313,000000,14.26,14.48,13.5,13.98,80662,0
OND,D,20230314,000000,13.98,14.52,13.8,14.2,31288,0
OND,D,20230315,000000,14.24,14.4,13.24,13.4,77317,0
OND,D,20230316,000000,13.4,13.6,12.98,13.4,58533,0
OND,D,20230317,000000,13.52,13.98,13.12,13.16,24011,0
OND,D,20230320,000000,12.86,13.5,12.52,13.32,43840,0
OND,D,20230321,000000,13.36,13.9,13.36,13.6,17303,0
OND,D,20230322,000000,13.6,13.76,13.4,13.46,6850,0
OND,D,20230323,000000,13.5,13.62,13,13.3,10216,0
OND,D,20230324,000000,13.44,13.44,12.9,13.16,13785,0
OND,D,20230327,000000,13.18,13.34,12.9,13.34,17820,0
OND,D,20230328,000000,13.34,14.9,13.2,14.12,74147,0
OND,D,20230329,000000,14.46,14.46,14.12,14.34,21170,0
OND,D,20230330,000000,14.38,14.76,14.02,14.58,44001,0
OND,D,20230331,000000,14.02,14.04,13.16,13.52,111416,0
OND,D,20230403,000000,13.6,13.76,13.2,13.3,47255,0
OND,D,20230404,000000,13.3,13.48,12.22,12.88,86723,0
OND,D,20230405,000000,12.66,13,12.4,12.4,54390,0
OND,D,20230406,000000,12.4,12.98,12.4,12.8,22267,0
OND,D,20230411,000000,12.9,13.6,12.9,13.38,46650,0
OND,D,20230412,000000,13.38,13.56,13.16,13.34,8828,0
OND,D,20230413,000000,13.4,13.58,13.24,13.48,9802,0
OND,D,20230414,000000,13.36,13.66,13.36,13.66,14659,0
OND,D,20230417,000000,13.66,13.68,13.36,13.36,21717,0
OND,D,20230418,000000,13.38,14,13.2,13.66,50936,0
OND,D,20230419,000000,13.8,13.88,13.52,13.52,13786,0
OND,D,20230420,000000,13.6,13.86,13.54,13.78,22104,0
OND,D,20230421,000000,13.52,13.78,13.52,13.66,19257,0
OND,D,20230424,000000,13.6,13.96,13.44,13.76,25147,0
OND,D,20230425,000000,13.76,13.86,13.54,13.6,14531,0
OND,D,20230426,000000,13.68,13.7,13.32,13.68,14237,0
OND,D,20230427,000000,13.66,13.66,13.46,13.48,11046,0
OND,D,20230428,000000,13.5,13.5,13.18,13.2,22908,0
OND,D,20230502,000000,13.12,13.36,13.06,13.18,9242,0
OND,D,20230504,000000,13.16,13.18,12.62,12.92,51250,0
OND,D,20230505,000000,12.8,13.06,12.8,13,9785,0
OND,D,20230508,000000,13.04,13.4,13,13.26,10687,0
OND,D,20230509,000000,13.02,13.36,13.02,13.3,4244,0
OND,D,20230510,000000,12.68,12.76,11.6,12.6,130768,0
OND,D,20230511,000000,12.6,12.76,11.8,11.9,70674,0
OND,D,20230512,000000,11.9,11.98,11.68,11.94,58757,0
OND,D,20230515,000000,11.96,12.5,11.94,12.5,30571,0
OND,D,20230516,000000,12.5,12.58,12.2,12.2,11296,0
OND,D,20230517,000000,12.06,12.46,12.02,12.18,18040,0
OND,D,20230518,000000,12.28,12.28,11.72,11.8,39050,0
OND,D,20230519,000000,11.8,11.9,11.54,11.88,38099,0
OND,D,20230522,000000,11.94,12.06,11.72,11.72,17224,0
OND,D,20230523,000000,11.78,11.78,11.28,11.38,35415,0
OND,D,20230524,000000,11.3,11.38,11.04,11.04,29295,0
OND,D,20230525,000000,11.06,11.2,11,11.14,21599,0
OND,D,20230526,000000,11.14,11.4,11,11.4,18627,0
OND,D,20230529,000000,11.4,11.54,11.08,11.1,14470,0
OND,D,20230530,000000,11.06,11.3,11.04,11.14,8216,0
OND,D,20230531,000000,11.1,11.2,11,11,15099,0
OND,D,20230601,000000,11,11.36,11,11.28,8633,0
OND,D,20230602,000000,11.2,11.48,11.2,11.46,9822,0
OND,D,20230605,000000,11.48,11.48,11.2,11.28,4600,0
OND,D,20230606,000000,11.28,11.4,11.1,11.3,17863,0
OND,D,20230607,000000,11.3,11.36,11.2,11.24,10973,0
OND,D,20230609,000000,11.3,11.44,11.3,11.4,6705,0
OND,D,20230612,000000,11.4,11.44,11.1,11.26,7911,0
OND,D,20230613,000000,11.32,11.32,11.1,11.1,7294,0
OND,D,20230614,000000,11.1,11.26,11.02,11.18,10048,0
OND,D,20230615,000000,11.04,11.14,10.9,10.94,17389,0
OND,D,20230616,000000,11.02,12.68,11,12.3,116449,0
OND,D,20230619,000000,12.2,12.2,11.84,11.96,16776,0
OND,D,20230620,000000,11.8,12.66,11.8,12.1,24628,0
OND,D,20230621,000000,12.1,12.5,12.1,12.3,7473,0
OND,D,20230622,000000,12.3,12.42,12.06,12.2,15443,0
OND,D,20230623,000000,12.02,12.18,11.82,11.84,16628,0
OND,D,20230626,000000,11.8,11.9,11.6,11.62,9896,0
OND,D,20230627,000000,11.62,12,11.62,11.74,5838,0
OND,D,20230628,000000,11.7,12.18,11.64,12.18,15824,0
OND,D,20230629,000000,12.18,13,11.86,13,63811,0
OND,D,20230630,000000,13,13.5,12.4,13.5,62465,0
OND,D,20230703,000000,13.4,13.4,12.92,13.12,14089,0
OND,D,20230704,000000,13,13.18,12.82,12.9,12414,0
OND,D,20230705,000000,12.98,13.26,12.6,12.8,15816,0
OND,D,20230706,000000,12.9,13.7,12.9,13.16,33089,0
OND,D,20230707,000000,13.2,13.42,12.96,13.06,13149,0
OND,D,20230710,000000,13.06,13.32,12.9,12.96,3374,0
OND,D,20230711,000000,13,13.18,12.72,12.72,13974,0
OND,D,20230712,000000,12.88,13,12.68,12.8,22405,0
OND,D,20230713,000000,12.98,13.24,12.7,12.9,28709,0
OND,D,20230714,000000,12.8,12.96,12.7,12.72,7842,0
OND,D,20230717,000000,12.94,12.94,12.68,12.72,4148,0
OND,D,20230718,000000,12.7,12.88,12.6,12.66,8548,0
OND,D,20230719,000000,12.86,12.86,12.64,12.68,8085,0
OND,D,20230720,000000,12.8,12.82,12.3,12.3,19631,0
OND,D,20230721,000000,12.26,12.26,12.2,12.22,10940,0
OND,D,20230724,000000,12.22,12.22,11.78,11.94,15372,0
OND,D,20230725,000000,11.94,11.94,11.52,11.64,22870,0
OND,D,20230726,000000,11.64,11.7,11.5,11.54,36303,0
OND,D,20230727,000000,11.54,11.6,11.5,11.52,30214,0
OND,D,20230728,000000,11.56,11.86,11.34,11.5,43613,0
OND,D,20230731,000000,11.4,11.82,11.4,11.5,19411,0
OND,D,20230801,000000,11.54,11.7,11.5,11.5,11853,0
OND,D,20230802,000000,11.46,11.56,11.2,11.24,29370,0
OND,D,20230803,000000,11.2,11.4,11.18,11.2,21005,0
OND,D,20230804,000000,11.24,11.34,11.2,11.2,13706,0
OND,D,20230807,000000,11.24,11.32,11.2,11.32,14096,0
OND,D,20230808,000000,11.3,11.3,11.1,11.1,20738,0
OND,D,20230809,000000,11.28,11.28,11.02,11.02,17598,0
OND,D,20230810,000000,11.04,11.24,11,11.06,10119,0
OND,D,20230811,000000,11.18,11.42,11.04,11.38,12844,0
OND,D,20230814,000000,11.38,12.26,11.38,12.18,38331,0
OND,D,20230816,000000,12.3,12.5,11.8,11.8,14949,0
OND,D,20230817,000000,11.7,12.06,11.5,11.52,4795,0
OND,D,20230818,000000,11.52,11.78,11,11.06,22163,0
OND,D,20230821,000000,11.2,11.46,11.06,11.22,11216,0
OND,D,20230822,000000,11.22,11.4,11.22,11.28,10109,0
OND,D,20230823,000000,11.28,11.5,11.2,11.48,9217,0
OND,D,20230824,000000,11.48,11.5,10.92,11.2,13350,0
OND,D,20230825,000000,11.2,11.48,11.16,11.2,2246,0
OND,D,20230828,000000,11.2,11.5,11.2,11.28,9033,0
OND,D,20230829,000000,11.3,11.74,11.2,11.56,12534,0
OND,D,20230830,000000,11.64,12,11.58,11.8,24126,0
OND,D,20230831,000000,11.8,11.9,11.1,11.3,50295,0
OND,D,20230901,000000,11.28,11.48,11.2,11.4,14188,0
OND,D,20230904,000000,11.38,11.4,11.16,11.2,21961,0
OND,D,20230905,000000,11.44,11.68,11.22,11.34,20217,0
OND,D,20230906,000000,11.34,11.38,11,11.16,17217,0
OND,D,20230907,000000,11.64,12.1,11.3,11.36,84493,0
OND,D,20230908,000000,11.4,11.44,11,11.1,35068,0
OND,D,20230911,000000,11.14,11.18,10.42,10.44,72237,0
OND,D,20230912,000000,10.44,10.7,10.1,10.32,71666,0
OND,D,20230913,000000,10.32,10.42,10.06,10.08,33577,0
OND,D,20230914,000000,10.2,10.34,9.96,10.16,68479,0
OND,D,20230915,000000,10.18,10.52,10.12,10.34,28440,0
OND,D,20230918,000000,10.58,10.66,10.32,10.54,17583,0
OND,D,20230919,000000,10.5,10.66,10,10.46,34279,0
OND,D,20230920,000000,10.48,10.48,10.2,10.3,3690,0
OND,D,20230921,000000,10.3,10.42,10.1,10.26,15830,0
OND,D,20230922,000000,10.3,10.34,10.18,10.2,5887,0
OND,D,20230925,000000,10.2,10.38,10.02,10.02,8709,0
OND,D,20230926,000000,10.02,10.38,10,10.1,13805,0
OND,D,20230927,000000,10.1,10.38,10.1,10.2,9972,0
OND,D,20230928,000000,10.3,10.3,9.95,9.95,20672,0
OND,D,20230929,000000,9.95,10.3,9.82,10.28,12044,0
OND,D,20231002,000000,10.1,10.2,10,10.16,16215,0
OND,D,20231003,000000,10.12,10.12,9.96,10,12839,0
OND,D,20231004,000000,10.98,11,10.38,10.62,61094,0
OND,D,20231005,000000,10.9,11.32,10.7,11.16,71352,0
OND,D,20231006,000000,11.2,11.2,10.7,11,22988,0
OND,D,20231009,000000,10.98,11.14,10.3,10.5,50238,0
OND,D,20231010,000000,10.5,11.06,10.5,10.94,19782,0
OND,D,20231011,000000,10.88,11.16,10.72,11.1,23395,0
OND,D,20231012,000000,11.16,11.32,10.98,11.24,23727,0
OND,D,20231013,000000,11.3,11.6,11.18,11.6,25151,0
OND,D,20231016,000000,12.2,12.4,11.82,12.38,59822,0
OND,D,20231017,000000,12.44,12.86,12.04,12.42,77091,0
OND,D,20231018,000000,12.3,12.36,12.02,12.02,36094,0
OND,D,20231019,000000,12.02,12.16,11.6,11.7,36067,0
OND,D,20231020,000000,11.8,11.8,11.42,11.7,10411,0
OND,D,20231023,000000,11.7,12,11.5,11.96,4210,0
OND,D,20231024,000000,11.96,12,11.68,11.72,7181,0
OND,D,20231025,000000,11.72,12.06,11.7,11.94,12960,0
OND,D,20231026,000000,11.9,12.06,11.76,11.98,9993,0
OND,D,20231027,000000,11.9,12.06,11.88,12.02,5035,0
OND,D,20231030,000000,12.06,12.06,11.78,12,8976,0
OND,D,20231031,000000,12,12.18,11.8,11.9,18830,0
OND,D,20231102,000000,12.02,12.5,12.02,12.38,33624,0
OND,D,20231103,000000,12.4,12.56,12.24,12.4,11711,0
OND,D,20231106,000000,12.58,12.84,12.4,12.78,33259,0
OND,D,20231107,000000,12.76,12.88,12.6,12.62,28096,0
OND,D,20231108,000000,12.76,12.8,12.58,12.7,10710,0
OND,D,20231109,000000,12.72,13.18,12.66,13.08,26779,0
OND,D,20231110,000000,13.14,13.14,12.96,13.06,16247,0
OND,D,20231113,000000,13.1,13.3,13.1,13.26,37063,0
OND,D,20231114,000000,13.26,13.46,12.62,12.72,61671,0
OND,D,20231115,000000,12.48,12.54,11.4,12.5,134526,0
OND,D,20231116,000000,12.54,12.96,12.36,12.36,21922,0
OND,D,20231117,000000,12.5,12.76,12.16,12.6,7372,0
OND,D,20231120,000000,12.6,12.62,12.32,12.6,14746,0
OND,D,20231121,000000,12.62,12.64,12.36,12.48,9154,0
OND,D,20231122,000000,12.6,12.6,12.4,12.5,5953,0
OND,D,20231123,000000,12.5,12.6,12.4,12.54,4270,0
OND,D,20231124,000000,12.54,12.6,12.4,12.6,7656,0
OND,D,20231127,000000,12.6,13.42,12.44,13.24,58862,0
OND,D,20231128,000000,13.26,13.6,13.02,13.24,40252,0
OND,D,20231129,000000,13.6,13.7,13.24,13.58,76176,0
OND,D,20231130,000000,13.58,13.78,13.42,13.5,64703,0
OND,D,20231201,000000,13.8,14.84,13.7,14.3,200406,0
OND,D,20231204,000000,14.68,15.3,14.34,14.5,161863,0
OND,D,20231205,000000,14.66,14.94,13.82,13.9,154925,0
OND,D,20231206,000000,13.92,14.44,13.52,14.4,50088,0
OND,D,20231207,000000,14.4,14.5,14.02,14.24,16875,0
OND,D,20231208,000000,14.2,14.68,14.2,14.6,30691,0
OND,D,20231211,000000,14.84,14.96,14.6,14.88,47790,0
OND,D,20231212,000000,14.8,15.38,14.66,15.28,75551,0
OND,D,20231213,000000,15.28,15.58,15,15.54,49808,0
OND,D,20231214,000000,15.54,15.9,15.26,15.42,74978,0
OND,D,20231215,000000,15.62,15.9,15.3,15.72,84588,0
OND,D,20231218,000000,15.8,16.3,15.8,16.16,68227,0
OND,D,20231219,000000,16.3,16.98,16.3,16.88,99283,0
OND,D,20231220,000000,17.12,17.4,16.32,16.9,98939,0
OND,D,20231221,000000,16.6,16.86,16.42,16.68,13718,0
OND,D,20231222,000000,16.44,16.68,15.94,16.24,41580,0
OND,D,20231227,000000,16.3,16.3,15.4,15.88,108519,0
OND,D,20231228,000000,16,16.8,16,16.7,34802,0
OND,D,20231229,000000,16.8,17.2,16.52,17.1,58146,0
OND,D,20240102,000000,17.1,17.1,16.22,16.3,73488,0
OND,D,20240103,000000,16.5,16.58,15.52,16.26,51480,0
OND,D,20240104,000000,16.26,16.4,15.84,16,25824,0
OND,D,20240105,000000,15.94,15.98,15.22,15.74,45099,0
OND,D,20240108,000000,15.72,15.98,15.4,15.8,19824,0
OND,D,20240109,000000,15.9,16.26,15.46,15.74,34921,0
OND,D,20240110,000000,15.74,16.2,15.62,15.8,13768,0
OND,D,20240111,000000,16.12,16.3,15.96,16.1,43199,0
OND,D,20240112,000000,16.1,16.44,16.06,16.1,12698,0
OND,D,20240115,000000,16.1,16.3,15.86,15.88,17438,0
OND,D,20240116,000000,15.82,16,15.44,15.7,20501,0
OND,D,20240117,000000,15.78,15.78,15,15.08,36731,0
OND,D,20240118,000000,15.16,15.66,14.54,15.54,39473,0
OND,D,20240119,000000,15.54,15.96,14.62,15.28,30583,0
OND,D,20240122,000000,15.58,15.7,15.1,15.7,13337,0
OND,D,20240123,000000,15.38,15.6,15.18,15.34,8533,0
OND,D,20240124,000000,15.58,15.58,15.08,15.28,13267,0
OND,D,20240125,000000,15.26,15.34,14.8,14.8,24813,0
OND,D,20240126,000000,14.8,15.2,14.7,15.16,11387,0
OND,D,20240129,000000,15.08,15.28,15.08,15.28,11593,0
OND,D,20240130,000000,15.18,15.2,14.92,14.96,14935,0
OND,D,20240131,000000,14.94,14.98,14.52,14.7,31467,0
OND,D,20240201,000000,14.3,14.5,13.96,14.1,75883,0
OND,D,20240202,000000,14.1,14.22,13.72,14,85974,0
OND,D,20240205,000000,14.1,14.66,14.1,14.28,35199,0
OND,D,20240206,000000,14.3,14.3,14.02,14.2,24147,0
OND,D,20240207,000000,14.2,14.5,14.14,14.26,11659,0
OND,D,20240208,000000,14.36,14.44,14.16,14.18,10288,0
OND,D,20240209,000000,14.2,14.34,14.16,14.18,5852,0
OND,D,20240212,000000,13.92,14.04,13.82,13.86,36548,0
OND,D,20240213,000000,13.82,13.82,13.2,13.4,59692,0
OND,D,20240214,000000,13.2,13.46,13.1,13.18,29498,0
OND,D,20240215,000000,13.28,13.68,13.2,13.2,21550,0
OND,D,20240216,000000,13.2,13.5,13.2,13.26,24368,0
OND,D,20240219,000000,13.32,13.36,13.1,13.22,22002,0
OND,D,20240220,000000,13.2,14.2,13.2,14.2,55690,0
OND,D,20240221,000000,14.3,14.92,14.2,14.4,73718,0
OND,D,20240222,000000,14.6,15.1,14.5,15.1,40393,0
OND,D,20240223,000000,15.3,15.68,14.9,15.5,104524,0
OND,D,20240226,000000,16,16.32,15.72,16.1,63773,0
OND,D,20240227,000000,16.2,16.26,15.36,15.88,38586,0
OND,D,20240228,000000,15.96,15.96,14.92,14.94,59913,0
OND,D,20240229,000000,14.94,15.4,14.9,15.4,43105,0
OND,D,20240301,000000,15.58,15.78,15.4,15.64,27193,0
OND,D,20240304,000000,15.76,15.9,15.1,15.24,31142,0
OND,D,20240305,000000,15.22,15.22,14.7,14.9,14982,0
OND,D,20240306,000000,15.2,15.3,14.82,15.3,22055,0
OND,D,20240307,000000,15.36,15.5,15.02,15.4,13194,0
OND,D,20240308,000000,15.44,15.8,15.2,15.44,34473,0
OND,D,20240311,000000,15.4,15.4,14.88,15.1,19906,0
OND,D,20240312,000000,15.1,15.1,14.76,14.8,26374,0
OND,D,20240313,000000,14.7,14.7,14.42,14.56,27573,0
OND,D,20240314,000000,14.56,14.6,14.4,14.6,33072,0
OND,D,20240315,000000,14.6,14.6,14.1,14.3,18435,0
