<TICKER>,<PER>,<DATE>,<TIME>,<OPEN>,<HIGH>,<LOW>,<CLOSE>,<VOL>,<OPENINT>
PAS,D,20180730,000000,14,16.8,13.99,16.5,8463,0
PAS,D,20180731,000000,17.9,17.9,13.1,13.31,1882,0
PAS,D,20180801,000000,14.95,15.3,11.96,15.3,1278,0
PAS,D,20180802,000000,15.49,17.9,13.5,13.6,490,0
PAS,D,20180803,000000,13.5,14,13,13.6,362,0
PAS,D,20180806,000000,13.7,15.9,13,14,1183,0
PAS,D,20180807,000000,12.9,15,12.9,15,143,0
PAS,D,20180808,000000,14.95,15.65,14.95,15.65,88,0
PAS,D,20180809,000000,14.3,16.35,12.6,13.8,1194,0
PAS,D,20180810,000000,14.4,14.4,14.4,14.4,1,0
PAS,D,20180813,000000,14.4,14.5,14.4,14.5,99,0
PAS,D,20180814,000000,14,14,13.5,13.5,450,0
PAS,D,20180816,000000,13,13,11,11.02,394,0
PAS,D,20180817,000000,12.4,12.5,12.4,12.5,209,0
PAS,D,20180820,000000,13,13,13,13,100,0
PAS,D,20180822,000000,12.01,12.01,10.8,10.8,145,0
PAS,D,20180823,000000,10.9,10.9,10.9,10.9,2,0
PAS,D,20180827,000000,11.5,11.8,11.5,11.8,161,0
PAS,D,20180829,000000,12,12,12,12,15,0
PAS,D,20180831,000000,12,12,12,12,83,0
PAS,D,20180903,000000,11.8,11.8,10.8,10.8,281,0
PAS,D,20180904,000000,11.05,11.5,10,11.5,700,0
PAS,D,20180905,000000,11.4,11.4,10,10.5,422,0
PAS,D,20180906,000000,9.8,10.1,9.5,9.5,551,0
PAS,D,20180907,000000,9.4,9.56,9.4,9.56,121,0
PAS,D,20180910,000000,9.56,9.56,8.9,9,180,0
PAS,D,20180911,000000,8.5,8.5,8,8.5,315,0
PAS,D,20180912,000000,8.48,8.48,8.48,8.48,117,0
PAS,D,20180913,000000,8.4,8.4,8.21,8.21,110,0
PAS,D,20180914,000000,8.8,8.8,8.8,8.8,4,0
PAS,D,20180917,000000,8.8,8.8,8.8,8.8,36,0
PAS,D,20180918,000000,8.8,10,8.8,10,125,0
PAS,D,20180919,000000,9.5,9.5,8.8,8.81,330,0
PAS,D,20180921,000000,9.98,9.98,9.98,9.98,5,0
PAS,D,20180924,000000,9.31,9.31,9.31,9.31,175,0
PAS,D,20180927,000000,9.31,9.31,9.31,9.31,188,0
PAS,D,20180928,000000,9.3,9.66,9.3,9.66,99,0
PAS,D,20181016,000000,9.66,9.66,9.66,9.66,102,0
PAS,D,20181018,000000,9.6,9.6,9.6,9.6,30,0
PAS,D,20181023,000000,10,10.32,10,10.32,9,0
PAS,D,20181025,000000,10.4,10.95,10.4,10.95,63,0
PAS,D,20181026,000000,10.2,11,10.2,11,21,0
PAS,D,20181029,000000,10.95,10.95,10.2,10.2,102,0
PAS,D,20181030,000000,10.2,10.2,10,10,15,0
PAS,D,20181031,000000,9.7,10.32,9.7,10.32,14,0
PAS,D,20181105,000000,9.6,9.6,9.6,9.6,40,0
PAS,D,20181108,000000,9.5,9.5,8,9,270,0
PAS,D,20181109,000000,8.5,9,7.2,9,449,0
PAS,D,20181113,000000,9,9.12,9,9.12,30,0
PAS,D,20181114,000000,8.5,8.5,7.3,8.5,391,0
PAS,D,20181115,000000,8.5,8.6,7.01,8,648,0
PAS,D,20181116,000000,8,9.6,6.4,7.01,1716,0
PAS,D,20181119,000000,8,8,7,7,2,0
PAS,D,20181120,000000,8,8,8,8,1,0
PAS,D,20181121,000000,8.6,9.6,8.6,8.92,210,0
PAS,D,20181123,000000,10,10,10,10,1,0
PAS,D,20181126,000000,9.24,9.24,9.24,9.24,1,0
PAS,D,20181204,000000,9.24,10,9,9,166,0
PAS,D,20181205,000000,9.05,9.72,9.05,9.72,10,0
PAS,D,20181207,000000,9.72,11,9,9,40,0
PAS,D,20181211,000000,9.72,9.72,9.72,9.72,106,0
PAS,D,20181212,000000,10.2,12,10,10,104,0
PAS,D,20181213,000000,11.35,11.35,11.35,11.35,5,0
PAS,D,20181217,000000,11.8,12,10,10,25,0
PAS,D,20181218,000000,11,11,11,11,4,0
PAS,D,20181220,000000,11,13,10,13,202,0
PAS,D,20190102,000000,12,12.7,10.4,10.4,181,0
PAS,D,20190103,000000,12.35,12.35,12.35,12.35,118,0
PAS,D,20190104,000000,13,13,13,13,490,0
PAS,D,20190107,000000,13.1,13.1,10.5,10.5,440,0
PAS,D,20190108,000000,10.7,10.7,9.05,9.05,110,0
PAS,D,20190109,000000,10,10,10,10,10,0
PAS,D,20190110,000000,10.75,10.75,10.5,10.75,290,0
PAS,D,20190111,000000,11.25,11.5,10.5,10.5,105,0
PAS,D,20190114,000000,11.5,11.5,9.2,9.2,262,0
PAS,D,20190115,000000,10.7,11,9.25,11,109,0
PAS,D,20190116,000000,11,12,11,12,94,0
PAS,D,20190117,000000,11.11,11.11,11.1,11.1,165,0
PAS,D,20190118,000000,11.25,11.5,11,11.5,427,0
PAS,D,20190121,000000,11,11,11,11,55,0
PAS,D,20190122,000000,11.25,11.25,10.5,10.5,385,0
PAS,D,20190123,000000,10,10.2,10,10.2,250,0
PAS,D,20190124,000000,10.5,10.5,10.5,10.5,100,0
PAS,D,20190125,000000,10.2,10.2,9.25,9.25,164,0
PAS,D,20190128,000000,10.32,10.32,10.32,10.32,1,0
PAS,D,20190129,000000,9.25,9.25,8.5,8.5,471,0
PAS,D,20190130,000000,9.6,11,9.6,11,216,0
PAS,D,20190131,000000,10.45,12,10.2,10.2,135,0
PAS,D,20190201,000000,10,10.4,10,10.4,205,0
PAS,D,20190204,000000,10.1,10.1,10,10,205,0
PAS,D,20190206,000000,9.7,9.88,9.7,9.88,241,0
PAS,D,20190207,000000,10.1,11,10.01,10.01,230,0
PAS,D,20190208,000000,10,10,10,10,105,0
PAS,D,20190215,000000,9.77,11,9.77,11,21,0
PAS,D,20190226,000000,10.4,12,10.4,12,110,0
PAS,D,20190227,000000,11.15,11.15,10,10,161,0
PAS,D,20190301,000000,10.5,12,10.4,12,201,0
PAS,D,20190307,000000,10.75,11,10.01,10.01,105,0
PAS,D,20190308,000000,10.7,10.7,10.01,10.01,96,0
PAS,D,20190311,000000,10,10.75,9.82,9.82,146,0
PAS,D,20190312,000000,10.5,10.5,9.83,9.83,103,0
PAS,D,20190314,000000,10.05,10.5,9.83,9.83,4,0
PAS,D,20190315,000000,10,10,10,10,2,0
PAS,D,20190318,000000,10,10.5,10,10.4,181,0
PAS,D,20190319,000000,9.83,9.83,9.83,9.83,2,0
PAS,D,20190320,000000,10.4,11.15,9.83,9.83,13,0
PAS,D,20190322,000000,10.4,10.4,8.33,8.33,142,0
PAS,D,20190325,000000,9.8,9.98,9.8,9.8,427,0
PAS,D,20190326,000000,8.4,8.4,8.4,8.4,2,0
PAS,D,20190327,000000,9.3,9.66,8.5,8.5,326,0
PAS,D,20190329,000000,9.4,10.32,9.4,10.32,145,0
PAS,D,20190401,000000,10.2,12,10.2,11,126,0
PAS,D,20190402,000000,10.6,12.6,10.6,12.6,27,0
PAS,D,20190403,000000,10.9,13,10.9,13,6,0
PAS,D,20190404,000000,12,14.4,12,14.4,26,0
PAS,D,20190408,000000,12.9,12.9,11.5,11.5,15,0
PAS,D,20190409,000000,11.5,11.5,11.5,11.5,5,0
PAS,D,20190410,000000,11.5,11.5,11.5,11.5,5,0
PAS,D,20190411,000000,11.5,11.5,11.5,11.5,5,0
PAS,D,20190412,000000,11.5,11.5,11.5,11.5,7,0
PAS,D,20190415,000000,11.5,11.5,11.5,11.5,5,0
PAS,D,20190416,000000,11.5,11.5,11.5,11.5,15,0
PAS,D,20190417,000000,11.5,11.5,11.5,11.5,10,0
PAS,D,20190418,000000,11.4,11.4,10.1,10.1,165,0
PAS,D,20190423,000000,10.9,10.9,10.9,10.9,18,0
PAS,D,20190424,000000,11.5,11.5,11.5,11.5,1,0
PAS,D,20190425,000000,11.5,11.5,11.5,11.5,1,0
PAS,D,20190426,000000,10.8,10.8,10.1,10.1,200,0
PAS,D,20190429,000000,10.1,10.1,10.1,10.1,1,0
PAS,D,20190507,000000,10.3,10.3,10.3,10.3,1,0
PAS,D,20190508,000000,10.3,10.3,10.3,10.3,2,0
PAS,D,20190509,000000,10.3,10.3,10.3,10.3,1,0
PAS,D,20190510,000000,10.3,10.9,10.3,10.9,107,0
PAS,D,20190513,000000,11.4,11.4,11.4,11.4,1,0
PAS,D,20190514,000000,11.4,11.4,11.4,11.4,2,0
PAS,D,20190515,000000,11.4,11.4,11.4,11.4,2,0
PAS,D,20190516,000000,11.4,11.4,11.4,11.4,2,0
PAS,D,20190517,000000,11.4,11.4,10.1,10.8,181,0
PAS,D,20190605,000000,10.7,10.7,10.1,10.1,13,0
PAS,D,20190610,000000,10.1,10.1,8.1,9.65,3070,0
PAS,D,20190702,000000,9.1,9.45,8.8,9.45,140,0
PAS,D,20190712,000000,9.2,9.35,9.2,9.35,130,0
PAS,D,20190716,000000,9.4,9.4,9.4,9.4,2,0
PAS,D,20190717,000000,9.4,9.4,9.4,9.4,2,0
PAS,D,20190718,000000,9.4,9.4,9.4,9.4,2,0
PAS,D,20190719,000000,9.4,9.4,9.4,9.4,2,0
PAS,D,20190722,000000,9.4,9.4,9.4,9.4,2,0
PAS,D,20190723,000000,9.4,9.4,9.4,9.4,3,0
PAS,D,20190724,000000,9.4,9.4,9.4,9.4,3,0
PAS,D,20190726,000000,9.4,9.4,9.4,9.4,2,0
PAS,D,20190729,000000,9.4,9.4,9.4,9.4,2,0
PAS,D,20190730,000000,9.4,9.4,9.4,9.4,2,0
PAS,D,20190731,000000,9.4,9.4,9,9,32,0
PAS,D,20190805,000000,9.1,9.2,9.1,9.2,215,0
PAS,D,20190806,000000,9.4,10,9.4,10,138,0
PAS,D,20190807,000000,10,11.4,10,11.4,170,0
PAS,D,20190808,000000,12,13.5,12,13.5,40,0
PAS,D,20190809,000000,13.5,14.9,13.5,14.9,20,0
PAS,D,20190812,000000,13.5,16.1,12,16.1,332,0
PAS,D,20190813,000000,16.1,18,12.9,18,297,0
PAS,D,20190814,000000,15,17.9,13,13,52,0
PAS,D,20190816,000000,15.6,17.9,13,17.9,59,0
PAS,D,20190819,000000,17.9,19.9,14.5,19.9,59,0
PAS,D,20190820,000000,19.8,19.8,19.8,19.8,1,0
PAS,D,20190821,000000,22.4,22.4,18,22,106,0
PAS,D,20190822,000000,22.2,22.2,17.9,22,13,0
PAS,D,20190823,000000,17.6,21.8,17.6,21.8,3,0
PAS,D,20190826,000000,26,31,26,31,26,0
PAS,D,20190830,000000,27.8,27.8,25,25,3,0
PAS,D,20190902,000000,25,25,16,19.4,173,0
PAS,D,20190903,000000,19.1,19.1,16,16.4,85,0
PAS,D,20190905,000000,15.4,16.3,14,16.3,61,0
PAS,D,20190906,000000,14.9,14.9,14.9,14.9,75,0
PAS,D,20190912,000000,14,14,14,14,5,0
PAS,D,20190913,000000,13.7,14,10,10,385,0
PAS,D,20190916,000000,10,10,10,10,8,0
PAS,D,20190917,000000,9.35,9.35,9.3,9.35,241,0
PAS,D,20190919,000000,10,10,10,10,2,0
PAS,D,20190927,000000,10,10,10,10,20,0
PAS,D,20191009,000000,10,12.4,10,12.4,336,0
PAS,D,20191010,000000,12.4,12.4,12.4,12.4,15,0
PAS,D,20191011,000000,12.4,12.6,12,12,104,0
PAS,D,20191014,000000,12,12,12,12,5,0
PAS,D,20191015,000000,12,12,12,12,5,0
PAS,D,20191016,000000,12,12,12,12,5,0
PAS,D,20191017,000000,12,12,12,12,15,0
PAS,D,20191018,000000,12,14,12,14,16,0
PAS,D,20191022,000000,12,12,12,12,15,0
PAS,D,20191023,000000,12.9,12.9,12.9,12.9,5,0
PAS,D,20191024,000000,12.9,12.9,12.9,12.9,1,0
PAS,D,20191025,000000,12,12,12,12,30,0
PAS,D,20191028,000000,12.3,12.3,12.3,12.3,85,0
PAS,D,20191029,000000,13,13,12.9,12.9,10,0
PAS,D,20191030,000000,12.9,14.7,11,11,275,0
PAS,D,20191031,000000,11.5,12.3,11.5,12.3,55,0
PAS,D,20191104,000000,12,12,12,12,45,0
PAS,D,20191107,000000,11.8,11.8,11.8,11.8,60,0
PAS,D,20191112,000000,12,15.4,12,15.4,106,0
PAS,D,20191113,000000,14,14,14,14,8,0
PAS,D,20191115,000000,13.5,13.5,12,12,94,0
PAS,D,20191121,000000,12,12,11.1,11.1,282,0
PAS,D,20191127,000000,11.2,11.2,11,11,280,0
PAS,D,20191129,000000,11,12,11,12,192,0
PAS,D,20191202,000000,11,13.2,11,13.2,2977,0
PAS,D,20191203,000000,13.5,14,13.4,14,3530,0
PAS,D,20191204,000000,14.8,14.8,14.8,14.8,2,0
PAS,D,20191205,000000,14.8,14.8,14.8,14.8,2,0
PAS,D,20191209,000000,14.7,14.7,14.7,14.7,2,0
PAS,D,20191210,000000,14.7,14.7,14.7,14.7,2,0
PAS,D,20191211,000000,14.7,14.7,14.7,14.7,2,0
PAS,D,20191212,000000,14.7,14.8,14.7,14.8,21,0
PAS,D,20191216,000000,14.6,14.6,14,14,47,0
PAS,D,20191223,000000,13.5,13.5,13.4,13.4,48,0
PAS,D,20200102,000000,14,14.6,14,14.6,85,0
PAS,D,20200110,000000,15.2,18.2,14.6,18,559,0
PAS,D,20200113,000000,18,18,17.8,17.8,46,0
PAS,D,20200114,000000,17,17.8,17,17.8,9,0
PAS,D,20200115,000000,17.9,21,14.4,19.5,504,0
PAS,D,20200116,000000,16.7,16.7,16.7,16.7,5,0
PAS,D,20200117,000000,17.5,19,17.5,19,20,0
PAS,D,20200120,000000,17.5,17.5,17.5,17.5,60,0
PAS,D,20200121,000000,16.2,16.2,16.2,16.2,65,0
PAS,D,20200123,000000,15.2,15.2,12.2,12.2,109,0
PAS,D,20200124,000000,14,15.4,14,14.4,198,0
PAS,D,20200128,000000,14,14,14,14,4,0
PAS,D,20200129,000000,14,14.5,14,14.5,71,0
PAS,D,20200203,000000,14.4,14.4,12,13.5,88,0
PAS,D,20200206,000000,13.5,13.5,13.5,13.5,150,0
PAS,D,20200207,000000,13.5,13.5,13.5,13.5,250,0
PAS,D,20200210,000000,13,13,13,13,80,0
PAS,D,20200211,000000,12.1,12.1,12.1,12.1,85,0
PAS,D,20200212,000000,12.3,12.3,12.3,12.3,85,0
PAS,D,20200213,000000,12.9,12.9,12,12,104,0
PAS,D,20200217,000000,12,14,12,14,172,0
PAS,D,20200221,000000,13.5,13.5,13.5,13.5,5,0
PAS,D,20200309,000000,11,11,8.8,9.05,50,0
PAS,D,20200310,000000,10.2,10.2,10.2,10.2,100,0
PAS,D,20200312,000000,9.1,9.1,8.5,8.5,1005,0
PAS,D,20200320,000000,10,10,10,10,55,0
PAS,D,20200323,000000,10,10.1,10,10.1,135,0
PAS,D,20200324,000000,10.1,11,10,11,445,0
PAS,D,20200325,000000,10,10.2,10,10,310,0
PAS,D,20200330,000000,9.4,9.55,9.2,9.2,370,0
PAS,D,20200331,000000,9.3,9.3,9.3,9.3,110,0
PAS,D,20200401,000000,9.1,9.5,9.1,9.1,482,0
PAS,D,20200402,000000,9.55,9.55,8,8,295,0
PAS,D,20200403,000000,8.9,9,8.9,9,120,0
PAS,D,20200407,000000,9.5,10,9.5,10,235,0
PAS,D,20200408,000000,10.2,10.2,10.2,10.2,10,0
PAS,D,20200409,000000,10.9,13,10.9,13,400,0
PAS,D,20200415,000000,12,12,12,12,170,0
PAS,D,20200422,000000,11.4,11.4,11.4,11.4,180,0
PAS,D,20200427,000000,11.4,12.5,11.4,12.1,320,0
PAS,D,20200430,000000,11.8,11.8,11.8,11.8,5,0
PAS,D,20200505,000000,11.8,11.8,11.8,11.8,195,0
PAS,D,20200514,000000,11.3,11.3,11.3,11.3,180,0
PAS,D,20200515,000000,11.3,11.7,11,11.7,435,0
PAS,D,20200518,000000,11.6,11.6,11.6,11.6,123,0
PAS,D,20200520,000000,11.6,11.6,11.6,11.6,70,0
PAS,D,20200522,000000,11.7,11.7,11.7,11.7,30,0
PAS,D,20200528,000000,11.2,11.2,11.2,11.2,85,0
PAS,D,20200603,000000,11.5,11.8,11.5,11.8,375,0
PAS,D,20200609,000000,11.8,11.9,11.8,11.9,225,0
PAS,D,20200615,000000,12.3,12.3,12.3,12.3,165,0
PAS,D,20200617,000000,13.1,13.1,13,13,475,0
PAS,D,20200618,000000,13,13,13,13,175,0
PAS,D,20200624,000000,13.4,13.4,13.4,13.4,40,0
PAS,D,20200708,000000,14,16,14,16,315,0
PAS,D,20200709,000000,17,20.2,17,19.4,147,0
PAS,D,20200710,000000,18.9,18.9,15.6,16,221,0
PAS,D,20200713,000000,17.1,17.1,16,16,370,0
PAS,D,20200714,000000,16.6,16.8,14.6,14.6,812,0
PAS,D,20200716,000000,15,15,14.6,14.6,245,0
PAS,D,20200717,000000,14.8,14.8,14.4,14.5,440,0
PAS,D,20200721,000000,14,14.2,14,14.2,273,0
PAS,D,20200722,000000,14.2,14.2,14.2,14.2,100,0
PAS,D,20200723,000000,14,14,14,14,97,0
PAS,D,20200724,000000,13.8,14,13.8,13.8,550,0
PAS,D,20200728,000000,14,15.5,14,15.2,3628,0
PAS,D,20200729,000000,15.5,18.6,14.3,18.4,12078,0
PAS,D,20200730,000000,18.4,18.4,15.1,17.9,3251,0
PAS,D,20200731,000000,18,18.9,17.5,18.9,352,0
PAS,D,20200803,000000,18.9,19,18,19,549,0
PAS,D,20200805,000000,18.3,18.3,18.3,18.3,10,0
PAS,D,20200806,000000,17.6,18.2,16,18.2,1412,0
PAS,D,20200807,000000,17,21.8,16,21.8,2303,0
PAS,D,20200810,000000,21.4,25,21.4,25,802,0
PAS,D,20200811,000000,25,25,25,25,32,0
PAS,D,20200813,000000,24,24,24,24,5,0
PAS,D,20200814,000000,23.8,25,23.8,24.6,141,0
PAS,D,20200817,000000,24,24,19.2,19.2,946,0
PAS,D,20200818,000000,20.4,20.4,19.2,20.4,267,0
PAS,D,20200819,000000,22.4,24,18,21.2,1190,0
PAS,D,20200820,000000,19.7,20.2,19.7,20.2,38,0
PAS,D,20200821,000000,20,20,16.5,17,1888,0
PAS,D,20200824,000000,21.2,21.2,17,20.4,638,0
PAS,D,20200825,000000,21.6,21.6,19.9,19.9,18,0
PAS,D,20200826,000000,21.4,21.4,20,20.8,47,0
PAS,D,20200827,000000,21,21.4,17.4,21.4,505,0
PAS,D,20200828,000000,21.4,21.4,20.2,21.2,59,0
PAS,D,20200831,000000,20,21.2,18.6,20.8,1138,0
PAS,D,20200901,000000,21,21,21,21,1,0
PAS,D,20200902,000000,20.6,20.6,17.4,20,349,0
PAS,D,20200903,000000,20.2,20.2,20.2,20.2,7,0
PAS,D,20200904,000000,19,19,16.4,19,296,0
PAS,D,20200907,000000,17,18,15.2,17.1,1405,0
PAS,D,20200908,000000,17,17,13.6,15.4,1463,0
PAS,D,20200909,000000,14.9,16,14.1,15.5,930,0
PAS,D,20200910,000000,15,15.9,15,15.6,405,0
PAS,D,20200911,000000,15,17,15,17,4920,0
PAS,D,20200914,000000,16.9,17.6,15.4,16.5,404,0
PAS,D,20200915,000000,17.6,17.6,14.6,15.9,4882,0
PAS,D,20200916,000000,15.4,15.6,14,15,1630,0
PAS,D,20200918,000000,14.4,16,14.4,15.8,765,0
PAS,D,20200921,000000,14.7,17,14.6,17,1105,0
PAS,D,20200922,000000,15.9,15.9,15,15.3,190,0
PAS,D,20200923,000000,15.3,15.3,15.3,15.3,20,0
PAS,D,20200924,000000,14.9,14.9,14.9,14.9,20,0
PAS,D,20200928,000000,15,15.8,14.6,15,1387,0
PAS,D,20200929,000000,14.7,14.7,14.7,14.7,15,0
PAS,D,20200930,000000,14.7,14.7,14.6,14.6,284,0
PAS,D,20201001,000000,14.2,14.2,14,14,445,0
PAS,D,20201002,000000,13.6,13.6,13,13,10,0
PAS,D,20201005,000000,14.3,16.9,14.3,15.4,695,0
PAS,D,20201006,000000,16.2,16.2,15.4,15.4,118,0
PAS,D,20201008,000000,15,15,13.5,14,1302,0
PAS,D,20201009,000000,15,15,14.9,14.9,202,0
PAS,D,20201014,000000,14.2,14.2,13.1,13.2,170,0
PAS,D,20201015,000000,13.6,16.8,13.1,14.9,2079,0
PAS,D,20201016,000000,16.5,19.8,15.8,18,9210,0
PAS,D,20201019,000000,18,18,17.9,17.9,115,0
PAS,D,20201020,000000,17,17.2,15.6,17.2,2101,0
PAS,D,20201022,000000,17.2,17.2,17.2,17.2,10,0
PAS,D,20201023,000000,16.5,16.5,15.6,16.5,118,0
PAS,D,20201026,000000,16.5,17,16.5,17,89,0
PAS,D,20201027,000000,17,18.8,15.1,15.1,774,0
PAS,D,20201028,000000,17.9,17.9,17.4,17.9,15,0
PAS,D,20201029,000000,17.6,17.6,17.6,17.6,55,0
PAS,D,20201030,000000,17,17,17,17,15,0
PAS,D,20201102,000000,17,17,17,17,5,0
PAS,D,20201103,000000,16.6,16.6,16,16.6,56,0
PAS,D,20201104,000000,16.3,17,16.3,17,155,0
PAS,D,20201105,000000,17,17,17,17,85,0
PAS,D,20201106,000000,17.1,19.8,17.1,19.2,493,0
PAS,D,20201109,000000,19,21.8,19,21,2603,0
PAS,D,20201110,000000,21.8,21.8,21,21.8,159,0
PAS,D,20201112,000000,21.4,24.2,21.4,22,1494,0
PAS,D,20201113,000000,22,23.6,17.6,21.8,1201,0
PAS,D,20201116,000000,21.8,22.2,21.8,22.2,1092,0
PAS,D,20201117,000000,21.8,21.8,20.2,21.4,192,0
PAS,D,20201118,000000,21.4,21.4,21.4,21.4,3,0
PAS,D,20201119,000000,20,22.8,18.2,22,1090,0
PAS,D,20201120,000000,22,25,22,24.2,6025,0
PAS,D,20201123,000000,25,25,24.2,25,638,0
PAS,D,20201124,000000,24.6,26,24.6,26,877,0
PAS,D,20201125,000000,25,25,25,25,15,0
PAS,D,20201126,000000,24.2,24.2,23.4,24,656,0
PAS,D,20201127,000000,23.6,23.6,23.4,23.4,98,0
PAS,D,20201130,000000,23.4,24,23.4,24,23,0
PAS,D,20201201,000000,24,26,20,25.8,176,0
PAS,D,20201202,000000,25.8,25.8,25.8,25.8,192,0
PAS,D,20201203,000000,25.8,25.8,25.8,25.8,247,0
PAS,D,20201204,000000,25.8,25.8,25.8,25.8,322,0
PAS,D,20201207,000000,25.8,36.6,25.8,33.8,4260,0
PAS,D,20201208,000000,33.8,33.8,32.6,32.6,222,0
PAS,D,20201209,000000,32.6,32.6,31.2,32.6,205,0
PAS,D,20201210,000000,32.6,33.8,31.8,32.8,1366,0
PAS,D,20201211,000000,32.8,32.8,26.6,29.4,776,0
PAS,D,20201214,000000,28.6,30,28.6,29,604,0
PAS,D,20201215,000000,28.6,28.6,28,28,115,0
PAS,D,20201216,000000,28.6,28.6,26,28,192,0
PAS,D,20201217,000000,27.2,28,24.6,27.2,474,0
PAS,D,20201218,000000,26.6,31,26,31,1450,0
PAS,D,20201221,000000,28.8,31,28.8,30.8,273,0
PAS,D,20201222,000000,29.4,30,29,29,310,0
PAS,D,20201223,000000,28.8,31.4,28,31.4,909,0
PAS,D,20201228,000000,29,31,28.6,30.6,447,0
PAS,D,20201229,000000,31.8,31.8,29.8,31.4,548,0
PAS,D,20201230,000000,31.6,31.6,26.6,30.8,956,0
PAS,D,20210104,000000,32.8,39,31,37.2,2206,0
PAS,D,20210105,000000,37.2,37.2,32.6,35,818,0
PAS,D,20210107,000000,36.6,36.6,34,35.6,432,0
PAS,D,20210108,000000,36.6,37,35.4,37,820,0
PAS,D,20210111,000000,36.8,36.8,35.2,36.6,150,0
PAS,D,20210112,000000,36.6,37.2,35.4,37.2,217,0
PAS,D,20210113,000000,35.6,36,35,36,256,0
PAS,D,20210114,000000,36.4,37.2,31.4,37.2,169,0
PAS,D,20210115,000000,34.6,37,32.2,34.6,642,0
PAS,D,20210118,000000,35,35.4,32.2,34,313,0
PAS,D,20210119,000000,34,34,28.4,32.6,1331,0
PAS,D,20210120,000000,32.6,34.8,32.6,34,195,0
PAS,D,20210121,000000,32.8,32.8,31,32,432,0
PAS,D,20210122,000000,33.8,39.6,33.8,39,2777,0
PAS,D,20210125,000000,38,50.5,37.4,50.5,3350,0
PAS,D,20210126,000000,50,73.5,50,58.5,2904,0
PAS,D,20210127,000000,58.5,67.5,49,49.6,2404,0
PAS,D,20210128,000000,57.5,64,47.2,61.5,1569,0
PAS,D,20210129,000000,61.5,67,54,61.5,1439,0
PAS,D,20210201,000000,60,62,56,62,310,0
PAS,D,20210202,000000,60,60,53.5,59,911,0
PAS,D,20210203,000000,55,57,54,56,334,0
PAS,D,20210204,000000,55.5,58,54.5,57.5,97,0
PAS,D,20210205,000000,57.5,58,53,57.5,344,0
PAS,D,20210208,000000,54.5,57.5,53,53,1024,0
PAS,D,20210209,000000,53,62,53,58,2218,0
PAS,D,20210210,000000,57,61,55,56.5,1035,0
PAS,D,20210211,000000,58,61,56.5,57,1796,0
PAS,D,20210212,000000,60.5,60.5,52.5,56.5,1920,0
PAS,D,20210215,000000,56.5,60,55.5,59.5,2830,0
PAS,D,20210216,000000,60,62,56.5,59,1245,0
PAS,D,20210217,000000,59,59,54,55.5,923,0
PAS,D,20210218,000000,56,56,54,54,680,0
PAS,D,20210219,000000,56.5,56.5,54,55,204,0
PAS,D,20210222,000000,57,57,53.5,53.5,375,0
PAS,D,20210223,000000,55.5,55.5,53,54.5,306,0
PAS,D,20210224,000000,55,56,54.5,54.5,398,0
PAS,D,20210225,000000,53.5,56,53,54.5,270,0
PAS,D,20210226,000000,54,56,53,56,291,0
PAS,D,20210301,000000,57.5,57.5,53,54,208,0
PAS,D,20210302,000000,55,56,54,56,232,0
PAS,D,20210303,000000,54,55,53,53,631,0
PAS,D,20210304,000000,54.5,55,53,54.5,158,0
PAS,D,20210305,000000,54.5,55.5,54.5,55.5,79,0
PAS,D,20210308,000000,55.5,57.5,53.5,57.5,245,0
PAS,D,20210309,000000,57,58.5,56,57.5,405,0
PAS,D,20210310,000000,57.5,58.5,54.5,54.5,97,0
PAS,D,20210311,000000,55.5,58,55.5,57.5,322,0
PAS,D,20210312,000000,57.5,57.5,56,57.5,361,0
PAS,D,20210315,000000,58,58,53,54,1192,0
PAS,D,20210316,000000,56.5,60,52,60,1767,0
PAS,D,20210317,000000,61,67,59,65.5,1740,0
PAS,D,20210318,000000,66,69,65.5,69,949,0
PAS,D,20210319,000000,57,65,53,59,3225,0
PAS,D,20210322,000000,60,60.5,52,57,2515,0
PAS,D,20210323,000000,55,58.5,54,58.5,777,0
PAS,D,20210324,000000,56.5,58.5,56.5,58.5,200,0
PAS,D,20210325,000000,54,56.5,54,54,297,0
PAS,D,20210326,000000,55,57,53.5,57,289,0
PAS,D,20210329,000000,57,57,55,55,21,0
PAS,D,20210330,000000,56,56,55,55,284,0
PAS,D,20210331,000000,56.5,57.5,56.5,57.5,238,0
PAS,D,20210401,000000,57,58.5,57,58.5,391,0
PAS,D,20210406,000000,60,60,56,57.5,439,0
PAS,D,20210407,000000,56.5,57.5,54.5,57.5,528,0
PAS,D,20210408,000000,55,56,53.5,56,631,0
PAS,D,20210409,000000,56,56,56,56,120,0
PAS,D,20210412,000000,57.5,69,57.5,61,1700,0
PAS,D,20210413,000000,61,66.5,61,63,439,0
PAS,D,20210414,000000,62,62,62,62,69,0
PAS,D,20210415,000000,62,66.5,62,65,278,0
PAS,D,20210416,000000,64,69,63,69,1453,0
PAS,D,20210419,000000,67,68.5,62,65,1041,0
PAS,D,20210420,000000,65,65,62.5,62.5,27,0
PAS,D,20210421,000000,62.5,62.5,62,62.5,263,0
PAS,D,20210422,000000,60.5,60.5,51,60,3627,0
PAS,D,20210423,000000,60.5,63,60,60,514,0
PAS,D,20210426,000000,61,62.5,60,60,113,0
PAS,D,20210427,000000,60.5,63.5,60,63.5,71,0
PAS,D,20210428,000000,60.5,60.5,59,60,545,0
PAS,D,20210429,000000,59,60,57,59,393,0
PAS,D,20210430,000000,60,60,60,60,31,0
PAS,D,20210504,000000,60,60,59,60,461,0
PAS,D,20210505,000000,60,60,60,60,1,0
PAS,D,20210506,000000,60,61,56.5,60,830,0
PAS,D,20210507,000000,59.5,59.5,59.5,59.5,10,0
PAS,D,20210510,000000,59.5,59.5,58,58,603,0
PAS,D,20210511,000000,57,57.5,53.5,56,1647,0
PAS,D,20210512,000000,58.5,60,58.5,58.5,283,0
PAS,D,20210513,000000,61.5,66,57,59.5,5261,0
PAS,D,20210514,000000,59.5,63,59.5,63,2295,0
PAS,D,20210517,000000,61.5,62.5,59.5,60,245,0
PAS,D,20210518,000000,58,61,56,61,1852,0
PAS,D,20210519,000000,57,60,57,60,880,0
PAS,D,20210521,000000,58,60.5,57,59,194,0
PAS,D,20210524,000000,57,60,55,57.5,684,0
PAS,D,20210525,000000,56,58,56,58,333,0
PAS,D,20210526,000000,57,57,56,56,115,0
PAS,D,20210527,000000,56,57,53,57,2677,0
PAS,D,20210528,000000,56.5,60,56.5,59,272,0
PAS,D,20210531,000000,56,57,56,57,577,0
PAS,D,20210602,000000,57,57,54,55.5,120,0
PAS,D,20210604,000000,55.5,56,47.2,51,8560,0
PAS,D,20210607,000000,50,53,48.8,53,2228,0
PAS,D,20210608,000000,52,52.5,50,52.5,601,0
PAS,D,20210609,000000,49,50,48,49,1294,0
PAS,D,20210610,000000,48.6,49.8,48,49.8,381,0
PAS,D,20210611,000000,48.2,49.2,48,49.2,1250,0
PAS,D,20210614,000000,49.2,50.5,49,50.5,189,0
PAS,D,20210615,000000,50.5,52,50,52,715,0
PAS,D,20210616,000000,50,50,49,50,2245,0
PAS,D,20210617,000000,49.8,50,49,50,1290,0
PAS,D,20210618,000000,48.8,50,48.8,50,352,0
PAS,D,20210621,000000,49,50,48.6,50,226,0
PAS,D,20210622,000000,50,50,49.8,49.8,187,0
PAS,D,20210623,000000,49,49.4,48.6,49.4,101,0
PAS,D,20210624,000000,48,49.6,47.6,49.6,650,0
PAS,D,20210625,000000,49.6,50,49.6,50,946,0
PAS,D,20210628,000000,50,55.5,50,55.5,5836,0
PAS,D,20210629,000000,55.5,55.5,52,55.5,564,0
PAS,D,20210630,000000,54,54,52,54,181,0
PAS,D,20210701,000000,54,54,54,54,36,0
PAS,D,20210702,000000,54,56,53,56,654,0
PAS,D,20210705,000000,56.5,59,53,59,584,0
PAS,D,20210706,000000,59,60,57,60,618,0
PAS,D,20210707,000000,62,62,58,59.5,201,0
PAS,D,20210708,000000,58,59.5,58,59.5,21,0
PAS,D,20210709,000000,57,59.5,56.5,59.5,105,0
PAS,D,20210713,000000,59,59.5,56.5,59.5,249,0
PAS,D,20210714,000000,58,58,53,58,619,0
PAS,D,20210715,000000,55,55,50.5,54.5,621,0
PAS,D,20210716,000000,55,55,55,55,148,0
PAS,D,20210719,000000,55,55,50,52,434,0
PAS,D,20210720,000000,52.5,52.5,51,52.5,181,0
PAS,D,20210721,000000,52,52,51,52,253,0
PAS,D,20210722,000000,52,52,50,52,1790,0
PAS,D,20210723,000000,51,54.5,50,53,614,0
PAS,D,20210726,000000,52.5,52.5,52,52,214,0
PAS,D,20210727,000000,52,52,50,50,79,0
PAS,D,20210728,000000,51,53,51,52.5,142,0
PAS,D,20210729,000000,53,54,49.2,54,296,0
PAS,D,20210730,000000,52,52.5,49.6,51,2436,0
PAS,D,20210802,000000,54,54,52,54,33,0
PAS,D,20210803,000000,53,60,50.5,59,1832,0
PAS,D,20210804,000000,57.5,57.5,53,55.5,399,0
PAS,D,20210805,000000,57.5,59,56,58.5,696,0
PAS,D,20210806,000000,58,58,57,58,98,0
PAS,D,20210809,000000,57,58.5,56.5,58,362,0
PAS,D,20210810,000000,57,58,57,57,602,0
PAS,D,20210811,000000,56.5,57,53,56.5,384,0
PAS,D,20210812,000000,54.5,55.5,52.5,53,941,0
PAS,D,20210813,000000,57,57,53,56,1039,0
PAS,D,20210816,000000,56.5,56.5,51,54,1526,0
PAS,D,20210818,000000,53,54,52,54,135,0
PAS,D,20210819,000000,52,52,52,52,89,0
PAS,D,20210820,000000,52,53.5,51,52,165,0
PAS,D,20210823,000000,53,53.5,52,53.5,106,0
PAS,D,20210824,000000,51.5,53.5,51,52.5,122,0
PAS,D,20210825,000000,53.5,53.5,53.5,53.5,1,0
PAS,D,20210826,000000,53.5,53.5,53.5,53.5,1,0
PAS,D,20210827,000000,53.5,53.5,53.5,53.5,1,0
PAS,D,20210830,000000,53.5,53.5,53.5,53.5,1,0
PAS,D,20210831,000000,52,52,52,52,117,0
PAS,D,20210901,000000,52,54.5,51.5,53.5,476,0
PAS,D,20210902,000000,52.5,54,52.5,52.5,338,0
PAS,D,20210903,000000,54,55,54,55,49,0
PAS,D,20210907,000000,54,54,54,54,160,0
PAS,D,20210908,000000,54.5,55,53.5,53.5,115,0
PAS,D,20210909,000000,55,56,55,56,122,0
PAS,D,20210910,000000,54,54,54,54,192,0
PAS,D,20210913,000000,53.5,53.5,52.5,53.5,575,0
PAS,D,20210915,000000,52,53.5,52,53.5,103,0
PAS,D,20210916,000000,53.5,54.5,52,54.5,497,0
PAS,D,20210917,000000,53,53.5,52,53.5,192,0
PAS,D,20210920,000000,52.5,53,48,50.5,1424,0
PAS,D,20210921,000000,50.5,52,50,52,488,0
PAS,D,20210922,000000,52.5,53.5,52.5,53,250,0
PAS,D,20210923,000000,53.5,55,53.5,55,132,0
PAS,D,20210924,000000,53,54,51,54,190,0
PAS,D,20210928,000000,53.5,55,52,55,532,0
PAS,D,20210929,000000,52.5,53,51.5,51.5,326,0
PAS,D,20210930,000000,52.5,52.5,52.5,52.5,40,0
PAS,D,20211001,000000,51.5,51.5,51.5,51.5,20,0
PAS,D,20211004,000000,51.5,51.5,51,51,310,0
PAS,D,20211005,000000,51,51,51,51,20,0
PAS,D,20211006,000000,50.5,50.5,50,50,306,0
PAS,D,20211007,000000,50,50,43.2,45.8,3900,0
PAS,D,20211008,000000,47,50,46,49.4,1080,0
PAS,D,20211011,000000,49.4,49.8,47.2,49,256,0
PAS,D,20211012,000000,47.2,48.6,47,48.6,75,0
PAS,D,20211013,000000,48.6,50,47,48.8,1067,0
PAS,D,20211014,000000,47,48.4,46.2,48.4,383,0
PAS,D,20211015,000000,48.2,48.2,46.2,48,180,0
PAS,D,20211018,000000,46.2,48.4,45,48.2,188,0
PAS,D,20211019,000000,48.4,50,47,50,307,0
PAS,D,20211020,000000,49.8,51.5,49.8,51.5,138,0
PAS,D,20211021,000000,51.5,51.5,47,50.5,117,0
PAS,D,20211026,000000,50,50,49,49,170,0
PAS,D,20211028,000000,47.8,47.8,47.8,47.8,50,0
PAS,D,20211029,000000,49,50,49,50,62,0
PAS,D,20211104,000000,48,48.4,45,47.8,426,0
PAS,D,20211105,000000,47.8,47.8,47.8,47.8,1,0
PAS,D,20211108,000000,47,47.8,47,47.8,301,0
PAS,D,20211109,000000,46.6,48,46.6,48,177,0
PAS,D,20211110,000000,47,47,47,47,53,0
PAS,D,20211112,000000,51,53,49.2,51.5,976,0
PAS,D,20211115,000000,52,52,50.5,52,511,0
PAS,D,20211116,000000,50.5,51,50.5,50.5,82,0
PAS,D,20211117,000000,50,50,47.6,49.8,138,0
PAS,D,20211118,000000,47.4,49,45,49,442,0
PAS,D,20211119,000000,47,49,47,49,156,0
PAS,D,20211122,000000,48.2,49.4,48,49.4,25,0
PAS,D,20211123,000000,49,51,49,51,136,0
PAS,D,20211124,000000,48,48.8,47.6,48.6,209,0
PAS,D,20211125,000000,48.4,48.4,48.4,48.4,2,0
PAS,D,20211126,000000,45.2,47.8,44,47.8,673,0
PAS,D,20211129,000000,46,46.4,44.8,46.4,211,0
PAS,D,20211130,000000,46.4,48.4,46.4,48,407,0
PAS,D,20211201,000000,48,48,48,48,131,0
PAS,D,20211202,000000,48.2,48.2,48.2,48.2,13,0
PAS,D,20211203,000000,48.4,48.6,46.6,47.8,193,0
PAS,D,20211206,000000,47.8,51,45,47,891,0
PAS,D,20211207,000000,46.2,51.5,46.2,49.2,832,0
PAS,D,20211208,000000,51.5,53.5,49.8,51.5,2134,0
PAS,D,20211209,000000,51.5,56,49,53.5,853,0
PAS,D,20211210,000000,53.5,53.5,50,51,67,0
PAS,D,20211213,000000,53,53,51,52,203,0
PAS,D,20211214,000000,51.5,51.5,51,51,329,0
PAS,D,20211215,000000,50,50,49.8,49.8,110,0
PAS,D,20211216,000000,49.6,55.5,49.6,50,689,0
PAS,D,20211217,000000,50,50,50,50,200,0
PAS,D,20211220,000000,49.2,51.5,49.2,49.8,257,0
PAS,D,20211221,000000,50,50,49.6,49.6,66,0
PAS,D,20211222,000000,51.5,52,50,51,103,0
PAS,D,20211223,000000,52.5,53.5,49.6,52,553,0
PAS,D,20211227,000000,52,54,51.5,53,668,0
PAS,D,20211228,000000,52,54.5,50,54.5,4689,0
PAS,D,20211229,000000,52,52.5,50.5,52.5,945,0
PAS,D,20211230,000000,51,52.5,50,52.5,4682,0
PAS,D,20220103,000000,52.5,56,52.5,56,643,0
PAS,D,20220104,000000,54.5,54.5,51.5,54.5,238,0
PAS,D,20220107,000000,53,53,53,53,115,0
PAS,D,20220110,000000,52.5,52.5,50.5,52.5,214,0
PAS,D,20220111,000000,52.5,53,52,53,434,0
PAS,D,20220112,000000,53.5,55,53.5,55,219,0
PAS,D,20220113,000000,55.5,56.5,55,55,2022,0
PAS,D,20220114,000000,57,57,53.5,55,172,0
PAS,D,20220117,000000,55,55,55,55,1292,0
PAS,D,20220118,000000,54.5,55,53,54.5,331,0
PAS,D,20220119,000000,53,56,52.5,55,538,0
PAS,D,20220120,000000,54.5,54.5,53.5,54.5,253,0
PAS,D,20220121,000000,53.5,53.5,50,52,856,0
PAS,D,20220124,000000,53,53,42.4,51.5,2050,0
PAS,D,20220125,000000,49,49,49,49,105,0
PAS,D,20220126,000000,51,52.5,50,52,178,0
PAS,D,20220127,000000,50,50,49.6,49.6,68,0
PAS,D,20220128,000000,49,50,48,50,104,0
PAS,D,20220201,000000,50,50.5,46,49.8,970,0
PAS,D,20220202,000000,49.4,49.4,47.6,49,300,0
PAS,D,20220203,000000,48.6,48.6,47,48.4,92,0
PAS,D,20220204,000000,47.4,49.8,47.4,49.8,3,0
PAS,D,20220207,000000,51,51.5,49.8,49.8,203,0
PAS,D,20220208,000000,51,51.5,47.2,47.6,140,0
PAS,D,20220209,000000,48.2,50,48.2,48.2,149,0
PAS,D,20220210,000000,48,50,48,50,150,0
PAS,D,20220211,000000,48.2,48.2,43,48,1278,0
PAS,D,20220214,000000,46,48,43.6,44,1236,0
PAS,D,20220215,000000,44,45.6,44,44,511,0
PAS,D,20220216,000000,45.2,45.2,43.4,45,309,0
PAS,D,20220217,000000,45,45,43,43,495,0
PAS,D,20220218,000000,45,45,45,45,100,0
PAS,D,20220221,000000,42.4,44.2,41,43,570,0
PAS,D,20220222,000000,43,44.2,41,44.2,93,0
PAS,D,20220223,000000,44.2,44.4,40.2,40.2,1515,0
PAS,D,20220224,000000,35.2,41,35.2,40,491,0
PAS,D,20220225,000000,40.6,43.8,40.6,41,549,0
PAS,D,20220228,000000,41,47,41,47,583,0
PAS,D,20220301,000000,45,46.6,38.2,46.6,286,0
PAS,D,20220302,000000,46,48,45,46,345,0
PAS,D,20220303,000000,48,49.2,46,48.6,431,0
PAS,D,20220304,000000,46.4,48.4,46.2,48,185,0
PAS,D,20220307,000000,46.2,46.2,40,45,437,0
PAS,D,20220308,000000,43.4,45.2,42.4,44.6,572,0
PAS,D,20220309,000000,45.2,45.2,45.2,45.2,35,0
PAS,D,20220310,000000,45.2,46.8,45.2,46.8,150,0
PAS,D,20220314,000000,44.8,46.2,43.8,43.8,146,0
PAS,D,20220315,000000,45.2,45.4,45,45.4,57,0
PAS,D,20220316,000000,43.8,45,43.8,45,2,0
PAS,D,20220317,000000,44.8,44.8,44,44.8,126,0
PAS,D,20220318,000000,44.8,44.8,43,43.2,229,0
PAS,D,20220321,000000,45,46.6,43.2,46,2077,0
PAS,D,20220322,000000,46.6,48,46.4,48,670,0
PAS,D,20220323,000000,48.4,52,48,50,606,0
PAS,D,20220324,000000,52,52,49,50.5,535,0
PAS,D,20220325,000000,50.5,51,48.8,50,565,0
PAS,D,20220328,000000,50,50,50,50,30,0
PAS,D,20220329,000000,49.6,49.6,47.8,49.4,611,0
PAS,D,20220330,000000,50,50,49.6,49.6,499,0
PAS,D,20220331,000000,49.8,50.5,49.8,50.5,30,0
PAS,D,20220401,000000,45.6,50,45.6,49.8,505,0
PAS,D,20220404,000000,50.5,52.5,50.5,52.5,2269,0
PAS,D,20220405,000000,51.5,52,49.8,51.5,341,0
PAS,D,20220406,000000,50,52,50,51.5,145,0
PAS,D,20220407,000000,49.8,51,48.2,49.6,576,0
PAS,D,20220408,000000,49.6,49.8,49.6,49.6,652,0
PAS,D,20220411,000000,49,49,45.4,46.8,3325,0
PAS,D,20220412,000000,46.8,46.8,45.2,45.2,131,0
PAS,D,20220413,000000,48.2,48.4,44.9,46.5,125,0
PAS,D,20220414,000000,45,47.8,45,47.5,391,0
PAS,D,20220420,000000,47.7,47.7,46,47.5,577,0
PAS,D,20220421,000000,47,47,47,47,1,0
PAS,D,20220422,000000,46,46.9,45.2,45.2,102,0
PAS,D,20220425,000000,47.9,47.9,46.1,46.1,64,0
PAS,D,20220427,000000,45.9,46,45.9,46,32,0
PAS,D,20220428,000000,45,45,42,42,1038,0
PAS,D,20220429,000000,42,42,42,42,63,0
PAS,D,20220502,000000,42.2,42.2,40,41.8,192,0
PAS,D,20220504,000000,40,41.2,40,41.2,103,0
PAS,D,20220505,000000,40.1,40.7,37.2,40.5,865,0
PAS,D,20220506,000000,39,39.6,36.3,39.5,356,0
PAS,D,20220510,000000,37.5,38.5,36,38.4,871,0
PAS,D,20220511,000000,38.4,40.9,38.4,40.9,408,0
PAS,D,20220512,000000,38.7,39,37.2,39,183,0
PAS,D,20220513,000000,39,42.1,39,42,400,0
PAS,D,20220516,000000,39.5,40.9,39.3,39.5,314,0
PAS,D,20220517,000000,40.4,40.4,39.5,39.5,250,0
PAS,D,20220518,000000,40.3,40.7,40,40.7,85,0
PAS,D,20220519,000000,39.4,41.2,39.4,40,380,0
PAS,D,20220523,000000,40.5,40.9,40,40,261,0
PAS,D,20220524,000000,39.8,39.8,39.3,39.3,265,0
PAS,D,20220525,000000,39.6,39.6,39,39,75,0
PAS,D,20220526,000000,39.4,39.6,39.4,39.6,164,0
PAS,D,20220527,000000,39.6,39.6,38.4,38.4,142,0
PAS,D,20220530,000000,38.2,38.4,36,37,714,0
PAS,D,20220531,000000,36,36.9,30,32.1,1472,0
PAS,D,20220601,000000,32.7,34,31.4,32,354,0
PAS,D,20220602,000000,32.7,33.1,31.5,33.1,503,0
PAS,D,20220603,000000,34,34,31.7,33.9,460,0
PAS,D,20220606,000000,32.5,33.7,29.3,33.7,115,0
PAS,D,20220607,000000,31.7,33.7,29.5,33.5,369,0
PAS,D,20220608,000000,33,33,32,32,104,0
PAS,D,20220609,000000,31.8,31.8,28,31,1062,0
PAS,D,20220610,000000,30.1,30.5,28,30.5,687,0
PAS,D,20220613,000000,30.2,30.9,28.1,30,389,0
PAS,D,20220621,000000,30,30,28,28,270,0
PAS,D,20220622,000000,27,28.5,24.1,28.5,5860,0
PAS,D,20220623,000000,27,27.7,26,26,615,0
PAS,D,20220624,000000,27.1,27.1,26.4,26.5,460,0
PAS,D,20220627,000000,26,27,26,27,212,0
PAS,D,20220628,000000,27,27.7,27,27.7,208,0
PAS,D,20220629,000000,26.7,27.7,25.5,27.7,95,0
PAS,D,20220630,000000,27.6,27.6,27.6,27.6,1,0
PAS,D,20220704,000000,27.5,30.4,25.1,29.5,483,0
PAS,D,20220706,000000,29.4,29.4,28,28,85,0
PAS,D,20220707,000000,29,29,29,29,1,0
PAS,D,20220712,000000,27.9,28.9,27.9,28,716,0
PAS,D,20220713,000000,27,27.8,26,27,232,0
PAS,D,20220714,000000,26.8,26.8,26.8,26.8,5,0
PAS,D,20220715,000000,27.6,27.6,27.6,27.6,2,0
PAS,D,20220718,000000,25.5,26.2,25.5,25.5,216,0
PAS,D,20220719,000000,27,27,27,27,1,0
PAS,D,20220722,000000,26.5,26.5,26.5,26.5,10,0
PAS,D,20220725,000000,26,27,25.1,27,211,0
PAS,D,20220726,000000,27,27.6,27,27.6,55,0
PAS,D,20220727,000000,26.6,27.7,25.1,27.7,112,0
PAS,D,20220728,000000,27.8,29.3,27.8,29.3,90,0
PAS,D,20220729,000000,29.5,30,29.5,30,147,0
PAS,D,20220801,000000,30,32,30,30.8,214,0
PAS,D,20220802,000000,30.4,31.5,29.5,29.5,222,0
PAS,D,20220803,000000,29.5,31,29.1,31,221,0
PAS,D,20220805,000000,29.9,31.8,29.9,31.8,121,0
PAS,D,20220809,000000,31.8,32,31.8,32,49,0
PAS,D,20220810,000000,32,32,30.9,32,139,0
PAS,D,20220811,000000,32,32,32,32,17,0
PAS,D,20220816,000000,31.9,32,30,30,245,0
PAS,D,20220817,000000,30,30,29,29.7,15,0
PAS,D,20220818,000000,29.7,29.8,29.7,29.8,10,0
PAS,D,20220819,000000,29,30.8,28,30.8,158,0
PAS,D,20220822,000000,30,33,30,33,986,0
PAS,D,20220823,000000,33,33,27,31.6,536,0
PAS,D,20220824,000000,32.8,33,32,33,611,0
PAS,D,20220825,000000,33,33,32.1,33,772,0
PAS,D,20220826,000000,32.1,32.1,32,32,67,0
PAS,D,20220829,000000,32.1,32.4,30.5,32.4,411,0
PAS,D,20220830,000000,31.8,32.5,31.5,32.5,84,0
PAS,D,20220831,000000,32.3,32.5,31.9,32.5,266,0
PAS,D,20220901,000000,32.4,32.9,32.4,32.9,113,0
PAS,D,20220902,000000,32.9,32.9,32.7,32.7,46,0
PAS,D,20220905,000000,32,32,32,32,28,0
PAS,D,20220907,000000,31.6,31.6,29.5,31.5,110,0
PAS,D,20220909,000000,29.7,29.7,29.7,29.7,23,0
PAS,D,20220912,000000,29.3,29.3,27.5,29,196,0
PAS,D,20220913,000000,28,28,28,28,60,0
PAS,D,20220914,000000,29,29,27,28.5,363,0
PAS,D,20220915,000000,28.5,28.5,28.5,28.5,21,0
PAS,D,20220916,000000,27.4,27.4,27.4,27.4,49,0
PAS,D,20220919,000000,28,28.6,28,28.2,232,0
PAS,D,20220920,000000,28.2,28.2,27.9,28,170,0
PAS,D,20220921,000000,28,30,28,30,242,0
PAS,D,20220922,000000,29.3,29.3,29.3,29.3,20,0
PAS,D,20220923,000000,29,29,27,27,545,0
PAS,D,20220926,000000,28.6,29,28.2,28.2,279,0
PAS,D,20220927,000000,28.2,29.5,28.2,29.5,124,0
PAS,D,20220928,000000,29.5,29.9,29.5,29.9,210,0
PAS,D,20220929,000000,29,29.9,28.8,29,137,0
PAS,D,20220930,000000,28.6,29.5,28.4,29.5,184,0
PAS,D,20221003,000000,29.5,29.6,29.5,29.6,9,0
PAS,D,20221005,000000,29.7,30.6,29.7,30.6,124,0
PAS,D,20221006,000000,30.6,30.6,30,30.6,26,0
PAS,D,20221007,000000,30.6,31,30.6,31,11,0
PAS,D,20221010,000000,30.4,31,30.4,31,78,0
PAS,D,20221011,000000,30.5,30.5,30,30,100,0
PAS,D,20221017,000000,29.8,30.2,29.8,30.2,11,0
PAS,D,20221018,000000,30.3,31,30.3,30.6,114,0
PAS,D,20221019,000000,29.9,30.4,29.8,30.4,94,0
PAS,D,20221021,000000,30.3,30.3,30.3,30.3,44,0
PAS,D,20221024,000000,30,30.7,29.5,29.5,471,0
PAS,D,20221025,000000,30,30,30,30,50,0
PAS,D,20221027,000000,29,29,29,29,54,0
PAS,D,20221028,000000,27.7,29.6,27.7,29.6,335,0
PAS,D,20221031,000000,29.6,31.8,29.6,31.8,354,0
PAS,D,20221103,000000,30,31,29.3,31,51,0
PAS,D,20221104,000000,29.3,30.9,29,30.9,154,0
PAS,D,20221107,000000,29.5,30.9,29.5,30.9,751,0
PAS,D,20221108,000000,31.9,31.9,31.9,31.9,803,0
PAS,D,20221109,000000,32,32.6,32,32,332,0
PAS,D,20221110,000000,31,32.4,30.8,32.4,115,0
PAS,D,20221114,000000,32,32.6,31.2,32.4,182,0
PAS,D,20221116,000000,30,32,30,31.8,1430,0
PAS,D,20221117,000000,30,30,30,30,1299,0
PAS,D,20221118,000000,30.8,32.4,30,32.4,1129,0
PAS,D,20221121,000000,32.4,33,32.4,32.4,63,0
PAS,D,20221122,000000,32.4,32.4,32.4,32.4,1,0
PAS,D,20221123,000000,31,31,31,31,76,0
PAS,D,20221124,000000,31,32.3,31,31,266,0
PAS,D,20221125,000000,31.2,31.8,31,31,71,0
PAS,D,20221128,000000,31.5,31.5,31.5,31.5,1,0
PAS,D,20221129,000000,31.5,31.5,31.5,31.5,51,0
PAS,D,20221130,000000,30.3,30.5,29.3,30.3,403,0
PAS,D,20221201,000000,30.3,30.4,30.3,30.4,80,0
PAS,D,20221202,000000,30.2,31.5,30,31.5,187,0
PAS,D,20221205,000000,31.5,33,31,32,785,0
PAS,D,20221206,000000,30.7,30.7,30.6,30.6,54,0
PAS,D,20221207,000000,31.6,31.6,31.3,31.3,53,0
PAS,D,20221208,000000,31,31,30,31,403,0
PAS,D,20221209,000000,30.2,30.2,30.1,30.1,100,0
PAS,D,20221212,000000,30.9,31,30.9,31,75,0
PAS,D,20221213,000000,31.2,32,31.2,32,247,0
PAS,D,20221214,000000,32.1,34.7,31.5,34.7,7224,0
PAS,D,20221215,000000,34,34,32.5,32.5,824,0
PAS,D,20221216,000000,32.7,32.7,32.7,32.7,120,0
PAS,D,20221219,000000,32,32.2,31,32.2,1838,0
PAS,D,20221220,000000,31.2,31.2,30,30,870,0
PAS,D,20221221,000000,32,32,32,32,406,0
PAS,D,20221222,000000,31,31,29.9,29.9,1274,0
PAS,D,20221223,000000,29.9,30,29.8,30,330,0
PAS,D,20221227,000000,29.1,29.8,29.1,29.3,267,0
PAS,D,20221228,000000,29.9,30.5,29.9,30.5,507,0
PAS,D,20221229,000000,30.5,30.5,30.5,30.5,1,0
PAS,D,20230102,000000,31,31,30,30,1247,0
PAS,D,20230103,000000,30.3,33,30.1,32.5,3121,0
PAS,D,20230104,000000,32,38.4,32,38.2,4940,0
PAS,D,20230105,000000,38.4,40,37,38,2291,0
PAS,D,20230109,000000,39.9,40,38.2,39.7,530,0
PAS,D,20230110,000000,40.9,40.9,35.2,39.9,1215,0
PAS,D,20230111,000000,39.9,39.9,36,37.6,1021,0
PAS,D,20230112,000000,37.7,37.7,36,36.6,654,0
PAS,D,20230113,000000,36.6,36.9,34.8,36.9,1145,0
PAS,D,20230116,000000,36.9,36.9,35,36.1,923,0
PAS,D,20230117,000000,36.7,36.7,35.2,36.1,720,0
PAS,D,20230118,000000,36,36.3,35.3,36.3,30,0
PAS,D,20230119,000000,36,36,34.5,34.5,241,0
PAS,D,20230120,000000,35.9,35.9,34.9,35.8,172,0
PAS,D,20230123,000000,35,35,33.5,34.5,488,0
PAS,D,20230124,000000,34.5,34.5,34.5,34.5,30,0
PAS,D,20230125,000000,34.1,34.1,33.3,33.5,317,0
PAS,D,20230126,000000,33.6,33.9,33.6,33.9,60,0
PAS,D,20230127,000000,33.1,33.3,32.4,32.4,486,0
PAS,D,20230131,000000,32.7,34,32,32,1279,0
PAS,D,20230201,000000,32,32,30.1,31,877,0
PAS,D,20230202,000000,31,32.3,31,31,410,0
PAS,D,20230203,000000,30.6,32,30.6,32,318,0
PAS,D,20230206,000000,32.4,32.4,32.4,32.4,30,0
PAS,D,20230207,000000,32,32.7,32,32.7,70,0
PAS,D,20230208,000000,32.8,33,30.2,30.5,2176,0
PAS,D,20230209,000000,31,31,31,31,60,0
PAS,D,20230210,000000,31,31.4,31,31.4,657,0
PAS,D,20230213,000000,31.9,31.9,30,30.8,836,0
PAS,D,20230214,000000,31,31.3,31,31,208,0
PAS,D,20230215,000000,31.1,31.1,30.5,30.5,236,0
PAS,D,20230216,000000,30.3,30.3,30.3,30.3,150,0
PAS,D,20230217,000000,30.1,30.2,29,29,1680,0
PAS,D,20230220,000000,29,30.3,28.9,28.9,388,0
PAS,D,20230221,000000,29,29,28.5,28.5,142,0
PAS,D,20230222,000000,29,29,28.9,28.9,147,0
PAS,D,20230223,000000,29.5,29.5,28.7,29,151,0
PAS,D,20230224,000000,29.5,29.5,29.5,29.5,3,0
PAS,D,20230227,000000,29.5,29.5,28.6,29,835,0
PAS,D,20230228,000000,29.2,29.3,29.2,29.3,28,0
PAS,D,20230301,000000,29.3,29.3,28.8,28.8,34,0
PAS,D,20230302,000000,28.7,28.8,28.6,28.8,265,0
PAS,D,20230303,000000,28.8,28.8,28.8,28.8,143,0
PAS,D,20230306,000000,29,29.3,29,29.3,30,0
PAS,D,20230307,000000,29.3,29.7,28.8,29.2,329,0
PAS,D,20230308,000000,29.2,29.2,28.7,28.7,52,0
PAS,D,20230309,000000,28.9,28.9,28.8,28.8,37,0
PAS,D,20230310,000000,28.9,28.9,27.3,27.3,709,0
PAS,D,20230313,000000,27,27,24.6,25.4,1374,0
PAS,D,20230314,000000,25.5,26.2,25.5,26,261,0
PAS,D,20230315,000000,25.3,26,25.3,26,61,0
PAS,D,20230316,000000,25.2,26,22.7,26,1496,0
PAS,D,20230317,000000,25.9,26.2,25.9,26.2,83,0
PAS,D,20230320,000000,26.2,26.2,25,25.8,689,0
PAS,D,20230321,000000,25.3,25.5,24,25,691,0
PAS,D,20230322,000000,25,25.7,25,25.7,241,0
PAS,D,20230328,000000,24.5,24.5,23.3,23.3,775,0
PAS,D,20230329,000000,23.9,24.5,23.9,24,66,0
PAS,D,20230330,000000,24,26,24,26,573,0
PAS,D,20230331,000000,26.2,26.5,26.2,26.2,265,0
PAS,D,20230403,000000,26.2,26.2,26.1,26.1,114,0
PAS,D,20230404,000000,25.5,28,25.5,27.9,613,0
PAS,D,20230406,000000,27.1,27.4,26.1,26.1,671,0
PAS,D,20230411,000000,26,26,26,26,216,0
PAS,D,20230412,000000,26,26,26,26,20,0
PAS,D,20230413,000000,26.1,26.1,26,26,110,0
PAS,D,20230414,000000,26.4,26.9,26,26.9,68,0
PAS,D,20230417,000000,26.9,28,26.9,28,597,0
PAS,D,20230418,000000,28,28,28,28,391,0
PAS,D,20230419,000000,28,28,27.3,27.3,188,0
PAS,D,20230420,000000,29,31.8,28.8,31.8,1118,0
PAS,D,20230421,000000,31.6,32,29.2,30,637,0
PAS,D,20230424,000000,30.2,31.2,30.2,31.2,70,0
PAS,D,20230425,000000,30,30,29.6,29.6,359,0
PAS,D,20230426,000000,29.6,30,29.6,30,306,0
PAS,D,20230427,000000,30,30,29.4,29.6,337,0
PAS,D,20230428,000000,30,30,29.8,29.8,104,0
PAS,D,20230502,000000,29.8,30.8,29.8,30.8,167,0
PAS,D,20230504,000000,30.8,31,30.2,31,173,0
PAS,D,20230505,000000,31.2,34,29,30.8,1719,0
PAS,D,20230508,000000,31,32,30,31.8,151,0
PAS,D,20230509,000000,32,32,30.6,32,60,0
PAS,D,20230510,000000,30.6,31.8,30.4,31.8,173,0
PAS,D,20230511,000000,31.8,31.8,31.8,31.8,20,0
PAS,D,20230512,000000,31.8,31.8,31.8,31.8,1,0
PAS,D,20230515,000000,31,31,31,31,167,0
PAS,D,20230516,000000,31,31,30,30,136,0
PAS,D,20230517,000000,29.8,29.8,29.2,29.4,79,0
PAS,D,20230518,000000,30.2,30.4,30.2,30.4,52,0
PAS,D,20230519,000000,30.2,31,30,30,106,0
PAS,D,20230522,000000,30.6,30.6,30.6,30.6,3,0
PAS,D,20230523,000000,31,31,31,31,5,0
PAS,D,20230524,000000,30,30.8,29.6,29.6,794,0
PAS,D,20230525,000000,29.4,30.4,29.4,29.4,44,0
PAS,D,20230526,000000,30.4,30.4,27.4,27.6,434,0
PAS,D,20230529,000000,27.6,27.6,25,26.4,532,0
PAS,D,20230530,000000,26.4,26.4,25.6,25.6,337,0
PAS,D,20230531,000000,27,27.4,27,27,95,0
PAS,D,20230601,000000,26.8,26.8,26.6,26.8,160,0
PAS,D,20230602,000000,26.8,26.8,26.8,26.8,5,0
PAS,D,20230605,000000,26.8,26.8,25.6,26.8,831,0
PAS,D,20230606,000000,26.6,26.6,24.2,24.6,1620,0
PAS,D,20230607,000000,25,25.8,25,25.8,173,0
PAS,D,20230609,000000,26,26.2,26,26.2,84,0
PAS,D,20230612,000000,26,27.4,26,27.4,96,0
PAS,D,20230613,000000,26.2,27.6,26.2,27.6,150,0
PAS,D,20230614,000000,27.8,27.8,25.8,25.8,90,0
PAS,D,20230615,000000,26.2,26.8,25.4,25.4,120,0
PAS,D,20230616,000000,25.2,26.4,25.2,26.4,189,0
PAS,D,20230620,000000,26,26,25.2,25.2,121,0
PAS,D,20230621,000000,25.4,26.2,24.8,24.8,138,0
PAS,D,20230622,000000,25.6,25.6,25.2,25.2,33,0
PAS,D,20230623,000000,25.4,25.4,25.2,25.2,112,0
PAS,D,20230626,000000,25.6,25.6,25,25,265,0
PAS,D,20230627,000000,25.2,25.2,25.2,25.2,60,0
PAS,D,20230629,000000,25,25,24.8,25,72,0
PAS,D,20230630,000000,25,25,24.2,24.2,364,0
PAS,D,20230703,000000,24.4,26.6,24.4,26.6,144,0
PAS,D,20230704,000000,25.8,25.8,25.4,25.4,73,0
PAS,D,20230705,000000,25.4,25.4,23,23.8,1890,0
PAS,D,20230706,000000,23.8,24.4,23.6,24.4,147,0
PAS,D,20230710,000000,24.4,24.8,24.4,24.8,230,0
PAS,D,20230711,000000,24.8,24.8,24.8,24.8,10,0
PAS,D,20230712,000000,25,25.2,25,25.2,17,0
PAS,D,20230713,000000,25.4,25.4,25.4,25.4,7,0
PAS,D,20230714,000000,25.4,26.6,25.2,26.6,529,0
PAS,D,20230717,000000,26.6,26.6,25.6,25.6,26,0
PAS,D,20230718,000000,25.4,26.8,25.4,25.4,204,0
PAS,D,20230719,000000,26.6,26.6,25,25.6,1683,0
PAS,D,20230720,000000,25.6,25.6,24,24.6,476,0
PAS,D,20230721,000000,23.6,23.8,23.4,23.8,585,0
PAS,D,20230724,000000,24,24.4,23,23.6,546,0
PAS,D,20230725,000000,23.6,25.8,23.6,24.6,2480,0
PAS,D,20230726,000000,25.4,25.4,25.4,25.4,100,0
PAS,D,20230727,000000,25.8,26,23.4,24,1088,0
PAS,D,20230728,000000,24,24,23,24,815,0
PAS,D,20230731,000000,24,24,24,24,153,0
PAS,D,20230801,000000,24,24,23.2,23.2,205,0
PAS,D,20230802,000000,24,24,23.4,24,230,0
PAS,D,20230803,000000,23.8,24.2,23.8,24,128,0
PAS,D,20230804,000000,24,24.2,23.2,23.4,353,0
PAS,D,20230807,000000,23.8,23.8,23.6,23.8,274,0
PAS,D,20230808,000000,23.6,23.6,22.8,23,470,0
PAS,D,20230810,000000,23.2,23.6,23.2,23.6,20,0
PAS,D,20230811,000000,23.2,23.6,22.4,23.4,474,0
PAS,D,20230814,000000,22.8,23,22.4,23,302,0
PAS,D,20230816,000000,23,23,22,22.4,192,0
PAS,D,20230817,000000,22.6,22.6,22.6,22.6,2,0
PAS,D,20230818,000000,22.6,22.6,21.8,21.8,147,0
PAS,D,20230821,000000,22,22,21.4,21.4,620,0
PAS,D,20230822,000000,22.2,22.2,21.2,21.2,173,0
PAS,D,20230823,000000,21.2,21.2,21.2,21.2,5,0
PAS,D,20230824,000000,21.8,23,21.8,23,114,0
PAS,D,20230825,000000,23,23,21.6,21.6,231,0
PAS,D,20230829,000000,22.6,22.6,22.6,22.6,1,0
PAS,D,20230830,000000,22.2,22.2,21.2,21.2,756,0
PAS,D,20230831,000000,21.4,21.4,21.4,21.4,9,0
PAS,D,20230901,000000,22,22,20,20.8,1210,0
PAS,D,20230904,000000,21,21,19.9,21,1419,0
PAS,D,20230905,000000,20.8,21,20.6,20.8,317,0
PAS,D,20230906,000000,20.4,21,20.2,20.8,542,0
PAS,D,20230907,000000,20.8,20.8,20,20,1105,0
PAS,D,20230908,000000,20.4,20.4,20.4,20.4,52,0
PAS,D,20230911,000000,20.2,21,19.8,19.8,273,0
PAS,D,20230912,000000,19.7,21.6,19.7,20.2,777,0
PAS,D,20230913,000000,20.2,21,19.8,19.8,1706,0
PAS,D,20230914,000000,20,21,19.7,21,542,0
PAS,D,20230915,000000,21.2,21.2,20.4,21.2,157,0
PAS,D,20230918,000000,21,21.2,20.4,20.4,627,0
PAS,D,20230919,000000,20.6,20.6,20.4,20.4,51,0
PAS,D,20230920,000000,20.4,20.4,20.4,20.4,53,0
PAS,D,20230921,000000,20.8,20.8,20.2,20.2,135,0
PAS,D,20230922,000000,20,21.2,20,21.2,190,0
PAS,D,20230925,000000,20.4,20.6,20.4,20.6,80,0
PAS,D,20230926,000000,20.6,21.2,20.2,20.4,126,0
PAS,D,20230927,000000,20.4,20.4,20,20.4,191,0
PAS,D,20230928,000000,20,20,19.6,19.6,200,0
PAS,D,20230929,000000,19.6,21.4,19.6,20.6,807,0
PAS,D,20231002,000000,21.6,23.2,20.8,23.2,734,0
PAS,D,20231003,000000,23.2,23.2,21,21.2,577,0
PAS,D,20231004,000000,21.6,21.8,20.8,20.8,98,0
PAS,D,20231005,000000,20.8,21.4,20.8,21.4,75,0
PAS,D,20231006,000000,20.8,21.2,20.6,21.2,210,0
PAS,D,20231009,000000,20.4,21,20,21,125,0
PAS,D,20231010,000000,20.2,21,20.2,21,257,0
PAS,D,20231011,000000,21.2,21.8,20.4,21.8,154,0
PAS,D,20231012,000000,21.8,22.8,20.6,20.8,307,0
PAS,D,20231013,000000,21,22,20.6,20.8,362,0
PAS,D,20231016,000000,21.8,22,20.2,20.2,261,0
PAS,D,20231017,000000,20.6,21,20,21,216,0
PAS,D,20231018,000000,21,21,20.2,20.2,210,0
PAS,D,20231019,000000,21.2,21.2,20.2,20.2,157,0
PAS,D,20231020,000000,21.2,21.2,19.7,20.4,1572,0
PAS,D,20231023,000000,20,20.4,19.7,20.4,5,0
PAS,D,20231024,000000,20,20.8,19.5,20.6,1194,0
PAS,D,20231025,000000,20,20,20,20,86,0
PAS,D,20231026,000000,20,22,19.5,21.4,2347,0
PAS,D,20231027,000000,20.6,21.4,20.2,21.4,372,0
PAS,D,20231030,000000,21.4,21.4,21.4,21.4,29,0
PAS,D,20231031,000000,21.4,21.4,21.4,21.4,14,0
PAS,D,20231102,000000,21.4,21.4,20.8,21.4,117,0
PAS,D,20231103,000000,21.4,22,21.4,22,191,0
PAS,D,20231106,000000,22,22,22,22,103,0
PAS,D,20231107,000000,22.4,22.6,22.2,22.2,47,0
PAS,D,20231108,000000,22.2,22.2,22.2,22.2,50,0
PAS,D,20231109,000000,22.2,22.2,22,22,100,0
PAS,D,20231110,000000,22,22,21.4,21.4,45,0
PAS,D,20231113,000000,22,22.2,20,20.8,1193,0
PAS,D,20231114,000000,21.2,22,21.2,22,235,0
PAS,D,20231115,000000,21.6,21.6,20.2,20.8,1201,0
PAS,D,20231116,000000,21.4,21.4,20.8,21.2,140,0
PAS,D,20231117,000000,21.4,21.4,20.6,20.8,775,0
PAS,D,20231120,000000,20.8,20.8,20,20,1110,0
PAS,D,20231121,000000,20.2,21,19.5,20.6,361,0
PAS,D,20231123,000000,20.8,23.2,20,20,1098,0
PAS,D,20231124,000000,20.6,21.6,20.6,20.6,155,0
PAS,D,20231127,000000,20.6,21,20,21,288,0
PAS,D,20231128,000000,20.6,21.2,20,21.2,2152,0
PAS,D,20231129,000000,20.4,21.4,20.4,21.4,24,0
PAS,D,20231130,000000,21,21.2,20.6,21.2,305,0
PAS,D,20231201,000000,20.6,20.6,19.9,19.9,209,0
PAS,D,20231204,000000,20.6,20.6,20.2,20.2,11,0
PAS,D,20231205,000000,20.6,20.6,20,20,137,0
PAS,D,20231206,000000,20.6,21,20.6,21,96,0
PAS,D,20231207,000000,21,21,21,21,7,0
PAS,D,20231208,000000,20.8,20.8,19.2,20,1961,0
PAS,D,20231211,000000,19.9,20.6,19.9,20.6,24,0
PAS,D,20231212,000000,20.6,22.6,20.6,22.2,1090,0
PAS,D,20231213,000000,22,22.4,22,22,761,0
PAS,D,20231214,000000,22,22,22,22,5,0
PAS,D,20231215,000000,22,22,21.6,21.6,3,0
PAS,D,20231218,000000,21.6,21.6,21.6,21.6,9,0
PAS,D,20231219,000000,21.2,21.6,20.6,21.6,84,0
PAS,D,20231220,000000,21.2,21.2,21.2,21.2,25,0
PAS,D,20231221,000000,20.8,21,20.8,21,434,0
PAS,D,20231222,000000,20.8,21.6,20.8,21.6,380,0
PAS,D,20231227,000000,21.6,21.6,21,21,3530,0
PAS,D,20231228,000000,21,21,21,21,1724,0
PAS,D,20231229,000000,20.8,22,20.8,21.8,2267,0
PAS,D,20240102,000000,22,24.2,22,24,2390,0
PAS,D,20240103,000000,24,25,24,24.2,227,0
PAS,D,20240104,000000,24.6,24.6,23,24.6,255,0
PAS,D,20240105,000000,24.4,24.6,24.4,24.6,40,0
PAS,D,20240108,000000,24.6,24.6,24,24,69,0
PAS,D,20240109,000000,23.4,24.6,23.4,24.6,47,0
PAS,D,20240110,000000,24.6,24.6,24.6,24.6,1,0
PAS,D,20240112,000000,23.4,24.2,22.4,24.2,120,0
PAS,D,20240115,000000,23.4,25,23.4,25,551,0
PAS,D,20240116,000000,24,24,24,24,50,0
PAS,D,20240117,000000,24,25,24,25,1419,0
PAS,D,20240118,000000,25,25,24,25,11,0
PAS,D,20240119,000000,25,25,24,25,67,0
PAS,D,20240122,000000,25,25,25,25,101,0
PAS,D,20240123,000000,25,25,24,24,137,0
PAS,D,20240124,000000,24,24,21.6,23.4,414,0
PAS,D,20240126,000000,23.4,23.6,22.6,23.6,10,0
PAS,D,20240129,000000,23.6,23.6,22.6,23.4,58,0
PAS,D,20240130,000000,22.6,23.4,22.6,23.4,78,0
PAS,D,20240131,000000,23.4,23.4,23.4,23.4,7,0
PAS,D,20240201,000000,23.4,23.4,23.4,23.4,44,0
PAS,D,20240202,000000,23.6,24,23.6,24,71,0
PAS,D,20240205,000000,24,25,24,25,1633,0
PAS,D,20240206,000000,25,25.4,25,25.4,385,0
PAS,D,20240207,000000,25.6,25.6,25.6,25.6,20,0
PAS,D,20240208,000000,25.8,28,25.4,28,2032,0
PAS,D,20240209,000000,28.4,33,28.4,30.4,2416,0
PAS,D,20240212,000000,30.6,31,28,30.8,1359,0
PAS,D,20240213,000000,30.8,30.8,28.8,30,200,0
PAS,D,20240214,000000,29.8,29.8,28.8,29.4,37,0
PAS,D,20240215,000000,28.6,33,28.2,33,1290,0
PAS,D,20240216,000000,35.8,38,32,32,2641,0
PAS,D,20240219,000000,33.2,34.4,31,31.6,1060,0
PAS,D,20240220,000000,31,31,29.4,30,365,0
PAS,D,20240221,000000,30,31,30,31,211,0
PAS,D,20240222,000000,30.8,30.8,30.6,30.6,5,0
PAS,D,20240223,000000,29,29,28,28.8,1167,0
PAS,D,20240226,000000,28.8,28.8,26.6,27,996,0
PAS,D,20240227,000000,28.4,28.6,26,28,2332,0
PAS,D,20240228,000000,27.6,29,27.6,28,991,0
PAS,D,20240229,000000,28,28,27.2,28,158,0
PAS,D,20240301,000000,28,29.6,27,28.4,2199,0
PAS,D,20240304,000000,27.6,28.6,27.2,28.4,367,0
PAS,D,20240305,000000,28.2,28.2,27,27.8,349,0
PAS,D,20240306,000000,27.8,28,26.8,27,420,0
PAS,D,20240307,000000,28,28,28,28,8,0
PAS,D,20240308,000000,27,27,26.6,27,185,0
PAS,D,20240312,000000,26.6,26.6,26.4,26.4,603,0
PAS,D,20240313,000000,26.4,26.4,26,26,246,0
PAS,D,20240314,000000,26.2,27.4,26.2,26.2,482,0
PAS,D,20240315,000000,26.2,26.6,25.8,26.6,342,0
