<TICKER>,<PER>,<DATE>,<TIME>,<OPEN>,<HIGH>,<LOW>,<CLOSE>,<VOL>,<OPENINT>
PCF,D,20201218,000000,84.2235,84.2235,64.6045,74.2947,790276.552734375,0
PCF,D,20201221,000000,74.3146,76.296,66.8831,68.8546,126654.794921875,0
PCF,D,20201222,000000,69.3109,74.0968,66.893,72.1145,48662.470703125,0
PCF,D,20201223,000000,72.3332,72.8382,69.3705,70.3508,24006.845703125,0
PCF,D,20201228,000000,71.342,72.7289,67.8743,69.9153,72390.693359375,0
PCF,D,20201229,000000,70.3508,71.7784,69.3805,70.7375,41498.740234375,0
PCF,D,20201230,000000,71.1938,71.1938,69.5584,69.5684,30146.611328125,0
PCF,D,20210104,000000,71.332,74.3146,70.3508,73.5222,19322.55859375,0
PCF,D,20210105,000000,74.5124,80.2597,74.3146,79.2685,54177.59765625,0
PCF,D,20210107,000000,74.3146,85.8977,73.9676,79.2685,124762.7734375,0
PCF,D,20210108,000000,80.6564,80.7548,76.2174,76.286,35276.494140625,0
PCF,D,20210111,000000,76.296,79.0409,76.296,77.1877,15957.958984375,0
PCF,D,20210112,000000,78.1789,79.536,77.2871,77.7822,13763.173828125,0
PCF,D,20210113,000000,77.8817,77.9811,76.3556,76.792,10398.57421875,0
PCF,D,20210114,000000,77.2772,78.4066,77.2474,77.5844,9611.9921875,0
PCF,D,20210115,000000,78.6343,78.6343,77.0595,77.7822,6080.419921875,0
PCF,D,20210118,000000,78.674,78.7734,77.1877,77.7822,9237.8125,0
PCF,D,20210119,000000,77.6838,77.6838,76.4948,77.1291,6337.919921875,0
PCF,D,20210120,000000,77.2871,77.7822,76.792,77.1877,8032.79296875,0
PCF,D,20210121,000000,77.3866,77.485,76.0583,76.296,12559.16015625,0
PCF,D,20210122,000000,75.9003,76.2174,74.5124,75.5533,6448.564453125,0
PCF,D,20210125,000000,75.5632,76.5833,75.3058,75.603,7037.998046875,0
PCF,D,20210126,000000,75.5831,76.8507,75.1069,76.0782,3889.658203125,0
PCF,D,20210127,000000,75.6229,76.4153,73.72,73.9278,19387.939453125,0
PCF,D,20210128,000000,74.3146,74.3146,71.5398,74.3146,19474.443359375,0
PCF,D,20210129,000000,74.7112,74.9588,73.4427,73.8195,12497.802734375,0
PCF,D,20210201,000000,74.3146,74.8097,71.342,71.342,18890.0390625,0
PCF,D,20210202,000000,72.3332,73.3234,70.8469,70.8469,42323.544921875,0
PCF,D,20210203,000000,71.9365,72.3332,70.9453,71.342,25042.880859375,0
PCF,D,20210204,000000,71.9266,77.2871,71.342,77.2871,153780.810546875,0
PCF,D,20210205,000000,77.5148,80.6564,74.5124,78.2783,61470.078125,0
PCF,D,20210208,000000,78.7734,82.2411,77.3369,80.0619,92727.158203125,0
PCF,D,20210209,000000,80.042,80.042,76.5047,76.8119,33628.896484375,0
PCF,D,20210210,000000,76.8119,78.159,75.5036,75.8108,34611.62109375,0
PCF,D,20210211,000000,76.0782,76.6827,74.5621,76.6827,40478.798828125,0
PCF,D,20210212,000000,76.792,78.0596,74.8097,74.8097,25210.859375,0
PCF,D,20210215,000000,75.8009,77.1977,75.0085,76.792,9495.3125,0
PCF,D,20210216,000000,76.792,77.5745,76.296,76.4153,22982.880859375,0
PCF,D,20210217,000000,77.2871,77.2871,74.9389,75.0085,24199.970703125,0
PCF,D,20210218,000000,75.3058,77.5745,75.0085,76.9899,65282.28515625,0
PCF,D,20210219,000000,77.5645,77.5745,76.296,76.296,39732.451171875,0
PCF,D,20210222,000000,77.2673,77.2673,75.7014,76.7722,7839.66796875,0
PCF,D,20210223,000000,76.6429,76.6727,72.184,74.3046,29912.24609375,0
PCF,D,20210224,000000,74.2151,77.1877,74.2151,77.1877,11531.171875,0
PCF,D,20210225,000000,78.9713,81.2509,77.9811,80.0519,82525.732421875,0
PCF,D,20210226,000000,81.2509,82.0433,78.0894,80.0122,87429.296875,0
PCF,D,20210301,000000,80.7548,81.5681,77.0595,77.5844,41446.435546875,0
PCF,D,20210302,000000,78.0596,78.7635,75.3744,77.4949,28415.52734375,0
PCF,D,20210303,000000,77.2871,77.6043,74.8395,75.5036,24355.87890625,0
PCF,D,20210304,000000,74.3146,74.8991,72.8482,73.9179,23428.4765625,0
PCF,D,20210305,000000,75.266,77.0297,74.9091,75.8009,23423.447265625,0
PCF,D,20210308,000000,76.286,78.5159,76.286,78.3768,15415.80078125,0
PCF,D,20210309,000000,78.5756,79.1005,77.2871,78.4762,22072.578125,0
PCF,D,20210310,000000,78.9613,78.9613,76.9004,76.9004,16783.76953125,0
PCF,D,20210311,000000,77.8419,78.1093,76.4153,77.5844,7628.4375,0
PCF,D,20210312,000000,78.0596,78.1789,76.455,77.6838,10780.80078125,0
PCF,D,20210315,000000,77.9413,79.2685,77.2871,79.0508,18332.79296875,0
PCF,D,20210316,000000,79.1801,80.0619,76.8905,76.8905,36164.66796875,0
PCF,D,20210317,000000,77.7524,77.7524,75.3058,76.0981,17952.578125,0
PCF,D,20210318,000000,76.4948,77.0893,75.7014,76.0981,11612.646484375,0
PCF,D,20210319,000000,75.8009,76.792,75.1069,76.4948,7397.08984375,0
PCF,D,20210322,000000,77.2871,77.2871,76.296,76.9899,7104.384765625,0
PCF,D,20210323,000000,77.2673,78.5756,76.4153,78.2783,18464.560546875,0
PCF,D,20210324,000000,78.2684,78.2684,77.2871,78.1789,10107.880859375,0
PCF,D,20210325,000000,77.7922,78.159,75.7213,75.9003,15123.095703125,0
PCF,D,20210326,000000,76.286,81.5482,75.9987,80.2498,78114.033203125,0
PCF,D,20210329,000000,80.8741,82.2411,78.2883,79.2685,41165.80078125,0
PCF,D,20210330,000000,80.6564,80.7548,78.3966,79.1701,17497.9296875,0
PCF,D,20210331,000000,79.2685,79.2685,75.8307,75.8307,92143.759765625,0
PCF,D,20210401,000000,76.1975,79.2685,74.414,76.8905,53828.564453125,0
PCF,D,20210406,000000,81.2509,81.9439,77.3866,80.557,136832.080078125,0
PCF,D,20210407,000000,80.2597,80.2597,75.1566,77.3866,104548.017578125,0
PCF,D,20210408,000000,77.3866,78.0795,75.3555,76.3457,50206.46484375,0
PCF,D,20210409,000000,76.3954,77.139,75.3058,75.9003,32290.09765625,0
PCF,D,20210412,000000,75.3555,76.296,72.6304,73.72,31144.423828125,0
PCF,D,20210413,000000,73.8195,75.5533,73.5719,74.2151,21983.056640625,0
PCF,D,20210414,000000,74.2151,74.2151,72.8283,73.4228,19772.177734375,0
PCF,D,20210415,000000,73.2249,73.2249,69.9551,70.9453,36951.25,0
PCF,D,20210416,000000,70.0535,70.7475,65.7935,67.1804,57750.41015625,0
PCF,D,20210419,000000,67.1804,69.6578,67.1804,69.1618,24617.40234375,0
PCF,D,20210420,000000,69.3606,70.8469,67.3782,68.3694,26152.34375,0
PCF,D,20210421,000000,68.3694,70.0535,66.5858,67.3782,18003.876953125,0
PCF,D,20210422,000000,67.9727,69.3606,67.577,67.7252,13317.578125,0
PCF,D,20210423,000000,68.3694,68.4688,67.2798,67.2798,11769.560546875,0
PCF,D,20210426,000000,67.3782,69.9551,67.2798,69.6578,28147.96875,0
PCF,D,20210427,000000,70.2524,71.342,69.7076,71.342,27529.365234375,0
PCF,D,20210428,000000,71.342,72.1343,68.7661,69.0633,19941.162109375,0
PCF,D,20210429,000000,69.1618,69.3109,67.3782,69.113,17316.875,0
PCF,D,20210430,000000,69.113,71.0944,65.7935,70.9453,17577.392578125,0
PCF,D,20210504,000000,70.8966,70.8966,68.3694,69.0633,56431.728515625,0
PCF,D,20210505,000000,69.0633,69.0633,66.8831,67.4776,23800.64453125,0
PCF,D,20210506,000000,67.8743,67.924,64.4056,64.9017,36090.234375,0
PCF,D,20210507,000000,64.8023,67.7749,62.0276,66.8334,83364.619140625,0
PCF,D,20210510,000000,66.3383,68.3694,64.9514,66.2389,17559.287109375,0
PCF,D,20210511,000000,66.2389,66.2389,63.7127,64.7029,9432.94921875,0
PCF,D,20210512,000000,64.7029,64.852,62.9193,63.8608,9389.697265625,0
PCF,D,20210513,000000,62.4739,63.316,58.0151,60.244,183785.595703125,0
PCF,D,20210514,000000,60.1456,60.1456,57.9654,58.4605,50787.8515625,0
PCF,D,20210517,000000,58.4605,59.4019,56.2315,56.8757,33018.33984375,0
PCF,D,20210518,000000,56.5288,58.4605,56.5288,57.5687,86667.861328125,0
PCF,D,20210519,000000,56.5288,58.9566,56.1321,58.0648,159833.06640625,0
PCF,D,20210520,000000,59.1047,59.1047,56.1818,57.0239,74851.025390625,0
PCF,D,20210521,000000,57.0239,58.3123,55.984,57.4703,71970.244140625,0
PCF,D,20210524,000000,57.6681,64.2575,57.4703,64.2575,37261.0546875,0
PCF,D,20210525,000000,63.4154,64.0597,57.0736,57.0736,113768.73046875,0
PCF,D,20210526,000000,58.2129,59.9467,57.4703,59.6495,21156.240234375,0
PCF,D,20210527,000000,59.4019,61.3346,58.4605,60.6407,19327.587890625,0
PCF,D,20210528,000000,61.1855,61.1855,55.984,57.4703,38251.826171875,0
PCF,D,20210531,000000,56.0824,56.4791,54.6955,55.984,24558.056640625,0
PCF,D,20210601,000000,56.1321,57.6681,54.6955,56.4791,12855.888671875,0
PCF,D,20210602,000000,55.8846,57.4703,55.8846,56.5785,11552.294921875,0
PCF,D,20210604,000000,56.5785,58.4605,55.4879,57.3708,19629.345703125,0
PCF,D,20210607,000000,57.4703,58.8571,56.4791,58.6096,14492.421875,0
PCF,D,20210608,000000,57.6681,58.6096,57.4703,58.4605,2124.375,0
PCF,D,20210609,000000,57.5687,58.4605,57.3708,58.4117,7706.89453125,0
PCF,D,20210610,000000,58.4117,58.4117,57.4703,58.2626,3147.333984375,0
PCF,D,20210611,000000,57.7178,58.2129,57.4703,58.0648,6875.048828125,0
PCF,D,20210614,000000,58.4605,59.2538,58.0648,59.2041,8369.755859375,0
PCF,D,20210615,000000,58.7577,59.9467,58.709,59.9467,9212.666015625,0
PCF,D,20210616,000000,60.0462,61.1358,60.0462,60.8385,8517.6171875,0
PCF,D,20210617,000000,60.5413,60.8882,58.1632,60.4428,10506.201171875,0
PCF,D,20210618,000000,60.7898,60.7898,59.4517,60.0462,3481.279296875,0
PCF,D,20210621,000000,59.9467,60.4428,57.6184,57.9654,3279.1015625,0
PCF,D,20210622,000000,56.9742,59.5014,56.7763,59.4019,4276.9140625,0
PCF,D,20210623,000000,59.4517,60.6407,59.4019,60.0959,5837.001953125,0
PCF,D,20210624,000000,60.0959,60.4428,58.9068,59.055,42295.380859375,0
PCF,D,20210625,000000,57.4703,60.244,57.4703,59.9467,3154.375,0
PCF,D,20210628,000000,59.9467,59.9467,58.6593,59.4517,31549.78515625,0
PCF,D,20210629,000000,59.6505,61.1417,58.3083,60.9429,17957.607421875,0
PCF,D,20210630,000000,61.6388,61.9371,59.6505,61.0423,17320.8984375,0
PCF,D,20210701,000000,61.6388,61.7383,60.6944,61.5394,3754.873046875,0
PCF,D,20210702,000000,61.1417,61.6388,61.1417,61.6388,4858.30078125,0
PCF,D,20210705,000000,61.9371,62.2353,61.092,61.5394,3017.578125,0
PCF,D,20210706,000000,60.4458,62.0862,57.3639,59.6505,7901.025390625,0
PCF,D,20210707,000000,59.6505,60.0482,59.0043,59.9487,4553.525390625,0
PCF,D,20210708,000000,59.9487,59.9984,57.9604,59.054,8960.1953125,0
PCF,D,20210709,000000,59.6505,60.1476,59.054,60.1476,3463.173828125,0
PCF,D,20210712,000000,58.9049,60.6447,58.7557,59.054,8838.486328125,0
PCF,D,20210713,000000,60.6447,60.6447,58.6563,58.9546,2451.279296875,0
PCF,D,20210714,000000,60.247,60.9926,59.2031,60.9926,4841.201171875,0
PCF,D,20210715,000000,60.9926,60.9926,59.7002,59.9487,699.072265625,0
PCF,D,20210716,000000,60.9429,60.9429,58.706,59.6505,1718.0078125,0
PCF,D,20210719,000000,59.6505,59.6505,57.4633,58.4078,2582.041015625,0
PCF,D,20210720,000000,57.4633,58.6563,57.4633,58.5569,3754.873046875,0
PCF,D,20210721,000000,58.5569,58.5569,57.165,57.861,4854.27734375,0
PCF,D,20210722,000000,58.6563,59.5511,57.6621,58.6563,7818.544921875,0
PCF,D,20210723,000000,59.6505,59.6505,57.9107,59.6008,5531.220703125,0
PCF,D,20210726,000000,59.4517,59.6008,57.7616,59.5511,987.75390625,0
PCF,D,20210727,000000,59.5511,59.5511,57.9604,59.1037,747.353515625,0
PCF,D,20210728,000000,58.8551,59.0043,57.9604,58.5072,1774.3359375,0
PCF,D,20210729,000000,58.5072,58.5072,57.7616,57.7616,1790.4296875,0
PCF,D,20210730,000000,58.4078,59.6008,57.6621,59.6008,2564.94140625,0
PCF,D,20210802,000000,59.6008,59.6008,58.0598,59.1037,2393.9453125,0
PCF,D,20210803,000000,59.1037,59.1037,58.1095,58.2089,721.201171875,0
PCF,D,20210804,000000,58.9546,58.9546,57.7118,58.1095,920.361328125,0
PCF,D,20210805,000000,58.1095,58.1095,56.7674,57.6621,3481.279296875,0
PCF,D,20210806,000000,58.1095,58.1095,56.9662,57.7118,2012.724609375,0
PCF,D,20210809,000000,57.7118,57.7118,56.668,57.0656,2882.79296875,0
PCF,D,20210810,000000,56.668,57.0656,56.668,56.9662,2074.08203125,0
PCF,D,20210811,000000,56.668,57.165,56.668,57.0159,1820.60546875,0
PCF,D,20210812,000000,58.0101,58.0101,56.3697,56.5188,3933.916015625,0
PCF,D,20210813,000000,56.3697,56.8171,56.2703,56.668,2650.439453125,0
PCF,D,20210816,000000,57.2148,57.2148,54.8784,54.9779,6806.650390625,0
PCF,D,20210817,000000,50.7029,51.7468,47.3227,47.6011,142607.724609375,0
PCF,D,20210818,000000,47.621,48.1976,44.2805,45.235,104907.109375,0
PCF,D,20210819,000000,45.9309,47.3227,45.732,46.7262,53940.21484375,0
PCF,D,20210820,000000,47.6409,47.78,46.925,47.4818,54636.26953125,0
PCF,D,20210823,000000,47.8198,48.7146,46.5274,47.104,13751.103515625,0
PCF,D,20210824,000000,47.7204,48.1181,46.7262,46.8256,7828.603515625,0
PCF,D,20210825,000000,47.4619,47.4818,45.3543,45.732,15538.515625,0
PCF,D,20210826,000000,45.2548,45.6724,44.539,45.2946,22481.962890625,0
PCF,D,20210827,000000,45.235,45.235,44.3402,45.0361,12836.77734375,0
PCF,D,20210830,000000,44.8373,45.573,44.7577,45.3344,8259.111328125,0
PCF,D,20210831,000000,45.9309,46.7262,45.4338,45.732,13299.47265625,0
PCF,D,20210901,000000,46.4677,46.4677,44.718,45.7122,22485.986328125,0
PCF,D,20210902,000000,45.9309,47.2034,45.1355,46.2092,9583.828125,0
PCF,D,20210903,000000,46.925,46.925,45.235,45.4338,10977.94921875,0
PCF,D,20210906,000000,46.5274,46.5274,44.9765,45.3344,6849.90234375,0
PCF,D,20210907,000000,45.235,45.2548,44.6384,44.7379,11426.5625,0
PCF,D,20210908,000000,44.3402,44.6384,44.2408,44.6384,5303.896484375,0
PCF,D,20210909,000000,44.3601,44.7577,44.2408,44.3402,7036.9921875,0
PCF,D,20210910,000000,44.3402,44.7379,44.0419,44.0817,5469.86328125,0
PCF,D,20210913,000000,44.7379,44.7379,43.7437,43.8829,8322.48046875,0
PCF,D,20210914,000000,43.9028,44.3402,43.8829,44.0221,12413.310546875,0
PCF,D,20210915,000000,44.0221,44.3402,44.0221,44.3203,2995.44921875,0
PCF,D,20210916,000000,44.2408,44.2408,43.7437,43.9226,14947.0703125,0
PCF,D,20210917,000000,44.7379,44.7379,42.9483,43.346,15634.072265625,0
PCF,D,20210920,000000,43.4653,43.4653,41.9542,41.9542,13368.876953125,0
PCF,D,20210921,000000,41.8548,42.7296,41.1986,41.636,8568.916015625,0
PCF,D,20210922,000000,41.636,44.6186,40.1845,42.0536,70658.603515625,0
PCF,D,20210923,000000,43.6443,43.7238,41.8746,41.8746,8773.10546875,0
PCF,D,20210924,000000,42.7495,45.1554,42.2325,44.1612,10490.107421875,0
PCF,D,20210927,000000,42.8489,44.1414,42.2723,43.6443,21765.791015625,0
PCF,D,20210928,000000,44.1414,44.1414,42.3518,42.7495,5238.515625,0
PCF,D,20210929,000000,42.2723,43.2466,40.1647,41.7553,6045.21484375,0
PCF,D,20210930,000000,43.2267,43.9226,40.7612,41.2583,28534.21875,0
PCF,D,20211001,000000,41.2583,41.636,40.7612,41.2583,6449.5703125,0
PCF,D,20211004,000000,41.2583,42.6501,41.0594,41.3378,6422.412109375,0
PCF,D,20211005,000000,41.4969,41.7553,41.139,41.4571,6141.77734375,0
PCF,D,20211006,000000,41.4571,41.4571,40.7612,41.1588,5602.63671875,0
PCF,D,20211007,000000,41.1588,42.0337,40.7612,41.2583,5391.40625,0
PCF,D,20211008,000000,40.6816,41.7553,40.4629,41.1588,6408.330078125,0
PCF,D,20211011,000000,42.5507,42.5507,40.9202,40.9202,10052.55859375,0
PCF,D,20211012,000000,40.3635,40.96,40.2641,40.7413,9256.923828125,0
PCF,D,20211013,000000,40.7612,40.96,38.6933,40.7612,39199.345703125,0
PCF,D,20211014,000000,40.2044,40.7612,39.3296,40.5424,5325.01953125,0
PCF,D,20211015,000000,40.7214,40.7214,39.8863,40.1647,7248.22265625,0
PCF,D,20211018,000000,40.1647,42.1928,39.8664,42.0934,20316.34765625,0
PCF,D,20211019,000000,42.153,48.7146,42.0934,47.7204,76996.5234375,0
PCF,D,20211020,000000,48.7146,49.7087,46.7262,46.8853,29164.892578125,0
PCF,D,20211021,000000,46.9052,47.2631,43.7437,46.7461,31501.50390625,0
PCF,D,20211022,000000,47.2432,47.5216,45.7122,46.8853,14251.015625,0
PCF,D,20211025,000000,47.7005,47.9192,44.7379,46.3285,5741.4453125,0
PCF,D,20211026,000000,46.2291,46.925,44.2408,44.7379,12505.849609375,0
PCF,D,20211027,000000,44.4595,44.4595,43.4454,44.1016,4886.46484375,0
PCF,D,20211028,000000,44.2209,44.6782,43.5449,43.863,1359.921875,0
PCF,D,20211029,000000,44.3402,44.3402,42.9483,42.9483,4378.505859375,0
PCF,D,20211102,000000,42.8489,42.8887,41.7553,41.7553,6953.505859375,0
PCF,D,20211103,000000,41.7553,41.9542,40.7612,40.7612,11748.4375,0
PCF,D,20211104,000000,41.8548,41.9542,40.1647,40.6617,17762.470703125,0
PCF,D,20211105,000000,40.7612,41.636,40.3635,40.9401,6753.33984375,0
PCF,D,20211108,000000,40.9401,41.0594,39.8068,40.0255,10431.767578125,0
PCF,D,20211109,000000,40.5623,41.7553,39.7869,39.9857,6055.2734375,0
PCF,D,20211110,000000,40.0056,40.622,39.3693,39.8664,18550.05859375,0
PCF,D,20211112,000000,39.9658,41.1588,39.9658,40.7612,26692.490234375,0
PCF,D,20211115,000000,41.7553,41.9542,40.3635,40.6617,5963.740234375,0
PCF,D,20211116,000000,40.96,41.4571,40.2641,40.7413,4977.998046875,0
PCF,D,20211117,000000,40.7612,41.4372,39.3296,40.2641,4985.0390625,0
PCF,D,20211118,000000,40.1647,41.2583,38.8126,41.2583,8984.3359375,0
PCF,D,20211119,000000,41.2185,41.2185,39.9062,40.2641,3696.533203125,0
PCF,D,20211122,000000,40.2641,41.1986,39.9658,40.7612,6159.8828125,0
PCF,D,20211123,000000,40.7612,41.6559,39.8664,40.3635,6744.287109375,0
PCF,D,20211124,000000,40.7214,40.7214,39.8664,40.6617,6565.244140625,0
PCF,D,20211125,000000,40.3635,40.7015,40.0652,40.7015,2965.2734375,0
PCF,D,20211126,000000,40.5623,41.4571,39.8863,41.4372,6401.2890625,0
PCF,D,20211129,000000,41.4372,41.5565,39.6676,39.8664,6267.509765625,0
PCF,D,20211130,000000,44.7379,45.235,41.9542,44.6384,111294.31640625,0
PCF,D,20211201,000000,45.3344,49.1918,45.3145,46.2291,59248.134765625,0
PCF,D,20211202,000000,47.2233,47.2233,45.6326,45.732,8607.138671875,0
PCF,D,20211203,000000,45.732,47.8397,45.7122,47.3227,9306.2109375,0
PCF,D,20211206,000000,47.7204,49.1122,45.5133,48.7146,14745.8984375,0
PCF,D,20211207,000000,48.6549,50.2058,48.3169,49.6292,22746.50390625,0
PCF,D,20211208,000000,49.3508,50.3052,48.814,49.9076,13081.201171875,0
PCF,D,20211209,000000,49.7584,49.7584,46.766,48.3169,8943.095703125,0
PCF,D,20211210,000000,47.8198,48.2175,46.925,48.1181,6170.947265625,0
PCF,D,20211213,000000,48.3169,49.7087,47.7204,49.3508,9023.564453125,0
PCF,D,20211214,000000,49.3906,50.1064,48.814,49.8082,13953.28125,0
PCF,D,20211215,000000,49.7584,50.2058,49.2514,49.8082,4246.73828125,0
PCF,D,20211216,000000,49.7087,50.7029,49.7087,50.7029,6691.982421875,0
PCF,D,20211217,000000,50.6532,52.6416,50.1064,50.8023,16766.669921875,0
PCF,D,20211220,000000,50.9017,50.9017,47.9192,49.2315,14011.62109375,0
PCF,D,20211221,000000,49.0128,49.6889,48.973,49.3111,8919.9609375,0
PCF,D,20211222,000000,49.2117,49.5894,48.9134,48.9134,5446.728515625,0
PCF,D,20211223,000000,48.9134,49.2117,47.8198,48.7146,72053.73046875,0
PCF,D,20211227,000000,48.3169,48.7146,47.2233,48.0186,11184.150390625,0
PCF,D,20211228,000000,48.0186,48.3964,46.7262,47.0245,26954.013671875,0
PCF,D,20211229,000000,46.766,48.7146,46.766,48.5953,3879.599609375,0
PCF,D,20211230,000000,47.7204,48.635,47.7204,48.635,7253.251953125,0
PCF,D,20220103,000000,49.6889,50.1064,49.3111,49.7087,1999.6484375,0
PCF,D,20220104,000000,49.7087,52.4924,49.6093,52.2936,12995.703125,0
PCF,D,20220105,000000,51.8959,54.5802,51.2497,54.5802,20767.978515625,0
PCF,D,20220107,000000,54.5802,55.5744,52.741,54.9779,15877.490234375,0
PCF,D,20220110,000000,55.1767,55.6738,53.9837,54.3317,16746.552734375,0
PCF,D,20220111,000000,54.4311,55.3258,53.8843,54.6796,4533.408203125,0
PCF,D,20220112,000000,54.5802,55.1767,53.9837,55.1767,8114.267578125,0
PCF,D,20220113,000000,55.3755,55.972,54.779,55.7732,8477.3828125,0
PCF,D,20220114,000000,55.8726,55.972,54.7293,54.7293,5685.1171875,0
PCF,D,20220117,000000,54.779,55.5744,54.3317,54.9779,1564.111328125,0
PCF,D,20220118,000000,54.9779,56.5685,54.9779,55.6738,10759.677734375,0
PCF,D,20220119,000000,55.2264,55.3258,54.2819,55.3258,11895.29296875,0
PCF,D,20220120,000000,54.7293,54.8287,54.3317,54.7293,7650.56640625,0
PCF,D,20220121,000000,54.7293,54.7293,52.741,54.6796,10915.5859375,0
PCF,D,20220124,000000,53.7849,54.6796,49.5099,49.6292,50638.984375,0
PCF,D,20220125,000000,49.3111,50.4047,49.3111,50.0567,12373.076171875,0
PCF,D,20220126,000000,50.007,53.6854,49.7584,52.1942,6057.28515625,0
PCF,D,20220127,000000,52.4924,52.6913,51.2994,52.1942,4803.984375,0
PCF,D,20220128,000000,52.6416,52.6416,49.8082,52.1942,7486.611328125,0
PCF,D,20220131,000000,52.6913,54.1825,52.393,54.1825,3363.59375,0
PCF,D,20220201,000000,54.6299,55.6738,54.0334,54.6796,8974.27734375,0
PCF,D,20220202,000000,54.6796,56.32,54.2322,56.32,10777.783203125,0
PCF,D,20220203,000000,56.4691,56.668,55.9223,56.4194,3960.068359375,0
PCF,D,20220204,000000,56.3697,57.0656,55.7235,57.0656,9800.087890625,0
PCF,D,20220207,000000,56.8668,57.0656,56.668,57.0656,5954.6875,0
PCF,D,20220208,000000,57.0656,57.4633,56.8668,56.9662,2648.427734375,0
PCF,D,20220209,000000,56.9662,56.9662,56.1709,56.9662,2510.625,0
PCF,D,20220210,000000,56.32,57.2645,56.1709,57.165,3735.76171875,0
PCF,D,20220211,000000,57.165,57.3639,56.0715,57.165,2092.1875,0
PCF,D,20220214,000000,55.7732,55.8229,52.4924,55.5744,15814.12109375,0
PCF,D,20220215,000000,54.6796,55.5744,54.1825,55.3755,4717.48046875,0
PCF,D,20220216,000000,55.2761,56.0217,54.4311,54.9779,4051.6015625,0
PCF,D,20220217,000000,54.9779,55.0276,54.1825,54.7293,5339.1015625,0
PCF,D,20220218,000000,55.3755,55.972,54.3814,55.1767,49180.48828125,0
PCF,D,20220221,000000,55.127,55.1767,50.9017,53.3375,22712.3046875,0
PCF,D,20220222,000000,52.4924,55.1767,50.7029,55.0773,17687.03125,0
PCF,D,20220223,000000,55.0773,57.4633,55.0773,56.9165,14015.64453125,0
PCF,D,20220224,000000,49.7584,54.1825,44.4197,54.0831,45900.380859375,0
PCF,D,20220225,000000,53.6854,54.6796,50.9017,54.6796,18173.8671875,0
PCF,D,20220228,000000,53.6854,56.668,51.6971,56.668,16081.6796875,0
PCF,D,20220301,000000,55.1767,55.1767,51.2,51.3988,18360.95703125,0
PCF,D,20220302,000000,50.7029,53.6854,48.7344,50.7029,33869.296875,0
PCF,D,20220303,000000,49.7087,51.5977,49.2117,49.4701,13901.982421875,0
PCF,D,20220304,000000,49.2117,51.6971,48.3964,51.6971,14897.783203125,0
PCF,D,20220307,000000,51.4983,52.6913,48.1181,52.6913,14410.947265625,0
PCF,D,20220308,000000,52.4924,52.6913,49.2315,52.6913,23620.595703125,0
PCF,D,20220309,000000,52.6416,53.2878,51.0012,52.6913,26889.638671875,0
PCF,D,20220310,000000,52.6416,54.1825,51.1006,53.1883,19227.001953125,0
PCF,D,20220311,000000,53.1883,54.3317,51.8959,54.3317,11884.228515625,0
PCF,D,20220314,000000,54.1825,54.1825,51.7965,51.9953,6643.701171875,0
PCF,D,20220315,000000,52.6913,53.6854,51.2994,52.7907,34064.43359375,0
PCF,D,20220316,000000,53.6357,53.6854,52.6416,53.1883,2296.376953125,0
PCF,D,20220317,000000,53.6357,55.6738,52.8901,54.8784,9942.919921875,0
PCF,D,20220318,000000,55.475,55.6241,54.4808,55.6241,9979.130859375,0
PCF,D,20220321,000000,55.5744,56.0715,55.0276,55.6738,8322.48046875,0
PCF,D,20220322,000000,55.6738,55.7235,54.8287,55.7235,1451.455078125,0
PCF,D,20220323,000000,55.7235,55.7235,54.6796,54.9779,3981.19140625,0
PCF,D,20220324,000000,55.6241,55.7732,54.779,55.6738,1484.6484375,0
PCF,D,20220325,000000,55.6738,55.6738,54.779,54.779,667.890625,0
PCF,D,20220328,000000,55.6738,55.8726,54.6796,54.9779,21000.33203125,0
PCF,D,20220329,000000,55.6738,56.1212,54.6796,55.2761,4913.623046875,0
PCF,D,20220330,000000,55.7732,56.1212,53.3872,56.0715,45093.681640625,0
PCF,D,20220331,000000,56.1212,59.054,55.5744,58.8551,26256.953125,0
PCF,D,20220401,000000,58.9546,59.6505,57.7118,59.6505,45459.814453125,0
PCF,D,20220404,000000,59.6505,61.5891,58.6563,61.5394,13225.0390625,0
PCF,D,20220405,000000,61.44,62.0862,59.2031,60.3464,11969.7265625,0
PCF,D,20220406,000000,60.3464,60.3464,57.4633,58.6563,12095.458984375,0
PCF,D,20220407,000000,59.5511,61.7383,58.2089,61.5394,66387.724609375,0
PCF,D,20220408,000000,61.9868,62.5336,58.9049,61.5394,9699.501953125,0
PCF,D,20220411,000000,61.1417,61.4897,58.6563,61.44,10659.091796875,0
PCF,D,20220412,000000,61.5394,61.5891,60.6447,61.5891,9941.9140625,0
PCF,D,20220413,000000,60.6447,61.5394,60.6447,61.44,5089.6484375,0
PCF,D,20220414,000000,61.44,61.5394,60.1476,60.6447,6046.220703125,0
PCF,D,20220419,000000,59.6505,60.5452,57.861,60.3464,7171.77734375,0
PCF,D,20220420,000000,60.1476,63.6272,59.6505,63.1301,16819.98046875,0
PCF,D,20220421,000000,63.1301,63.2295,59.9487,63.1301,13624.365234375,0
PCF,D,20220422,000000,63.826,67.5045,59.8493,65.5161,138939.35546875,0
PCF,D,20220425,000000,65.4167,66.4109,62.7324,64.3231,7761.2109375,0
PCF,D,20220426,000000,64.1243,65.6155,62.2353,63.6272,4409.6875,0
PCF,D,20220427,000000,62.633,65.6155,59.2528,60.6447,8019.716796875,0
PCF,D,20220428,000000,60.6447,63.1301,59.054,63.1301,6904.21875,0
PCF,D,20220429,000000,64.3231,64.3231,60.6447,61.0423,9719.619140625,0
PCF,D,20220502,000000,60.247,60.6447,58.1592,58.1592,8905.87890625,0
PCF,D,20220504,000000,57.6621,57.7616,56.0715,56.0715,2719.84375,0
PCF,D,20220505,000000,55.8726,55.972,50.9017,51.6971,18079.31640625,0
PCF,D,20220506,000000,51.6971,51.6971,48.7146,49.659,6374.130859375,0
PCF,D,20220509,000000,49.4105,49.8082,46.7262,46.7262,5389.39453125,0
PCF,D,20220510,000000,45.8812,47.621,44.8373,46.5274,8373.779296875,0
PCF,D,20220511,000000,46.428,49.3111,46.428,47.7204,3946.9921875,0
PCF,D,20220512,000000,46.7262,47.7204,42.1033,44.8373,13265.2734375,0
PCF,D,20220513,000000,45.732,46.6268,43.9425,46.6268,2897.880859375,0
PCF,D,20220516,000000,46.7262,48.2672,45.2847,47.7204,4111.953125,0
PCF,D,20220517,000000,46.925,51.2,46.925,51.1006,4776.826171875,0
PCF,D,20220518,000000,51.2,51.6971,50.3052,51.6971,2359.74609375,0
PCF,D,20220519,000000,50.3052,53.6854,47.8198,53.6854,4317.1484375,0
PCF,D,20220520,000000,51.7965,53.586,50.8023,52.6913,4233.662109375,0
PCF,D,20220523,000000,52.393,53.2878,51.1006,52.0948,1368.974609375,0
PCF,D,20220524,000000,52.5918,52.5918,49.8082,50.7029,1131.591796875,0
PCF,D,20220525,000000,50.7029,53.6854,49.7087,53.6854,1438.37890625,0
PCF,D,20220526,000000,53.586,53.586,51.6971,53.2878,357.080078125,0
PCF,D,20220527,000000,51.7965,51.7965,50.2058,51.4983,1614.404296875,0
PCF,D,20220530,000000,50.9017,51.4983,50.2058,51.4983,2374.833984375,0
PCF,D,20220531,000000,51.5977,51.5977,48.3169,50.7029,6619.560546875,0
PCF,D,20220601,000000,48.9134,49.5596,48.2175,48.7146,1742.1484375,0
PCF,D,20220602,000000,48.2672,50.5041,48.0186,50.5041,5054.443359375,0
PCF,D,20220603,000000,50.5041,54.6796,50.5041,50.8023,6062.314453125,0
PCF,D,20220606,000000,50.7029,52.5918,50.4047,51.6971,1526.89453125,0
PCF,D,20220607,000000,51.6971,52.1942,51.6971,51.7965,357.080078125,0
PCF,D,20220608,000000,52.1942,52.393,50.8023,51.6971,8564.892578125,0
PCF,D,20220609,000000,50.9017,51.6971,50.9017,51.3988,1232.177734375,0
PCF,D,20220610,000000,50.7029,51.6971,49.9076,51.0012,15107.001953125,0
PCF,D,20220613,000000,50.7029,50.7029,49.0625,50.2058,15107.001953125,0
PCF,D,20220614,000000,50.2058,50.2058,48.9134,49.6093,1516.8359375,0
PCF,D,20220615,000000,50.7029,50.7029,48.8637,49.6093,637.71484375,0
PCF,D,20220617,000000,49.659,50.3052,49.2614,50.2058,1667.71484375,0
PCF,D,20220620,000000,49.9076,49.9076,49.1122,49.5099,1316.669921875,0
PCF,D,20220621,000000,49.1122,51.2,49.1122,50.9017,819.775390625,0
PCF,D,20220622,000000,50.2058,50.2058,48.1181,48.7146,2510.625,0
PCF,D,20220623,000000,49.659,49.659,48.2175,49.3608,455.654296875,0
PCF,D,20220624,000000,49.3608,49.3608,46.3285,48.2672,1031.005859375,0
PCF,D,20220627,000000,48.6649,50.007,46.8256,50.007,1432.34375,0
PCF,D,20220628,000000,49.7087,52.6913,49.7087,52.5918,3971.1328125,0
PCF,D,20220629,000000,51.8959,55.8726,51.8959,55.8726,8502.529296875,0
PCF,D,20220630,000000,55.6738,56.668,54.1825,56.668,7370.9375,0
PCF,D,20220701,000000,57.0656,57.4633,51.6971,53.0889,8164.560546875,0
PCF,D,20220704,000000,51.6971,51.6971,49.5099,51.2,25235,0
PCF,D,20220705,000000,50.007,50.7029,49.2614,50.7029,2968.291015625,0
PCF,D,20220706,000000,49.5099,52.0948,49.5099,51.2,3112.12890625,0
PCF,D,20220707,000000,51.2,51.6,50.1,51.6,1351,0
PCF,D,20220708,000000,52.9,53.6,51.2,53.6,1448,0
PCF,D,20220711,000000,53.6,53.6,51.1,51.4,6722,0
PCF,D,20220712,000000,51.2,51.7,50.8,51.7,1855,0
PCF,D,20220713,000000,51.6,51.6,50.2,50.7,1930,0
PCF,D,20220714,000000,50.7,50.9,50.1,50.9,809,0
PCF,D,20220715,000000,51,51.4,50.3,50.3,58,0
PCF,D,20220718,000000,50.3,51.5,50.1,50.1,1537,0
PCF,D,20220719,000000,50.1,50.8,49.25,49.25,27856,0
PCF,D,20220720,000000,49.9,49.9,49.25,49.6,274,0
PCF,D,20220721,000000,50,50,49.45,49.6,56,0
PCF,D,20220722,000000,49.35,50.9,48.7,49.75,2610,0
PCF,D,20220725,000000,50.7,50.7,49.2,49.2,523,0
PCF,D,20220726,000000,50.7,50.7,48.3,49.2,5021,0
PCF,D,20220727,000000,48.95,49.85,48.35,49.4,430,0
PCF,D,20220728,000000,49.85,50.5,49.85,50.5,1417,0
PCF,D,20220729,000000,50.2,51,50,50.5,1247,0
PCF,D,20220801,000000,51.4,51.5,49.2,50.5,4399,0
PCF,D,20220802,000000,51,51,49.4,50.5,333,0
PCF,D,20220803,000000,50,51.5,49.75,51.5,1047,0
PCF,D,20220804,000000,51.5,51.5,50,51,1193,0
PCF,D,20220805,000000,51.5,51.5,49.2,50.4,967,0
PCF,D,20220808,000000,49.3,49.9,49.3,49.85,8520,0
PCF,D,20220809,000000,49.9,49.95,49.5,49.95,13432,0
PCF,D,20220810,000000,50,50,49.05,49.95,254,0
PCF,D,20220811,000000,49.3,49.8,48.9,49.15,1718,0
PCF,D,20220812,000000,49.5,49.5,49,49.05,466,0
PCF,D,20220816,000000,49.05,51.1,49.05,50.3,27789,0
PCF,D,20220817,000000,51.1,51.1,49.9,50.4,3965,0
PCF,D,20220818,000000,50,50,49.3,50,262,0
PCF,D,20220819,000000,50,50,48.8,49.5,20598,0
PCF,D,20220822,000000,48.65,49.9,48.6,49.9,273,0
PCF,D,20220823,000000,49.9,49.9,48.65,49.4,643,0
PCF,D,20220824,000000,49.9,49.9,48.4,49.2,589,0
PCF,D,20220825,000000,48.5,48.85,47.75,48.5,1033,0
PCF,D,20220826,000000,48.6,48.6,47.6,48.35,568,0
PCF,D,20220829,000000,48.3,48.3,44.15,47.7,1340,0
PCF,D,20220830,000000,47.7,47.7,46.3,47.2,387,0
PCF,D,20220831,000000,47.95,47.95,45.55,45.7,1211,0
PCF,D,20220901,000000,45.2,47.45,45.2,47.45,1411,0
PCF,D,20220902,000000,47.4,47.4,45.5,46.7,592,0
PCF,D,20220905,000000,46.5,46.5,44.9,45.8,1105,0
PCF,D,20220906,000000,45,45.4,42.9,44,3856,0
PCF,D,20220907,000000,44,44,42.9,43.95,2239,0
PCF,D,20220908,000000,44,44,42.2,43.3,2800,0
PCF,D,20220909,000000,43.3,44.95,42.8,44,2606,0
PCF,D,20220912,000000,44,44,43.3,44,9288,0
PCF,D,20220913,000000,44,45.5,44,45.05,303,0
PCF,D,20220914,000000,44,45.6,44,45,1938,0
PCF,D,20220915,000000,45,47.9,45,47,2863,0
PCF,D,20220916,000000,46.95,46.95,45.55,46.9,784,0
PCF,D,20220919,000000,46.9,46.9,45.2,45.9,736,0
PCF,D,20220920,000000,45.9,46.1,43.3,44,2464,0
PCF,D,20220921,000000,44.8,45.7,43.65,45.35,3217,0
PCF,D,20220922,000000,45,45.95,44,44,12734,0
PCF,D,20220923,000000,43.55,45,43,45,6659,0
PCF,D,20220926,000000,41,41.8,39.1,39.75,111079,0
PCF,D,20220927,000000,39.95,39.95,38.25,38.95,3809,0
PCF,D,20220928,000000,38.25,41.5,38.25,41.5,14938,0
PCF,D,20220929,000000,41.9,41.95,40.5,41.1,2864,0
PCF,D,20220930,000000,41.45,41.45,40.6,41.2,90,0
PCF,D,20221003,000000,41.25,41.25,39.1,40,3902,0
PCF,D,20221004,000000,39.15,41,39.15,40.5,2218,0
PCF,D,20221005,000000,40,40.4,39.6,40.2,557,0
PCF,D,20221006,000000,40.2,41.5,40,41.2,1727,0
PCF,D,20221007,000000,41.15,41.95,40.05,41.95,35697,0
PCF,D,20221010,000000,41.95,41.95,40.25,41.2,229,0
PCF,D,20221011,000000,41.45,41.45,40.25,40.7,539,0
PCF,D,20221012,000000,40.1,40.7,39.6,40.1,4156,0
PCF,D,20221013,000000,40.85,40.85,39.6,39.6,1327,0
PCF,D,20221014,000000,39.65,41.35,39.65,41,2554,0
PCF,D,20221017,000000,41.9,41.9,41,41.85,192,0
PCF,D,20221018,000000,41.95,43.6,41.05,43.5,3471,0
PCF,D,20221019,000000,43.2,43.9,43.05,43.9,1434,0
PCF,D,20221020,000000,43.9,43.9,42,43,2160,0
PCF,D,20221021,000000,43.5,43.5,41.35,42.1,441,0
PCF,D,20221024,000000,42.9,42.9,42.15,42.15,17,0
PCF,D,20221025,000000,41.3,43.5,41.3,43.5,2006,0
PCF,D,20221026,000000,43.5,43.9,41.7,43.9,2701,0
PCF,D,20221027,000000,45,46.4,44.1,46.4,2659,0
PCF,D,20221028,000000,46.3,46.9,44.75,46.9,782,0
PCF,D,20221031,000000,46.8,48.7,45.3,47.5,6711,0
PCF,D,20221102,000000,47,47,46,46.5,323,0
PCF,D,20221103,000000,46.45,46.45,43,44,2977,0
PCF,D,20221104,000000,44,44.65,43.6,44.4,3019,0
PCF,D,20221107,000000,44,45,43.8,44,2780,0
PCF,D,20221108,000000,44.4,44.4,42.95,43.65,1672,0
PCF,D,20221109,000000,43.65,43.65,41.7,43.6,707,0
PCF,D,20221110,000000,43.25,43.9,43,43.9,1603,0
PCF,D,20221114,000000,43.9,44,42.75,43.95,2124,0
PCF,D,20221115,000000,44,44,42.8,44,929,0
PCF,D,20221116,000000,42.7,43.45,42.5,43.2,440,0
PCF,D,20221117,000000,41.75,43.2,41.75,42,2132,0
PCF,D,20221118,000000,42.9,43,41.7,43,1577,0
PCF,D,20221121,000000,43,44,42.9,44,89,0
PCF,D,20221122,000000,44.45,44.45,42.2,44.15,302,0
PCF,D,20221123,000000,44.15,44.15,43,43.75,635,0
PCF,D,20221124,000000,44,44,42.6,43.5,1143,0
PCF,D,20221125,000000,43.5,43.5,42.2,43,1071,0
PCF,D,20221128,000000,43,43,42.15,42.7,963,0
PCF,D,20221129,000000,42.7,42.7,40.2,42,5545,0
PCF,D,20221130,000000,42,42,40.7,41,3694,0
PCF,D,20221201,000000,41.9,42,40.5,41.4,1942,0
PCF,D,20221202,000000,41.95,41.95,40.85,41,1545,0
PCF,D,20221205,000000,40.95,41.3,40.2,40.6,4171,0
PCF,D,20221206,000000,40.95,40.95,40.2,40.5,546,0
PCF,D,20221207,000000,40.2,40.7,40,40.5,3814,0
PCF,D,20221208,000000,41.85,41.85,39.5,40.9,3137,0
PCF,D,20221209,000000,41,41,39.5,40,958,0
PCF,D,20221212,000000,40,40.55,39.25,40,869,0
PCF,D,20221213,000000,40,40.5,39.65,40.5,1373,0
PCF,D,20221214,000000,40,40.5,38.5,39.85,4071,0
PCF,D,20221215,000000,40.55,40.55,39.1,40,1661,0
PCF,D,20221216,000000,40,40.65,39.5,39.7,1289,0
PCF,D,20221219,000000,39.8,39.8,39,39.6,1476,0
PCF,D,20221220,000000,39.05,39.75,39.05,39.2,1778,0
PCF,D,20221221,000000,39.05,39.75,38.65,39.4,2063,0
PCF,D,20221222,000000,39.7,39.7,39,39.45,1260,0
PCF,D,20221223,000000,39.6,39.6,38.8,39.3,1464,0
PCF,D,20221227,000000,39.2,39.4,38,38.7,3649,0
PCF,D,20221228,000000,38.9,39.45,38.7,39,6162,0
PCF,D,20221229,000000,39.6,39.6,39,39,486,0
PCF,D,20221230,000000,39,39.2,38.75,39.2,1408,0
PCF,D,20230102,000000,39.25,39.65,38.9,39.45,1453,0
PCF,D,20230103,000000,39.25,40.75,38.9,40.75,2974,0
PCF,D,20230104,000000,40.75,41.7,40.55,41.45,1397,0
PCF,D,20230105,000000,41.4,41.4,40.2,41,1915,0
PCF,D,20230109,000000,41,41.3,39,40.95,2168,0
PCF,D,20230110,000000,40.9,40.9,38.7,39.45,5517,0
PCF,D,20230111,000000,40.4,40.4,39.5,39.5,1023,0
PCF,D,20230112,000000,39.5,40,39,39.8,2822,0
PCF,D,20230113,000000,39.95,40,39.2,39.55,2225,0
PCF,D,20230116,000000,40,40.05,39.5,39.5,2582,0
PCF,D,20230117,000000,40.45,40.45,39.3,39.6,347,0
PCF,D,20230118,000000,39.7,39.8,39,39.5,1538,0
PCF,D,20230119,000000,39.5,39.65,39.1,39.5,5602,0
PCF,D,20230120,000000,39.6,39.6,38.8,38.85,2812,0
PCF,D,20230123,000000,39.05,39.5,39,39.25,393,0
PCF,D,20230124,000000,39.4,39.45,38.8,39.15,2086,0
PCF,D,20230125,000000,39.45,39.5,38.7,39.5,2199,0
PCF,D,20230126,000000,38.75,39.5,38.7,39.5,1545,0
PCF,D,20230127,000000,39.45,40.35,39,40.3,2923,0
PCF,D,20230130,000000,39.2,39.8,38.5,39,4560,0
PCF,D,20230131,000000,39.75,39.85,38.75,39.75,1672,0
PCF,D,20230201,000000,38,39.9,36.5,37.9,18906,0
PCF,D,20230202,000000,37.8,38.6,37.3,37.7,5627,0
PCF,D,20230203,000000,38.25,38.25,37.35,37.55,3178,0
PCF,D,20230206,000000,37.3,37.4,36.75,36.95,6507,0
PCF,D,20230207,000000,36.95,37.1,36.5,37,1811,0
PCF,D,20230208,000000,37,38.5,36.4,37.2,5247,0
PCF,D,20230209,000000,37.2,38.5,36.6,37.2,3053,0
PCF,D,20230210,000000,37.2,37.2,36.2,37,1414,0
PCF,D,20230213,000000,37,37,36.15,36.6,1161,0
PCF,D,20230214,000000,36.9,37,36,37,1812,0
PCF,D,20230215,000000,37,38.05,36.5,38,3099,0
PCF,D,20230216,000000,38,38,37,37.8,473,0
PCF,D,20230217,000000,37.95,37.95,36.45,37.2,3236,0
PCF,D,20230220,000000,37.1,37.1,37,37,1160,0
PCF,D,20230221,000000,36.9,37.8,36.9,37.5,2906,0
PCF,D,20230222,000000,37.7,37.7,36.5,37,884,0
PCF,D,20230223,000000,37,37,36.7,37,354,0
PCF,D,20230224,000000,37.2,37.2,36.65,36.95,1092,0
PCF,D,20230227,000000,36.65,37.2,36.65,37.2,1034,0
PCF,D,20230228,000000,37.2,37.2,36.65,36.8,525,0
PCF,D,20230301,000000,36.8,37.2,36.8,37.2,1387,0
PCF,D,20230302,000000,37.4,37.4,36.3,36.3,1366,0
PCF,D,20230303,000000,36.6,36.85,36.35,36.5,567,0
PCF,D,20230306,000000,36.75,37.3,36.75,37.1,1744,0
PCF,D,20230307,000000,37.1,37.4,36.6,37.4,2843,0
PCF,D,20230308,000000,37,37.3,36.8,37.3,192,0
PCF,D,20230309,000000,37.3,37.3,35.95,36.55,4921,0
PCF,D,20230310,000000,35.95,36.6,35.55,36.15,2716,0
PCF,D,20230313,000000,36.05,36.05,35,35.75,2346,0
PCF,D,20230314,000000,35.75,35.75,35.2,35.65,592,0
PCF,D,20230315,000000,35.65,35.65,34.2,34.95,2731,0
PCF,D,20230316,000000,34.95,34.95,34,34.95,671,0
PCF,D,20230317,000000,34.95,35.75,34.9,35,5480,0
PCF,D,20230320,000000,35,36,35,36,1565,0
PCF,D,20230321,000000,37,37.4,35.25,37.35,3338,0
PCF,D,20230322,000000,37.3,37.9,37,37.9,1688,0
PCF,D,20230323,000000,37.1,37.9,37.05,37.9,569,0
PCF,D,20230324,000000,37.9,37.9,36.95,37.8,1719,0
PCF,D,20230327,000000,37.9,37.9,36.7,37.1,2151,0
PCF,D,20230328,000000,37.1,37.1,36.55,36.75,576,0
PCF,D,20230329,000000,40,41.75,38.2,40.95,22382,0
PCF,D,20230330,000000,41,41.65,39.5,40.5,10680,0
PCF,D,20230331,000000,40.5,40.55,40,40.1,2827,0
PCF,D,20230403,000000,40.85,40.85,39.9,40,944,0
PCF,D,20230404,000000,40.2,40.2,39.5,39.6,767,0
PCF,D,20230405,000000,40,40,38.6,39.2,764,0
PCF,D,20230406,000000,39.4,39.4,38.4,38.4,1081,0
PCF,D,20230411,000000,38.4,39.95,38.4,38.9,714,0
PCF,D,20230412,000000,38.95,39.15,38.65,38.8,2149,0
PCF,D,20230413,000000,39,39.4,38.65,39.4,1435,0
PCF,D,20230414,000000,39,40,39,39,1889,0
PCF,D,20230417,000000,39.1,39.9,39,39.7,636,0
PCF,D,20230418,000000,39.7,39.7,38.4,38.4,1603,0
PCF,D,20230419,000000,38.4,39,38.4,39,518,0
PCF,D,20230420,000000,39,39,38.45,39,609,0
PCF,D,20230421,000000,39,39,38.4,38.5,824,0
PCF,D,20230424,000000,38.8,38.8,38.25,38.25,1151,0
PCF,D,20230425,000000,38.2,38.7,38.2,38.2,1274,0
PCF,D,20230426,000000,38.2,38.3,38.05,38.05,492,0
PCF,D,20230427,000000,38.1,38.1,36.75,37.9,982,0
PCF,D,20230428,000000,38.3,38.8,37.4,38.7,1860,0
PCF,D,20230502,000000,38.7,41.5,38.2,39.9,5327,0
PCF,D,20230504,000000,40.2,40.5,39.15,40.1,1876,0
PCF,D,20230505,000000,40.1,40.1,39,39.8,892,0
PCF,D,20230508,000000,40,40.8,39,40.2,5067,0
PCF,D,20230509,000000,40.2,40.85,39.9,40.85,5158,0
PCF,D,20230510,000000,40.85,40.95,40,40.9,1159,0
PCF,D,20230511,000000,40,40.95,40,40.85,1296,0
PCF,D,20230512,000000,40.85,40.95,40.25,40.95,1008,0
PCF,D,20230515,000000,40.95,40.95,40.25,40.8,2227,0
PCF,D,20230516,000000,40.7,40.85,40.7,40.75,688,0
PCF,D,20230517,000000,40,40.65,40,40.15,1169,0
PCF,D,20230518,000000,40.75,40.9,39.55,40.9,1860,0
PCF,D,20230519,000000,40.9,41.5,40.8,41.5,1878,0
PCF,D,20230522,000000,41.45,41.45,40.1,40.7,5373,0
PCF,D,20230523,000000,40.9,40.9,39.45,40.45,5139,0
PCF,D,20230524,000000,40.35,40.35,39.4,40.3,1187,0
PCF,D,20230525,000000,40.3,40.3,39.5,39.8,844,0
PCF,D,20230526,000000,40,40,39.2,40,1001,0
PCF,D,20230529,000000,39.25,39.9,39.05,39.25,3070,0
PCF,D,20230530,000000,39.8,39.8,39,39.05,1598,0
PCF,D,20230531,000000,39.1,39.4,39,39,3796,0
PCF,D,20230601,000000,39,40.75,39,39.8,3534,0
PCF,D,20230602,000000,40,40.8,39.35,40.8,3414,0
PCF,D,20230605,000000,40.8,40.8,39.5,39.5,5979,0
PCF,D,20230606,000000,39.55,41.25,39.55,41,3257,0
PCF,D,20230607,000000,41.25,42.2,41.2,42.15,7911,0
PCF,D,20230609,000000,42.15,43.55,42,43,5808,0
PCF,D,20230612,000000,43,43,41.8,42.5,1421,0
PCF,D,20230613,000000,42.5,42.5,40.35,40.8,4107,0
PCF,D,20230614,000000,40.8,43.7,39.65,42.5,130540,0
PCF,D,20230615,000000,43.4,44.95,42.8,44.2,109553,0
PCF,D,20230616,000000,44.4,46,43.6,45.8,9640,0
PCF,D,20230619,000000,47.2,48.45,46,48,25221,0
PCF,D,20230620,000000,48,48,46,46.7,3402,0
PCF,D,20230621,000000,46,46.4,45.25,45.9,2398,0
PCF,D,20230622,000000,45.2,45.7,45.15,45.4,1759,0
PCF,D,20230623,000000,45.4,45.5,43.55,44,2798,0
PCF,D,20230626,000000,43.9,43.9,42,43.1,5240,0
PCF,D,20230627,000000,43,44.8,42.2,44.8,6480,0
PCF,D,20230628,000000,44.95,47,44.25,47,4144,0
PCF,D,20230629,000000,47,48.5,46,48.5,13911,0
PCF,D,20230630,000000,48.5,49.5,46.55,49.5,11749,0
PCF,D,20230703,000000,49.5,49.5,47.4,48,1195,0
PCF,D,20230704,000000,48,48.75,46.15,46.3,2046,0
PCF,D,20230705,000000,47.7,47.7,46.1,46.4,1061,0
PCF,D,20230706,000000,46.35,47.6,44.5,46.15,2662,0
PCF,D,20230707,000000,46.15,46.3,45.2,45.9,593,0
PCF,D,20230710,000000,45.3,45.5,43.5,45.4,2208,0
PCF,D,20230711,000000,43,43.5,42.5,42.85,6748,0
PCF,D,20230712,000000,42.85,43.75,42.5,42.5,1466,0
PCF,D,20230713,000000,43.25,43.4,42.6,42.6,1762,0
PCF,D,20230714,000000,43.2,44,42.55,44,1073,0
PCF,D,20230717,000000,43.1,43.9,43.1,43.65,4102,0
PCF,D,20230718,000000,44,44,42.65,43,4440,0
PCF,D,20230719,000000,42.95,43.5,42.5,43.1,1495,0
PCF,D,20230720,000000,43.05,43.1,42.6,43,844,0
PCF,D,20230721,000000,43.05,43.05,42.5,42.5,908,0
PCF,D,20230724,000000,42.9,43.05,42.5,43,1694,0
PCF,D,20230725,000000,43,43.35,42.75,42.8,341,0
PCF,D,20230726,000000,43.35,43.4,42.6,43,392,0
PCF,D,20230727,000000,42.7,43.25,42.6,43.2,2238,0
PCF,D,20230728,000000,43.15,43.15,42.3,42.95,3271,0
PCF,D,20230731,000000,43,43,42.2,42.8,704,0
PCF,D,20230801,000000,42.7,42.7,42,42.15,1274,0
PCF,D,20230802,000000,42.45,42.45,41.5,41.5,2109,0
PCF,D,20230803,000000,41.5,42,41.1,42,2208,0
PCF,D,20230804,000000,42.4,42.8,41.6,42.5,1003,0
PCF,D,20230807,000000,41.8,43,41.8,43,927,0
PCF,D,20230808,000000,43,43,42,42.75,1167,0
PCF,D,20230809,000000,42.5,42.85,42.1,42.85,443,0
PCF,D,20230810,000000,42.6,42.6,41.35,41.5,5369,0
PCF,D,20230811,000000,41.5,41.7,41.2,41.4,3285,0
PCF,D,20230814,000000,41.2,41.9,40.6,41.9,3593,0
PCF,D,20230816,000000,41.5,42.45,40.65,41.5,1596,0
PCF,D,20230817,000000,41.45,41.8,40.65,41.7,3949,0
PCF,D,20230818,000000,41.65,41.65,40.85,41.25,265,0
PCF,D,20230821,000000,41.25,42,41.25,42,1621,0
PCF,D,20230822,000000,42,42,41.5,41.5,979,0
PCF,D,20230823,000000,41.5,41.5,41,41.5,664,0
PCF,D,20230824,000000,42,42,40.8,40.8,1680,0
PCF,D,20230825,000000,40.85,41.45,40.65,41.45,300,0
PCF,D,20230828,000000,41,41.5,41,41.5,614,0
PCF,D,20230829,000000,41.95,41.95,40.65,41.85,173,0
PCF,D,20230830,000000,41.85,41.85,40.6,41.75,618,0
PCF,D,20230831,000000,41.75,43,41.25,42,1598,0
PCF,D,20230901,000000,41.9,42,41.55,42,963,0
PCF,D,20230904,000000,41.55,42.8,41.55,42.8,1195,0
PCF,D,20230905,000000,42.8,42.8,41.6,42.5,514,0
PCF,D,20230906,000000,42.5,42.5,41.5,41.5,284,0
PCF,D,20230907,000000,41.5,42.4,41.5,42.1,984,0
PCF,D,20230908,000000,42.1,42.25,41.15,42.25,126,0
PCF,D,20230911,000000,42.15,42.15,41.2,41.25,452,0
PCF,D,20230912,000000,42.15,42.15,40.7,40.7,720,0
PCF,D,20230913,000000,40.25,40.5,40.05,40.2,2324,0
PCF,D,20230914,000000,40.2,40.2,39.8,40.2,1686,0
PCF,D,20230915,000000,40.2,40.2,39.6,40.2,5110,0
PCF,D,20230918,000000,40,41.25,40,40,877,0
PCF,D,20230919,000000,40,40.75,39.55,40,745,0
PCF,D,20230920,000000,40.1,40.1,39.55,40,1021,0
PCF,D,20230921,000000,39.55,40,39.5,40,291,0
PCF,D,20230922,000000,38.65,38.8,36.9,38.8,11338,0
PCF,D,20230925,000000,38.8,38.8,37.55,38,3333,0
PCF,D,20230926,000000,38.25,38.95,37.5,38.8,3194,0
PCF,D,20230927,000000,38.85,38.85,37.2,38.25,1627,0
PCF,D,20230928,000000,37.2,37.8,36.8,37.5,2788,0
PCF,D,20230929,000000,37.5,38.25,36.9,37.9,1349,0
PCF,D,20231002,000000,37.95,37.95,36.6,37.5,1036,0
PCF,D,20231003,000000,36.5,36.5,34.5,34.5,9984,0
PCF,D,20231004,000000,35,35.35,34.15,34.6,3096,0
PCF,D,20231005,000000,34.6,35.1,34.2,34.5,2481,0
PCF,D,20231006,000000,35.2,35.2,33.45,34,2288,0
PCF,D,20231009,000000,34.4,34.4,33.3,33.9,523,0
PCF,D,20231010,000000,34,34.75,33,33.8,3772,0
PCF,D,20231011,000000,33.85,33.85,33.2,33.6,629,0
PCF,D,20231012,000000,33.2,34.75,33.2,34.5,2306,0
PCF,D,20231013,000000,34,34.2,32.9,33.2,9786,0
PCF,D,20231016,000000,34.4,34.4,33.2,33.3,670,0
PCF,D,20231017,000000,32.3,32.55,31.3,32.2,8038,0
PCF,D,20231018,000000,32.2,34.4,31.6,34.4,39495,0
PCF,D,20231019,000000,34,38,33.25,38,4328,0
PCF,D,20231020,000000,37.6,37.6,34.4,37.6,5275,0
PCF,D,20231023,000000,37.2,37.2,35.6,37.2,1130,0
PCF,D,20231024,000000,37.2,39,35.85,39,19357,0
PCF,D,20231025,000000,37.1,39.4,37.1,39,23894,0
PCF,D,20231026,000000,39,39,38,38,341,0
PCF,D,20231027,000000,38,38,36.95,37.7,855,0
PCF,D,20231030,000000,36.3,38.5,36.05,38,3610,0
PCF,D,20231031,000000,38.5,38.5,37.7,38.4,3199,0
PCF,D,20231102,000000,38.9,39,36.7,38.5,2742,0
PCF,D,20231103,000000,38.9,38.9,36.5,38.9,1743,0
PCF,D,20231106,000000,37.8,38.4,37.15,38.3,1591,0
PCF,D,20231107,000000,38.1,38.1,37.1,37.9,1638,0
PCF,D,20231108,000000,37.95,37.95,37,37.6,2995,0
PCF,D,20231109,000000,37.2,37.2,35.5,35.55,12158,0
PCF,D,20231110,000000,36,36.5,35.1,36.5,2325,0
PCF,D,20231113,000000,36.5,36.7,35.55,36.6,945,0
PCF,D,20231114,000000,36.95,37,35.7,37,11193,0
PCF,D,20231115,000000,37,37,36,37,615,0
PCF,D,20231116,000000,37,37,35,35.5,2551,0
PCF,D,20231117,000000,35.5,36.95,35.2,36.95,1230,0
PCF,D,20231120,000000,35.95,36.95,35.4,36.95,1352,0
PCF,D,20231121,000000,36.95,36.95,35.3,36.4,3553,0
PCF,D,20231122,000000,36.4,36.9,36,36.9,2420,0
PCF,D,20231123,000000,36.9,36.95,35.5,36.8,3217,0
PCF,D,20231124,000000,36.95,36.95,36.05,36.95,3377,0
PCF,D,20231127,000000,36,36,34.4,34.9,4138,0
PCF,D,20231128,000000,34.85,35.5,34.2,35.5,1644,0
PCF,D,20231129,000000,34.4,34.4,29.8,30,40861,0
PCF,D,20231130,000000,30,31,28.7,31,56333,0
PCF,D,20231201,000000,30.5,30.5,29.4,30,7315,0
PCF,D,20231204,000000,30,30,28.7,29,3804,0
PCF,D,20231205,000000,29,29,26.1,26.4,22652,0
PCF,D,20231206,000000,26.2,26.35,25.5,25.7,28238,0
PCF,D,20231207,000000,25.4,25.75,24.55,25.65,7535,0
PCF,D,20231208,000000,25.6,25.65,25.05,25.45,6991,0
PCF,D,20231211,000000,25.5,25.75,24.9,25.6,44336,0
PCF,D,20231212,000000,25.7,27.4,25.7,27,12068,0
PCF,D,20231213,000000,26.95,28.3,26.15,28.1,12899,0
PCF,D,20231214,000000,28,30.3,28,29.7,4246,0
PCF,D,20231215,000000,29.7,29.8,28.1,29.8,18520,0
PCF,D,20231218,000000,29.6,30.2,29.1,29.15,2274,0
PCF,D,20231219,000000,29.5,29.5,28.5,28.95,1899,0
PCF,D,20231220,000000,28.9,28.9,27,28.1,15166,0
PCF,D,20231221,000000,28.7,29.8,28.6,29.8,18100,0
PCF,D,20231222,000000,31.8,31.8,30,30.7,22155,0
PCF,D,20231227,000000,31.8,31.8,30.75,31,34111,0
PCF,D,20231228,000000,31.8,32.75,31,32.5,19288,0
PCF,D,20231229,000000,32.15,32.45,29.45,29.45,8419,0
PCF,D,20240102,000000,29.7,30.7,29.45,30.7,4447,0
PCF,D,20240103,000000,30.65,32.5,30.6,31.35,2705,0
PCF,D,20240104,000000,31.35,31.85,30.1,30.65,2178,0
PCF,D,20240105,000000,30.4,31.5,30.4,30.95,1190,0
PCF,D,20240108,000000,30.95,30.95,30.1,30.5,538,0
PCF,D,20240109,000000,30.5,30.85,30.25,30.35,215,0
PCF,D,20240110,000000,30.35,31,28.5,31,4134,0
PCF,D,20240111,000000,30.9,30.95,30.35,30.95,310,0
PCF,D,20240112,000000,30.95,30.95,29.55,29.55,1117,0
PCF,D,20240115,000000,29.55,30.25,29.55,29.8,226,0
PCF,D,20240116,000000,29.8,29.8,29.3,29.75,725,0
PCF,D,20240117,000000,29.75,29.75,28,29,1454,0
PCF,D,20240118,000000,29,29,28.6,28.8,653,0
PCF,D,20240119,000000,28.9,29.1,28.4,29.1,502,0
PCF,D,20240122,000000,29,29,28.3,28.3,662,0
PCF,D,20240123,000000,28.35,28.8,28.05,28.05,1435,0
PCF,D,20240124,000000,28.05,28.35,27.9,28,2874,0
PCF,D,20240125,000000,28.4,28.4,26.4,27,3502,0
PCF,D,20240126,000000,27.2,27.4,26.4,27.3,500,0
PCF,D,20240129,000000,26.95,27.8,26.65,27.5,463,0
PCF,D,20240130,000000,27.5,27.5,27.1,27.4,184,0
PCF,D,20240131,000000,27.4,27.9,27.3,27.7,8479,0
PCF,D,20240201,000000,27.7,27.75,26.4,27.5,2978,0
PCF,D,20240202,000000,27.7,27.7,26.8,27.1,1368,0
PCF,D,20240205,000000,27.6,27.6,26.5,27,705,0
PCF,D,20240206,000000,27,27,26.25,26.3,4260,0
PCF,D,20240207,000000,26.8,26.8,25.8,26.6,2843,0
PCF,D,20240208,000000,26.6,26.6,25.8,25.9,350,0
PCF,D,20240209,000000,26,26.5,25.9,26,2739,0
PCF,D,20240212,000000,26.05,26.35,25.85,26.35,691,0
PCF,D,20240213,000000,26.35,26.35,25.8,25.8,2625,0
PCF,D,20240214,000000,25.75,26.55,25.75,26,1808,0
PCF,D,20240215,000000,25.9,26,25.55,26,824,0
PCF,D,20240216,000000,26,26,25.35,25.5,5308,0
PCF,D,20240219,000000,25.5,25.5,25.2,25.4,2480,0
PCF,D,20240220,000000,25.25,25.5,25.1,25.1,6286,0
PCF,D,20240221,000000,25.1,25.4,25,25.1,1803,0
PCF,D,20240222,000000,25.1,25.1,24.5,24.95,4753,0
PCF,D,20240223,000000,24.55,24.65,23.65,24.15,3330,0
PCF,D,20240226,000000,24.3,24.85,24.3,24.8,2281,0
PCF,D,20240227,000000,24.6,24.65,24.2,24.55,4124,0
PCF,D,20240228,000000,24.35,24.35,24,24.1,1149,0
PCF,D,20240229,000000,24.3,24.35,24,24,4350,0
PCF,D,20240301,000000,24,24.3,23.95,24.3,2582,0
PCF,D,20240304,000000,24.3,24.3,24.05,24.3,246,0
PCF,D,20240305,000000,24.3,24.3,23.4,23.6,1658,0
PCF,D,20240306,000000,23.6,23.95,23.5,23.95,526,0
PCF,D,20240307,000000,23.95,24,23.25,24,645,0
PCF,D,20240308,000000,24.2,24.2,23.7,23.7,129,0
PCF,D,20240311,000000,23.7,23.95,23.3,23.65,591,0
PCF,D,20240312,000000,23.8,23.8,23.5,23.75,422,0
PCF,D,20240313,000000,23.8,23.8,23,23.05,3318,0
PCF,D,20240314,000000,23.05,24,23.05,23.6,4803,0
PCF,D,20240315,000000,23.9,24,23,23.7,890,0
