<TICKER>,<PER>,<DATE>,<TIME>,<OPEN>,<HIGH>,<LOW>,<CLOSE>,<VOL>,<OPENINT>
PCO,D,20210526,000000,42,45,42,45,18658866,0
PCO,D,20210527,000000,45,45,43.9,44,6020955,0
PCO,D,20210528,000000,44.58,44.845,43.62,44.645,2839908,0
PCO,D,20210531,000000,44.645,44.645,43.625,44,918066,0
PCO,D,20210601,000000,43.99,44.29,43.7,44,907803,0
PCO,D,20210602,000000,44,44.095,43.375,43.735,232464,0
PCO,D,20210604,000000,43.75,43.995,43.55,43.845,579256,0
PCO,D,20210607,000000,43.835,44.245,43.705,43.9,716148,0
PCO,D,20210608,000000,44,44.235,43.9,43.9,953271,0
PCO,D,20210609,000000,43.9,44.185,43.82,43.905,631780,0
PCO,D,20210610,000000,44,44.09,43.5,43.695,733523,0
PCO,D,20210611,000000,43.6,43.88,43.47,43.6,292112,0
PCO,D,20210614,000000,43.55,43.835,42.5,43.2,1229749,0
PCO,D,20210615,000000,43.4,43.4,42.51,42.85,591073,0
PCO,D,20210616,000000,43,43.495,42.2,43.495,444096,0
PCO,D,20210617,000000,43.3,43.88,42.555,43.79,763200,0
PCO,D,20210618,000000,43.72,44.05,43.1,43.995,301265,0
PCO,D,20210621,000000,43.98,44.29,43.32,44.04,176956,0
PCO,D,20210622,000000,44,45.795,43.9,45.55,681223,0
PCO,D,20210623,000000,45.62,47,45.12,46.95,435717,0
PCO,D,20210624,000000,46.95,51.64,46.5,49.57,566884,0
PCO,D,20210625,000000,48.7,51.25,48.7,50.5,1222954,0
PCO,D,20210628,000000,50.58,51.94,50.27,51.3,1070803,0
PCO,D,20210629,000000,51.3,51.94,50.51,51,601294,0
PCO,D,20210630,000000,50.61,51,48.52,49,1291293,0
PCO,D,20210701,000000,49,50.5,48.3,50.31,710072,0
PCO,D,20210702,000000,50.5,51.89,50.17,51.4,1499573,0
PCO,D,20210705,000000,51.8,52.77,51.4,51.88,171680,0
PCO,D,20210706,000000,52,52.84,51.6,51.62,256893,0
PCO,D,20210707,000000,51.71,52.9,51.58,52.5,1279492,0
PCO,D,20210708,000000,52.8,52.8,51.5,52,272447,0
PCO,D,20210709,000000,52.2,52.2,51.45,51.79,160583,0
PCO,D,20210712,000000,51.99,52.35,51.75,52.23,32320,0
PCO,D,20210713,000000,52.24,53.42,52.24,53.13,159335,0
PCO,D,20210714,000000,53.25,53.83,51.67,52,504761,0
PCO,D,20210715,000000,52.99,52.99,51.6,52,1090623,0
PCO,D,20210716,000000,52,53.42,52,52.9,71797,0
PCO,D,20210719,000000,52.9,53,50.54,53,248958,0
PCO,D,20210720,000000,52.6,53.74,52.1,53.04,366339,0
PCO,D,20210721,000000,53.04,54.05,53.04,53.75,305376,0
PCO,D,20210722,000000,53.5,54.97,53,54.56,375462,0
PCO,D,20210723,000000,54.98,54.98,54.01,54.33,313940,0
PCO,D,20210726,000000,54.43,54.98,53.5,54.22,280202,0
PCO,D,20210727,000000,54.4,55.3,54.25,54.74,264062,0
PCO,D,20210728,000000,54.95,55.46,54.31,54.5,253840,0
PCO,D,20210729,000000,55.06,55.06,52.6,54.1,194062,0
PCO,D,20210730,000000,54.1,54.78,53,53.5,175038,0
PCO,D,20210802,000000,53.99,55.84,53.64,54.87,565993,0
PCO,D,20210803,000000,55.01,55.49,54.21,54.58,656170,0
PCO,D,20210804,000000,54.58,55.61,54.35,55.61,560337,0
PCO,D,20210805,000000,55.61,56.4,54.51,56,737903,0
PCO,D,20210806,000000,56.33,56.33,55.44,55.75,79076,0
PCO,D,20210809,000000,55.75,56.16,54.56,55,176389,0
PCO,D,20210810,000000,55.01,56.1,55.01,55.1,621299,0
PCO,D,20210811,000000,55.2,55.9,55.01,55.1,1025887,0
PCO,D,20210812,000000,55,56.19,54.73,55,187603,0
PCO,D,20210813,000000,55.16,57.44,54.98,56.11,372085,0
PCO,D,20210816,000000,57.29,57.29,55.01,56,192043,0
PCO,D,20210817,000000,56,56.98,55.5,55.94,114563,0
PCO,D,20210818,000000,56,56.49,55.52,56.22,531332,0
PCO,D,20210819,000000,56.22,56.88,54.5,55.67,388038,0
PCO,D,20210820,000000,55.67,56.5,54.62,55.5,774818,0
PCO,D,20210823,000000,55.71,56,55.06,55.31,30456,0
PCO,D,20210824,000000,55.24,55.58,54.97,55.5,38206,0
PCO,D,20210825,000000,55.37,55.52,55,55.3,59453,0
PCO,D,20210826,000000,55,55.46,53.58,55,171343,0
PCO,D,20210827,000000,54.86,55.09,54.22,54.22,72719,0
PCO,D,20210830,000000,54.25,55.44,54.01,55,184990,0
PCO,D,20210831,000000,55.13,55.13,53.14,53.8,265479,0
PCO,D,20210901,000000,53.8,54.09,52.22,52.7,501440,0
PCO,D,20210902,000000,52.6,52.7,50.51,52,238223,0
PCO,D,20210903,000000,52,52,50.93,51.6,342198,0
PCO,D,20210906,000000,51.7,52.49,51.51,52,267391,0
PCO,D,20210907,000000,52,53.21,51.81,52.43,368893,0
PCO,D,20210908,000000,52.52,53.02,50.2,51.19,305229,0
PCO,D,20210909,000000,51.01,51.4,50.11,50.79,409031,0
PCO,D,20210910,000000,51.1,51.79,50.13,50.36,150916,0
PCO,D,20210913,000000,50.5,51.78,49.7,50.05,264360,0
PCO,D,20210914,000000,50.11,50.49,49.605,50,153846,0
PCO,D,20210915,000000,50,50.43,48.52,49.995,388352,0
PCO,D,20210916,000000,49.9,50.3,48.13,48.14,213006,0
PCO,D,20210917,000000,48.14,48.98,47.51,47.9,250874,0
PCO,D,20210920,000000,47.7,48,46.805,47.545,177473,0
PCO,D,20210921,000000,47.785,49.95,47.71,49.25,318160,0
PCO,D,20210922,000000,50.35,50.35,49.5,50.1,160158,0
PCO,D,20210923,000000,50.5,52.55,49.755,52.35,819229,0
PCO,D,20210924,000000,52.45,52.46,50.12,51.2,549328,0
PCO,D,20210927,000000,51.21,51.72,49.615,51.19,372467,0
PCO,D,20210928,000000,50.7,51.69,49.96,50.5,564877,0
PCO,D,20210929,000000,50,51.12,50,50.32,116394,0
PCO,D,20210930,000000,50.83,51.07,50.02,51,123817,0
PCO,D,20211001,000000,50.94,53.39,50.12,52.88,208037,0
PCO,D,20211004,000000,52.86,52.86,50.34,50.88,579314,0
PCO,D,20211005,000000,50.88,51.64,50.45,51.5,555347,0
PCO,D,20211006,000000,51.5,52.29,49.995,49.995,1086992,0
PCO,D,20211007,000000,50,50.48,47.84,48.3,721641,0
PCO,D,20211008,000000,48.2,48.655,47,47.27,485394,0
PCO,D,20211011,000000,47.48,48.5,47.305,47.95,535941,0
PCO,D,20211012,000000,47.6,48.29,47.35,47.8,128363,0
PCO,D,20211013,000000,47.65,49.4,47.65,48.12,145818,0
PCO,D,20211014,000000,49.21,49.8,48.195,48.5,475295,0
PCO,D,20211015,000000,48.98,49.11,47.025,47.5,447601,0
PCO,D,20211018,000000,47.985,48.205,46.505,47.175,348898,0
PCO,D,20211019,000000,47,47.485,46,46,404125,0
PCO,D,20211020,000000,45.31,47.455,45.22,47,217730,0
PCO,D,20211021,000000,46.4,47.9,46.4,47.2,122359,0
PCO,D,20211022,000000,47.3,47.705,46.205,46.38,85520,0
PCO,D,20211025,000000,47,48.18,46.525,48.18,227548,0
PCO,D,20211026,000000,48.1,48.105,46.6,47.1,80801,0
PCO,D,20211027,000000,46.99,47.48,46.46,47.2,257568,0
PCO,D,20211028,000000,47.41,47.53,46.8,47.09,179122,0
PCO,D,20211029,000000,47.3,48.245,46.51,47.2,197158,0
PCO,D,20211102,000000,47.5,49,46.67,48.1,402032,0
PCO,D,20211103,000000,48.6,48.6,47.525,47.525,186535,0
PCO,D,20211104,000000,48,48.44,47.205,47.5,170521,0
PCO,D,20211105,000000,48,48.2,46.945,47.25,325329,0
PCO,D,20211108,000000,47.49,47.725,47.21,47.6,43918,0
PCO,D,20211109,000000,47.5,48.495,47.25,47.9,394485,0
PCO,D,20211110,000000,47.9,48.385,47.385,47.62,96115,0
PCO,D,20211112,000000,47.74,47.74,47,47.585,111446,0
PCO,D,20211115,000000,47.33,48.345,46.975,48,213571,0
PCO,D,20211116,000000,48,48,46.005,47.31,177842,0
PCO,D,20211117,000000,47.56,48.595,46.75,48,241368,0
PCO,D,20211118,000000,48,48,47.205,47.73,291585,0
PCO,D,20211119,000000,47.9,48.395,46.805,47.835,389160,0
PCO,D,20211122,000000,48.45,48.5,47.13,47.8,595072,0
PCO,D,20211123,000000,47.8,47.8,46.915,47.6,395177,0
PCO,D,20211124,000000,47.2,48.285,45.525,47.33,602313,0
PCO,D,20211125,000000,47.145,47.945,46.6,47.1,183864,0
PCO,D,20211126,000000,46.145,46.25,45.275,45.9,246701,0
PCO,D,20211129,000000,46,46.5,45.455,46.35,344146,0
PCO,D,20211130,000000,45.85,47.305,43.705,46.68,426933,0
PCO,D,20211201,000000,45.665,47.7,45.665,46.51,423635,0
PCO,D,20211202,000000,46.5,47.5,45.86,46.9,395122,0
PCO,D,20211203,000000,47.7,48.3,46.5,46.8,503144,0
PCO,D,20211206,000000,47,47.495,46.12,47.08,223058,0
PCO,D,20211207,000000,47.1,48.35,47.1,47.87,244244,0
PCO,D,20211208,000000,47.9,50,47.9,48.67,208759,0
PCO,D,20211209,000000,49.01,50.43,48.6,48.6,180445,0
PCO,D,20211210,000000,49,49.865,48.465,49.07,238668,0
PCO,D,20211213,000000,49.4,50.96,48.855,49,425289,0
PCO,D,20211214,000000,50.7,51.39,47.04,47.04,454871,0
PCO,D,20211215,000000,47.66,49.4,47.1,48.2,1022407,0
PCO,D,20211216,000000,48.15,48.87,46.985,47.6,584364,0
PCO,D,20211217,000000,47.545,49.65,46.045,46.47,6157351,0
PCO,D,20211220,000000,46.8,47.28,46.1,46.45,132170,0
PCO,D,20211221,000000,47,47.4,45.32,45.69,306649,0
PCO,D,20211222,000000,45.7,46.12,44,44.855,309307,0
PCO,D,20211223,000000,45.58,46,45.1,45.735,116079,0
PCO,D,20211227,000000,46.215,46.215,43.58,44.51,172630,0
PCO,D,20211228,000000,44.515,45.22,44.1,45.14,141566,0
PCO,D,20211229,000000,45.05,45.745,45.05,45.58,56424,0
PCO,D,20211230,000000,45.8,46.875,45.405,46.515,114915,0
PCO,D,20220103,000000,46.695,46.945,44.99,45.055,317607,0
PCO,D,20220104,000000,45.84,46.45,45.285,46.3,147338,0
PCO,D,20220105,000000,46.25,46.25,44.45,45.75,396004,0
PCO,D,20220107,000000,45.2,45.64,44.96,45.5,139778,0
PCO,D,20220110,000000,45.5,45.58,44.605,44.78,71776,0
PCO,D,20220111,000000,44.88,45.465,44.05,44.67,195926,0
PCO,D,20220112,000000,44.88,45.2,43.6,44.28,184513,0
PCO,D,20220113,000000,45,45.4,42.1,42.2,676296,0
PCO,D,20220114,000000,42.3,43.2,41.415,42.87,189157,0
PCO,D,20220117,000000,42.9,43.095,42.41,42.735,118145,0
PCO,D,20220118,000000,42.98,42.98,41.4,41.4,139806,0
PCO,D,20220119,000000,41.8,42.135,40.4,40.4,172747,0
PCO,D,20220120,000000,40.455,41.3,40.14,41.145,95519,0
PCO,D,20220121,000000,41.14,41.14,40.115,40.2,117772,0
PCO,D,20220124,000000,40.3,40.5,38,38.91,218958,0
PCO,D,20220125,000000,38.79,39.91,38.17,39.245,153189,0
PCO,D,20220126,000000,38.8,41.575,38.35,40.755,177594,0
PCO,D,20220127,000000,40.05,40.75,39.175,40.535,140977,0
PCO,D,20220128,000000,40.54,41.9,39.51,39.64,106390,0
PCO,D,20220131,000000,39.89,40.155,39.25,39.25,113226,0
PCO,D,20220201,000000,39.5,39.97,39.02,39.5,149002,0
PCO,D,20220202,000000,39.55,40.3,39.5,40.3,15103,0
PCO,D,20220203,000000,40.3,42.06,40.3,41.765,160753,0
PCO,D,20220204,000000,41.55,42.13,40.835,42.13,218641,0
PCO,D,20220207,000000,42.6,42.6,40.045,40.555,146933,0
PCO,D,20220208,000000,41,41.155,40.205,40.9,142003,0
PCO,D,20220209,000000,41.38,41.47,40.5,40.995,91598,0
PCO,D,20220210,000000,41.38,41.38,39.6,39.85,143419,0
PCO,D,20220211,000000,39.85,40.295,39.5,40,96588,0
PCO,D,20220214,000000,39.51,39.99,38.2,39.4,135376,0
PCO,D,20220215,000000,39.3,40.6,39.3,40.38,33798,0
PCO,D,20220216,000000,40.5,40.5,40,40.48,62244,0
PCO,D,20220217,000000,40.5,40.5,39.6,40.3,75363,0
PCO,D,20220218,000000,40,40.35,39.805,40.35,78940,0
PCO,D,20220221,000000,39.51,40.395,39.06,39.98,166402,0
PCO,D,20220222,000000,39.05,39.55,38.5,39.3,365911,0
PCO,D,20220223,000000,39,39.95,39,39.8,381452,0
PCO,D,20220224,000000,38.75,38.75,35.85,38.265,1173289,0
PCO,D,20220225,000000,38.3,40.295,38.3,40.035,339053,0
PCO,D,20220228,000000,39.85,41.59,39.46,41.5,92707,0
PCO,D,20220301,000000,41.23,42.795,40.74,41.59,667481,0
PCO,D,20220302,000000,41.4,42.295,37.4,41.115,234750,0
PCO,D,20220303,000000,41.275,44.8,40.965,43,291509,0
PCO,D,20220304,000000,44.44,44.9,40.53,40.755,408478,0
PCO,D,20220307,000000,41.005,41.45,38,41.12,198056,0
PCO,D,20220308,000000,39.965,41.045,39.22,40.5,293298,0
PCO,D,20220309,000000,39.6,42.295,39.5,42.045,435460,0
PCO,D,20220310,000000,42.4,42.8,41.205,41.21,368972,0
PCO,D,20220311,000000,42,42,40.12,40.94,319433,0
PCO,D,20220314,000000,41.5,42.2,40.58,42.18,191676,0
PCO,D,20220315,000000,42.295,42.945,41.5,42.1,101364,0
PCO,D,20220316,000000,42.945,42.945,41.12,42.4,309759,0
PCO,D,20220317,000000,42.85,44.715,42.105,44.25,519773,0
PCO,D,20220318,000000,44.64,46.35,43.85,45.745,1504789,0
PCO,D,20220321,000000,46.32,47.445,45.005,47,392250,0
PCO,D,20220322,000000,46.785,46.99,45.31,46.03,261110,0
PCO,D,20220323,000000,45.84,46.5,45.5,46,164073,0
PCO,D,20220324,000000,45.44,46.99,45.41,46.35,418164,0
PCO,D,20220325,000000,45.66,46.895,45.605,46.56,399011,0
PCO,D,20220328,000000,46.155,46.79,45,46.25,326577,0
PCO,D,20220329,000000,46.5,46.725,45.69,45.69,282263,0
PCO,D,20220330,000000,46,46.47,45.155,46,141217,0
PCO,D,20220331,000000,45.745,46.085,43.745,44.77,425967,0
PCO,D,20220401,000000,45.19,46.635,44.325,45.75,642925,0
PCO,D,20220404,000000,46.665,46.92,45.51,46.09,378907,0
PCO,D,20220405,000000,46.45,46.45,45.25,45.67,113399,0
PCO,D,20220406,000000,46,46.03,44.32,45.24,142400,0
PCO,D,20220407,000000,45.725,45.725,44.845,45.025,75535,0
PCO,D,20220408,000000,45.925,46,44.37,45.5,103706,0
PCO,D,20220411,000000,45.21,45.845,44.62,45.69,161508,0
PCO,D,20220412,000000,45.93,45.93,45.03,45.03,109684,0
PCO,D,20220413,000000,44.96,45.5,44.56,45.02,233382,0
PCO,D,20220414,000000,44.84,45.62,44.68,45,93864,0
PCO,D,20220419,000000,45.18,45.18,43.72,44.4,137582,0
PCO,D,20220420,000000,44,44.66,43.16,43.6,232229,0
PCO,D,20220421,000000,44.7,44.72,42.56,43.28,103440,0
PCO,D,20220422,000000,42.42,43.08,41.58,41.62,92094,0
PCO,D,20220425,000000,40.58,42.68,40.2,42.3,354083,0
PCO,D,20220426,000000,42.8,42.8,40.54,42.12,255796,0
PCO,D,20220427,000000,41.82,42.74,41.12,41.8,130073,0
PCO,D,20220428,000000,42.8,42.8,41.24,41.24,127150,0
PCO,D,20220429,000000,41.66,42.22,41.28,41.78,68682,0
PCO,D,20220502,000000,42.5,42.5,39.8,40.94,52139,0
PCO,D,20220504,000000,40.12,42.22,40.02,41.48,120882,0
PCO,D,20220505,000000,40.66,42.5,40.66,41.62,44395,0
PCO,D,20220506,000000,40.62,41.36,40.22,40.44,64221,0
PCO,D,20220509,000000,40,40.4,39.14,39.14,99683,0
PCO,D,20220510,000000,39.7,41.56,39.02,40,284637,0
PCO,D,20220511,000000,39.78,41.58,39.72,40.5,254186,0
PCO,D,20220512,000000,39.72,40.92,39.04,40.4,125917,0
PCO,D,20220513,000000,40.42,41.48,40.3,40.76,143816,0
PCO,D,20220516,000000,40.44,42.1,40.44,41.94,68917,0
PCO,D,20220517,000000,42.36,42.38,41.54,41.88,270766,0
PCO,D,20220518,000000,41.52,42.1,40.26,40.52,69223,0
PCO,D,20220519,000000,39.7,40.1,39.5,39.64,53822,0
PCO,D,20220520,000000,39.64,41.2,39.64,40,84303,0
PCO,D,20220523,000000,40.62,41.44,40.5,40.76,110187,0
PCO,D,20220524,000000,40.5,41.18,39.44,39.74,86450,0
PCO,D,20220525,000000,40.54,40.64,38.62,39.96,70626,0
PCO,D,20220526,000000,40.48,40.96,39.6,40.2,127170,0
PCO,D,20220527,000000,40.2,40.64,39.62,40.24,114026,0
PCO,D,20220530,000000,40.9,40.9,39.38,39.66,103460,0
PCO,D,20220531,000000,39.66,40,38.64,38.66,118260,0
PCO,D,20220601,000000,38.7,39.62,38.7,39,128557,0
PCO,D,20220602,000000,39.56,39.56,38.2,39.5,109763,0
PCO,D,20220603,000000,39.78,39.78,38.44,39,68100,0
PCO,D,20220606,000000,39,40.84,38.8,40,116098,0
PCO,D,20220607,000000,40,40.46,39.56,40.06,29008,0
PCO,D,20220608,000000,39.8,39.96,38.24,38.82,93094,0
PCO,D,20220609,000000,38.96,39.5,37.12,38.18,174891,0
PCO,D,20220610,000000,37.4,37.88,36.26,36.26,109314,0
PCO,D,20220613,000000,35.44,36.48,34.62,36,157425,0
PCO,D,20220614,000000,36.72,37.28,35.28,36.9,308589,0
PCO,D,20220615,000000,37.4,37.4,35.1,35.72,171718,0
PCO,D,20220617,000000,35.76,36.9,35,35.94,265926,0
PCO,D,20220620,000000,36.66,36.8,35.54,35.92,258009,0
PCO,D,20220621,000000,36.48,36.56,35.58,36.04,74369,0
PCO,D,20220622,000000,35.32,36.3,34.54,36,65818,0
PCO,D,20220623,000000,35.54,37.58,35.54,36.52,291269,0
PCO,D,20220624,000000,36.84,37.18,36.2,36.48,63560,0
PCO,D,20220627,000000,36.26,37.88,36.26,37.8,385448,0
PCO,D,20220628,000000,37.84,38.62,36.82,37,273928,0
PCO,D,20220629,000000,36.9,37.14,35.68,36.3,475035,0
PCO,D,20220630,000000,36.04,36.56,34.24,34.84,451619,0
PCO,D,20220701,000000,34.9,35.38,34.52,34.72,124181,0
PCO,D,20220704,000000,35.38,35.86,34.8,35.12,46004,0
PCO,D,20220705,000000,35.8,35.8,34.42,34.56,142119,0
PCO,D,20220706,000000,35.26,35.96,34.28,34.56,270105,0
PCO,D,20220707,000000,35.08,35.5,34.42,35,105929,0
PCO,D,20220708,000000,34.8,35,34.54,34.84,241230,0
PCO,D,20220711,000000,35,35.4,33.7,34.1,212262,0
PCO,D,20220712,000000,34.1,35.2,33.1,34.14,959184,0
PCO,D,20220713,000000,34.16,35.2,34.02,34.26,177260,0
PCO,D,20220714,000000,35,35,33.16,33.82,318014,0
PCO,D,20220715,000000,33.9,34.34,33.22,33.54,210048,0
PCO,D,20220718,000000,33.84,35.1,33.62,34.7,159392,0
PCO,D,20220719,000000,34.7,34.76,33.82,34.58,125889,0
PCO,D,20220720,000000,35,35,34.38,34.5,72244,0
PCO,D,20220721,000000,34.5,34.84,33.82,33.86,91164,0
PCO,D,20220722,000000,34.56,34.56,33.2,34.18,266911,0
PCO,D,20220725,000000,34.02,34.24,33.7,33.98,125955,0
PCO,D,20220726,000000,34,34,32.6,33,356307,0
PCO,D,20220727,000000,32.6,33.16,32.18,33,196780,0
PCO,D,20220728,000000,32.4,33.68,32.3,33.64,154418,0
PCO,D,20220729,000000,33.64,34.14,33.64,33.92,120480,0
PCO,D,20220801,000000,34,37.18,34,36.58,201135,0
PCO,D,20220802,000000,35.58,36.66,35.56,36.4,188118,0
PCO,D,20220803,000000,36.04,36.48,34.7,35.22,95606,0
PCO,D,20220804,000000,35.92,35.92,34.8,35.12,169766,0
PCO,D,20220805,000000,34.7,35.64,34.52,35.14,218489,0
PCO,D,20220808,000000,35.24,36.18,34.5,35.9,190581,0
PCO,D,20220809,000000,36.2,36.2,35.3,36.18,367127,0
PCO,D,20220810,000000,36.5,37.28,36.22,36.6,334191,0
PCO,D,20220811,000000,37.3,37.3,36.32,36.7,72178,0
PCO,D,20220812,000000,36.78,37.96,36.7,37.5,145352,0
PCO,D,20220816,000000,38.18,38.7,37.22,37.94,297923,0
PCO,D,20220817,000000,38,38.5,37.22,38.1,262687,0
PCO,D,20220818,000000,38.1,38.7,37.64,38.18,150882,0
PCO,D,20220819,000000,37.72,38.92,37.62,38.1,191173,0
PCO,D,20220822,000000,38.08,38.12,35.7,36.7,67467,0
PCO,D,20220823,000000,35.9,37.8,35.9,37.7,116201,0
PCO,D,20220824,000000,37.24,37.9,36.9,37.64,90938,0
PCO,D,20220825,000000,37.72,39.1,37.66,38.3,95628,0
PCO,D,20220826,000000,38.04,38.96,37.62,38,98171,0
PCO,D,20220829,000000,37.24,37.24,36.14,36.6,43469,0
PCO,D,20220830,000000,36.98,37.28,35.56,35.7,39709,0
PCO,D,20220831,000000,36.42,36.42,34.9,35.44,69718,0
PCO,D,20220901,000000,34.8,35.7,34.5,35.18,56909,0
PCO,D,20220902,000000,35.2,35.66,34.5,34.94,87635,0
PCO,D,20220905,000000,34.2,34.74,33.56,34.32,229916,0
PCO,D,20220906,000000,34,34.96,34,34.48,76281,0
PCO,D,20220907,000000,33.62,35.84,33.6,35.52,251848,0
PCO,D,20220908,000000,35.3,35.8,34.26,34.96,226192,0
PCO,D,20220909,000000,35.18,36.08,34.5,36.08,77173,0
PCO,D,20220912,000000,35.36,36.34,35.06,35.68,91982,0
PCO,D,20220913,000000,36.3,36.3,34.02,34.3,75391,0
PCO,D,20220914,000000,34.92,35.8,34.46,35.32,238804,0
PCO,D,20220915,000000,35.34,35.84,34.5,35.62,185043,0
PCO,D,20220916,000000,34.9,36,33.14,34.42,454852,0
PCO,D,20220919,000000,33.86,35.28,33.86,34.9,68408,0
PCO,D,20220920,000000,34.8,35.3,34.46,35.12,90658,0
PCO,D,20220921,000000,34.8,35.56,34.52,35.56,59012,0
PCO,D,20220922,000000,34.84,35.56,34.38,34.48,70186,0
PCO,D,20220923,000000,34.4,34.56,33,33.72,100946,0
PCO,D,20220926,000000,33.12,34.24,32.78,33.58,105991,0
PCO,D,20220927,000000,34.26,34.36,33.1,33.62,75378,0
PCO,D,20220928,000000,32.94,33.18,31.86,31.96,426616,0
PCO,D,20220929,000000,31.96,32.36,30.62,30.62,181585,0
PCO,D,20220930,000000,30.96,31.02,29.1,29.9,455237,0
PCO,D,20221003,000000,29.9,29.9,28.32,29.5,498860,0
PCO,D,20221004,000000,29.52,30.84,29.52,30.1,390654,0
PCO,D,20221005,000000,29.78,31.16,29.6,30.72,108864,0
PCO,D,20221006,000000,31,31.32,29.72,30.12,205117,0
PCO,D,20221007,000000,29.98,30.12,29.12,29.5,151597,0
PCO,D,20221010,000000,28.98,29.88,28.8,29.48,124888,0
PCO,D,20221011,000000,29.5,30,28.86,29.86,138544,0
PCO,D,20221012,000000,29.86,31.3,29.84,30.7,222088,0
PCO,D,20221013,000000,31.48,31.52,30.1,30.42,402635,0
PCO,D,20221014,000000,31.8,31.8,30.5,31,261515,0
PCO,D,20221017,000000,31,31.88,30.62,31.6,200422,0
PCO,D,20221018,000000,32,33.26,32,32.6,168388,0
PCO,D,20221019,000000,33.2,33.2,31,31.28,163475,0
PCO,D,20221020,000000,31.12,31.74,30.58,31.74,232039,0
PCO,D,20221021,000000,31.1,31.72,30.34,30.58,131179,0
PCO,D,20221024,000000,30.84,32.22,30.68,31.72,153969,0
PCO,D,20221025,000000,32.82,32.82,31.1,31.16,83217,0
PCO,D,20221026,000000,31.76,32.82,31.18,32.5,197675,0
PCO,D,20221027,000000,32.34,32.8,31.7,32.04,204385,0
PCO,D,20221028,000000,32.18,33.52,31.82,32.9,136706,0
PCO,D,20221031,000000,32.9,33.9,32.54,33.58,153909,0
PCO,D,20221102,000000,34.1,36.38,34,36.3,474627,0
PCO,D,20221103,000000,36,36,34.4,34.4,230844,0
PCO,D,20221104,000000,34.8,35.42,34.5,34.5,166649,0
PCO,D,20221107,000000,34.52,35.56,34.12,34.88,189233,0
PCO,D,20221108,000000,34.88,35.26,34.4,34.58,65352,0
PCO,D,20221109,000000,34.62,35,34.16,34.4,79637,0
PCO,D,20221110,000000,34.4,35.3,33.96,35,282409,0
PCO,D,20221114,000000,38,41.72,37.98,39,2523197,0
PCO,D,20221115,000000,40,41.34,38.78,40.04,2206332,0
PCO,D,20221116,000000,39.96,40.3,39.12,39.48,871042,0
PCO,D,20221117,000000,40.26,40.3,38.78,39,637635,0
PCO,D,20221118,000000,38.96,40.12,38.56,39.56,684820,0
PCO,D,20221121,000000,40.98,42.64,39.84,40,1256588,0
PCO,D,20221122,000000,40.3,40.3,38.94,39.76,817039,0
PCO,D,20221123,000000,40.04,40.74,39.48,39.92,863991,0
PCO,D,20221124,000000,40.28,40.4,39.6,40,599119,0
PCO,D,20221125,000000,40.9,41.6,40.04,40.58,1042042,0
PCO,D,20221128,000000,40.84,40.84,38.62,38.94,1187722,0
PCO,D,20221129,000000,38.9,39.74,37.52,39.26,1603189,0
PCO,D,20221130,000000,39.98,41.72,39.6,41.1,16904922,0
PCO,D,20221201,000000,40.32,41,38.7,39.24,1785024,0
PCO,D,20221202,000000,39.98,39.98,37.42,37.8,891561,0
PCO,D,20221205,000000,38.3,38.92,37.7,38.62,405771,0
PCO,D,20221206,000000,38.98,39.52,38.16,39.38,682716,0
PCO,D,20221207,000000,39.58,40.3,38.88,38.96,401952,0
PCO,D,20221208,000000,39.38,39.78,38.72,39.4,429949,0
PCO,D,20221209,000000,39.64,40.18,38.9,39.88,858635,0
PCO,D,20221212,000000,39.88,39.9,39.12,39.32,394937,0
PCO,D,20221213,000000,39.88,40.2,38.88,39.16,1121600,0
PCO,D,20221214,000000,39.74,40.48,39.28,39.5,600292,0
PCO,D,20221215,000000,39.9,39.9,37.94,38.14,412516,0
PCO,D,20221216,000000,38.6,38.72,37.56,38.26,846789,0
PCO,D,20221219,000000,38.26,39,38.12,38.76,250580,0
PCO,D,20221220,000000,38.5,39.38,38.2,39.38,227211,0
PCO,D,20221221,000000,39.4,40.18,39.14,39.92,245219,0
PCO,D,20221222,000000,40.12,40.6,39.72,40.1,308021,0
PCO,D,20221223,000000,40.3,40.44,39.44,39.72,314868,0
PCO,D,20221227,000000,40.1,40.42,39.54,40.2,101027,0
PCO,D,20221228,000000,40.26,41.08,39.9,40.28,181639,0
PCO,D,20221229,000000,40.32,40.88,39.8,40,203698,0
PCO,D,20221230,000000,40.2,40.2,39.06,39.52,349516,0
PCO,D,20230102,000000,40,40.36,39.64,40.26,99208,0
PCO,D,20230103,000000,40.38,40.84,39.98,40.04,959395,0
PCO,D,20230104,000000,40.58,40.7,39.9,40.14,926669,0
PCO,D,20230105,000000,40.44,41.74,40.42,41.14,1358678,0
PCO,D,20230109,000000,41.9,42.32,41.18,41.52,624905,0
PCO,D,20230110,000000,41.5,42.1,41.3,41.56,796477,0
PCO,D,20230111,000000,42,42.2,40.82,41.2,1006194,0
PCO,D,20230112,000000,41.7,42.42,40.8,41.4,1067541,0
PCO,D,20230113,000000,41.62,42,40.66,40.8,461406,0
PCO,D,20230116,000000,40.8,41.52,40.74,41.14,198992,0
PCO,D,20230117,000000,41.14,42.16,40.66,41.86,331344,0
PCO,D,20230118,000000,40.46,42.3,40.24,41.56,6726203,0
PCO,D,20230119,000000,41.54,42,40.42,40.84,3102069,0
PCO,D,20230120,000000,41.22,42,40.5,40.52,8106292,0
PCO,D,20230123,000000,41.08,41.44,40.1,40.9,1525230,0
PCO,D,20230124,000000,41.2,41.56,40.26,40.46,1372166,0
PCO,D,20230125,000000,40.5,41.06,40,40.36,1082638,0
PCO,D,20230126,000000,41,41,39.92,40.38,923393,0
PCO,D,20230127,000000,40.6,41.16,40.24,40.8,1513160,0
PCO,D,20230130,000000,41,41.56,40.66,40.88,1761115,0
PCO,D,20230131,000000,40.88,42.12,40.76,41.88,1582670,0
PCO,D,20230201,000000,41.8,42.96,41.78,42.04,1262447,0
PCO,D,20230202,000000,42.6,43.6,42.42,43,952837,0
PCO,D,20230203,000000,43.2,43.88,42.8,43.36,1572068,0
PCO,D,20230206,000000,43.36,44.5,42.78,43.38,652855,0
PCO,D,20230207,000000,43.36,43.66,42.8,43.46,1135137,0
PCO,D,20230208,000000,43.86,44.68,43.5,43.76,826042,0
PCO,D,20230209,000000,44.14,44.14,43,43.28,486407,0
PCO,D,20230210,000000,43.5,43.5,42.1,42.6,1046939,0
PCO,D,20230213,000000,42.56,43.66,42.52,43.1,622486,0
PCO,D,20230214,000000,43.34,43.58,42.4,42.66,461694,0
PCO,D,20230215,000000,42.88,43.66,42,43.4,1074949,0
PCO,D,20230216,000000,43.84,43.96,43.24,43.58,295989,0
PCO,D,20230217,000000,43.98,43.98,42.94,43.62,443996,0
PCO,D,20230220,000000,43.5,43.84,43.3,43.58,300641,0
PCO,D,20230221,000000,43.68,43.7,42.5,42.76,432552,0
PCO,D,20230222,000000,42.62,43.32,42.38,42.98,410116,0
PCO,D,20230223,000000,43.36,43.56,43.14,43.34,433505,0
PCO,D,20230224,000000,43.72,43.72,42.92,43.5,460641,0
PCO,D,20230227,000000,43.5,44.46,43.12,44,532277,0
PCO,D,20230228,000000,44.34,44.68,43.36,44.06,2270571,0
PCO,D,20230301,000000,44.16,44.16,43.34,43.9,366301,0
PCO,D,20230302,000000,44,44,42.64,42.78,258193,0
PCO,D,20230303,000000,42.98,43.04,42.74,42.84,402120,0
PCO,D,20230306,000000,43.42,44.08,43.1,43.52,381952,0
PCO,D,20230307,000000,44,44.04,43.22,43.46,312075,0
PCO,D,20230308,000000,43.96,43.96,43.24,43.4,213878,0
PCO,D,20230309,000000,43.4,43.4,42.62,42.76,338644,0
PCO,D,20230310,000000,42.4,42.4,41.42,42.14,521793,0
PCO,D,20230313,000000,42.3,42.4,40.62,41.08,745602,0
PCO,D,20230314,000000,41.12,42.46,41,42.14,1003151,0
PCO,D,20230315,000000,42.34,42.34,41.14,41.3,1413414,0
PCO,D,20230316,000000,41.12,41.68,39.96,41.2,699877,0
PCO,D,20230317,000000,41.16,41.7,39.74,40.14,766067,0
PCO,D,20230320,000000,39.4,40.42,38.8,40.4,543670,0
PCO,D,20230321,000000,40.22,41.5,40.22,41,318848,0
PCO,D,20230322,000000,41.46,41.64,41.04,41.4,267011,0
PCO,D,20230323,000000,41.9,42.1,41.18,41.8,441848,0
PCO,D,20230324,000000,41.5,42,40.84,41.34,533365,0
PCO,D,20230327,000000,42.3,42.3,41.2,41.3,206839,0
PCO,D,20230328,000000,41.1,42.22,40.76,41.24,712671,0
PCO,D,20230329,000000,42.16,42.2,41.2,41.68,576150,0
PCO,D,20230330,000000,41.3,42.44,41.3,41.86,628787,0
PCO,D,20230331,000000,42.36,42.36,41.32,41.5,477317,0
PCO,D,20230403,000000,41.9,42.26,41.22,41.26,200123,0
PCO,D,20230404,000000,41.76,41.76,40.28,40.9,162727,0
PCO,D,20230405,000000,41.42,41.42,40.06,40.16,254865,0
PCO,D,20230406,000000,40.5,40.5,39.94,40.04,166421,0
PCO,D,20230411,000000,40.38,41.22,40,40.3,301886,0
PCO,D,20230412,000000,41.18,41.18,40.4,40.82,766628,0
PCO,D,20230413,000000,41.28,41.28,40.62,40.62,469975,0
PCO,D,20230414,000000,40.7,41.08,39.5,39.78,367966,0
PCO,D,20230417,000000,40.2,40.2,38.92,39.64,425533,0
PCO,D,20230418,000000,39.8,40.64,39.44,40.16,422309,0
PCO,D,20230419,000000,39.92,40.14,39.48,39.68,284805,0
PCO,D,20230420,000000,40.22,40.92,40.18,40.28,691891,0
PCO,D,20230421,000000,40,40.86,40,40.4,899655,0
PCO,D,20230424,000000,40.8,40.88,40.08,40.58,160171,0
PCO,D,20230425,000000,40.78,40.94,40.3,40.3,287620,0
PCO,D,20230426,000000,40.76,40.78,39.84,39.94,572451,0
PCO,D,20230427,000000,40.1,40.32,39.84,40,552005,0
PCO,D,20230428,000000,40.3,40.4,39.7,39.88,576467,0
PCO,D,20230502,000000,40.36,40.5,39.52,39.68,301127,0
PCO,D,20230504,000000,40.38,40.64,39.26,39.32,325469,0
PCO,D,20230505,000000,39.32,40.1,39.18,39.8,421917,0
PCO,D,20230508,000000,40.2,40.2,39.54,39.64,147383,0
PCO,D,20230509,000000,39.5,40.36,39.4,40.2,324596,0
PCO,D,20230510,000000,40.3,40.4,39.7,40.1,682587,0
PCO,D,20230511,000000,40.3,40.44,39.8,39.88,269250,0
PCO,D,20230512,000000,39.88,40.54,39.62,40.02,636213,0
PCO,D,20230515,000000,40.4,41.24,39.84,39.96,775015,0
PCO,D,20230516,000000,40,41.66,39.8,41,668500,0
PCO,D,20230517,000000,41.38,41.38,40.3,40.38,122604,0
PCO,D,20230518,000000,40.76,40.92,40.34,40.38,158415,0
PCO,D,20230519,000000,41,42.04,40.46,41.9,407068,0
PCO,D,20230522,000000,42,43.16,41.8,42.8,711656,0
PCO,D,20230523,000000,42.98,43.28,41.74,41.76,240413,0
PCO,D,20230524,000000,41.8,42.08,41.16,41.24,286188,0
PCO,D,20230525,000000,41.92,41.92,40.22,40.24,180220,0
PCO,D,20230526,000000,40.7,41.08,40.28,40.9,163369,0
PCO,D,20230529,000000,41.3,41.54,40.72,41.32,110102,0
PCO,D,20230530,000000,41.24,41.24,40.46,40.7,242758,0
PCO,D,20230531,000000,40.6,40.6,39.66,40,913606,0
PCO,D,20230601,000000,40.02,41.1,39.62,40.58,231677,0
PCO,D,20230602,000000,41.2,41.42,40.74,41.3,367226,0
PCO,D,20230605,000000,41.48,42.4,41.3,41.86,369597,0
PCO,D,20230606,000000,41,41.38,39.42,40.72,1669935,0
PCO,D,20230607,000000,40.6,40.9,40.02,40.1,623913,0
PCO,D,20230609,000000,40.8,40.8,38.54,38.54,734946,0
PCO,D,20230612,000000,38.5,38.8,37.64,38.1,449295,0
PCO,D,20230613,000000,38.2,38.42,36.86,37.2,485528,0
PCO,D,20230614,000000,37.1,38.2,37.1,37.7,377786,0
PCO,D,20230615,000000,38,38.52,37.66,37.88,394371,0
PCO,D,20230616,000000,38.14,39.28,38.14,38.66,1492275,0
PCO,D,20230619,000000,39.18,39.18,38.42,38.6,155447,0
PCO,D,20230620,000000,38.46,39.2,38.44,39,415732,0
PCO,D,20230621,000000,39.1,39.26,38.42,38.42,228155,0
PCO,D,20230622,000000,38.38,38.38,37.6,37.6,432025,0
PCO,D,20230623,000000,37.66,37.76,36.58,36.58,272742,0
PCO,D,20230626,000000,36.58,37.4,36.58,37.04,270763,0
PCO,D,20230627,000000,37.18,37.4,36.76,37,452430,0
PCO,D,20230628,000000,37.24,37.5,36.9,37.26,340140,0
PCO,D,20230629,000000,37.06,37.36,36.9,36.98,232135,0
PCO,D,20230630,000000,37,37.34,36.72,36.82,448572,0
PCO,D,20230703,000000,36.72,37.36,36.3,37.08,722196,0
PCO,D,20230704,000000,37.08,37.3,36.62,36.84,314100,0
PCO,D,20230705,000000,36.6,36.86,36.04,36.4,343395,0
PCO,D,20230706,000000,36.18,36.28,35.9,36.2,400251,0
PCO,D,20230707,000000,36.22,36.5,35.84,35.84,293055,0
PCO,D,20230710,000000,35.8,36.06,35.62,35.8,436845,0
PCO,D,20230711,000000,36.34,36.5,35.9,36,473278,0
PCO,D,20230712,000000,35.9,36.7,35.8,36.4,1274072,0
PCO,D,20230713,000000,36.96,36.98,35.1,35.34,1406075,0
PCO,D,20230714,000000,35.3,35.94,35.3,35.56,612302,0
PCO,D,20230717,000000,35.5,35.8,34.84,34.9,603136,0
PCO,D,20230718,000000,35,35.56,34.96,35.54,364078,0
PCO,D,20230719,000000,35.8,35.96,35.48,35.48,175309,0
PCO,D,20230720,000000,35.7,35.72,34.8,34.8,208035,0
PCO,D,20230721,000000,34.8,35.48,34.58,35.3,631068,0
PCO,D,20230724,000000,35.4,36.14,35.38,35.62,453255,0
PCO,D,20230725,000000,36,36.02,35.5,35.5,248130,0
PCO,D,20230726,000000,35.5,35.64,34.8,34.94,258373,0
PCO,D,20230727,000000,34.82,34.9,33.82,34.2,583518,0
PCO,D,20230728,000000,33.96,34.3,33.5,34.14,411047,0
PCO,D,20230731,000000,34.14,35,34,34.54,439037,0
PCO,D,20230801,000000,34.5,34.92,34.04,34.88,551032,0
PCO,D,20230802,000000,35,35,33.84,33.84,455404,0
PCO,D,20230803,000000,33.8,34.12,33.5,33.78,401351,0
PCO,D,20230804,000000,33.92,34.26,33.54,33.8,364020,0
PCO,D,20230807,000000,33.72,33.98,33.64,33.8,210075,0
PCO,D,20230808,000000,33.6,33.74,32.88,33.02,277812,0
PCO,D,20230809,000000,33,33.48,32.78,32.92,226875,0
PCO,D,20230810,000000,33,33.38,32.38,33.02,647135,0
PCO,D,20230811,000000,32.8,33.12,32.52,32.52,264827,0
PCO,D,20230814,000000,32.42,32.72,32.06,32.66,184241,0
PCO,D,20230816,000000,32.2,33.2,31.66,31.9,774987,0
PCO,D,20230817,000000,31.92,32.3,31.3,31.48,326828,0
PCO,D,20230818,000000,31.46,31.96,31.28,31.36,253061,0
PCO,D,20230821,000000,31.4,31.72,30.8,30.98,209504,0
PCO,D,20230822,000000,30.6,31.22,30.1,30.9,606550,0
PCO,D,20230823,000000,30.86,31.4,30.86,31.12,259252,0
PCO,D,20230824,000000,31.48,32.14,31.4,31.92,511174,0
PCO,D,20230825,000000,31.92,32.24,31.24,31.38,316188,0
PCO,D,20230828,000000,32.02,32.02,31.12,31.64,320286,0
PCO,D,20230829,000000,32.32,33.12,31.9,32.58,646780,0
PCO,D,20230830,000000,32.62,32.96,31.62,32.04,412439,0
PCO,D,20230831,000000,32.1,32.62,32.1,32.36,1587327,0
PCO,D,20230901,000000,32.52,33.2,32.22,32.7,221234,0
PCO,D,20230904,000000,33.02,33.4,32.06,32.7,369239,0
PCO,D,20230905,000000,32.9,33.3,32.52,32.92,812868,0
PCO,D,20230906,000000,33.24,33.24,31.88,32.3,584360,0
PCO,D,20230907,000000,32.3,32.4,30.94,31.4,457809,0
PCO,D,20230908,000000,32.2,32.2,30.84,30.94,559170,0
PCO,D,20230911,000000,31.54,31.54,30.5,30.7,341551,0
PCO,D,20230912,000000,30.26,30.26,28.3,28.5,1983269,0
PCO,D,20230913,000000,28.42,28.82,27.86,27.9,968408,0
PCO,D,20230914,000000,27.98,28.18,27.2,27.3,1010818,0
PCO,D,20230915,000000,27.34,27.68,27.04,27.26,1617050,0
PCO,D,20230918,000000,27.4,27.54,26.42,26.76,698935,0
PCO,D,20230919,000000,26.96,26.96,25.68,25.82,1045469,0
PCO,D,20230920,000000,25.82,26.74,25.8,26.4,533477,0
PCO,D,20230921,000000,26.5,26.52,26.04,26.14,349227,0
PCO,D,20230922,000000,26.1,26.78,25.86,26.12,1405353,0
PCO,D,20230925,000000,26.22,26.34,25.54,26.02,547794,0
PCO,D,20230926,000000,26.02,26.32,25.72,26.12,716339,0
PCO,D,20230927,000000,26.26,26.6,26,26.24,661095,0
PCO,D,20230928,000000,25.78,25.78,20.04,20.8,10748538,0
PCO,D,20230929,000000,21,21.38,19.9,20.24,4873148,0
PCO,D,20231002,000000,20.56,20.92,19.94,20.24,2194158,0
PCO,D,20231003,000000,20.34,20.38,18.43,18.7,3635325,0
PCO,D,20231004,000000,18.36,19.29,18.28,18.51,2614161,0
PCO,D,20231005,000000,18.66,19.5,17.96,19,3913791,0
PCO,D,20231006,000000,19.2,19.6,18.46,18.48,1858119,0
PCO,D,20231009,000000,18.49,18.6,17.81,17.99,1719705,0
PCO,D,20231010,000000,18.1,19.39,18.02,19.01,2963409,0
PCO,D,20231011,000000,19.1,19.31,18.53,19.03,3974883,0
PCO,D,20231012,000000,19.81,21.9,19.55,21.34,6565167,0
PCO,D,20231013,000000,21.5,22.14,20.84,21.48,2741587,0
PCO,D,20231016,000000,22.02,22.2,20.86,21.9,2103503,0
PCO,D,20231017,000000,21.92,23.46,21.64,23.38,2836671,0
PCO,D,20231018,000000,23.5,23.96,21.26,21.62,6809406,0
PCO,D,20231019,000000,21.2,21.3,18.6,18.72,6850839,0
PCO,D,20231020,000000,18.42,18.8,17,17.11,5133138,0
PCO,D,20231023,000000,17.15,17.87,17.13,17.37,1527986,0
PCO,D,20231024,000000,17.5,18.45,17.5,17.6,2381855,0
PCO,D,20231025,000000,17.6,17.86,17.29,17.5,971172,0
PCO,D,20231026,000000,17.5,17.92,17.15,17.61,1528331,0
PCO,D,20231027,000000,17.57,18,17.5,17.67,960811,0
PCO,D,20231030,000000,17.98,17.99,17.13,17.29,2523860,0
PCO,D,20231031,000000,17,17.25,16.43,17.05,1877034,0
PCO,D,20231102,000000,17.57,17.92,17.37,17.85,1891214,0
PCO,D,20231103,000000,17.85,18.21,17.65,17.91,1517426,0
PCO,D,20231106,000000,18.17,18.66,17.85,18.49,1246719,0
PCO,D,20231107,000000,18.3,19.02,18.21,18.63,961464,0
PCO,D,20231108,000000,18.63,18.7,18.1,18.29,581870,0
PCO,D,20231109,000000,18.18,18.6,17.76,18.3,1357405,0
PCO,D,20231110,000000,18.35,18.57,17.96,18.2,673468,0
PCO,D,20231113,000000,18.2,18.4,17.92,18.16,754775,0
PCO,D,20231114,000000,18.4,19.1,18.19,19,1972033,0
PCO,D,20231115,000000,19.2,20.08,19.15,19.53,2838867,0
PCO,D,20231116,000000,19.69,19.7,18.82,19.36,1574833,0
PCO,D,20231117,000000,19.6,19.7,19.01,19.37,922198,0
PCO,D,20231120,000000,20.8,21.58,20.14,21.3,5061068,0
PCO,D,20231121,000000,21.38,21.78,20.6,20.88,1847344,0
PCO,D,20231122,000000,20.88,21.46,20.52,21,1825139,0
PCO,D,20231123,000000,21.02,21.54,20.74,21.08,1271076,0
PCO,D,20231124,000000,21.38,22.48,21.3,22.32,2958407,0
PCO,D,20231127,000000,22.34,22.5,21.9,21.94,1294367,0
PCO,D,20231128,000000,22,22.86,21.7,22.54,1925502,0
PCO,D,20231129,000000,22.62,23.04,22.24,22.5,1788569,0
PCO,D,20231130,000000,22.5,23.1,22.16,22.7,3988740,0
PCO,D,20231201,000000,22.72,23.38,22.22,23.22,2034107,0
PCO,D,20231204,000000,23.38,24.08,23.1,23.92,1789084,0
PCO,D,20231205,000000,24,24.84,23.94,24.52,2896321,0
PCO,D,20231206,000000,24.84,24.9,24.12,24.7,1879370,0
PCO,D,20231207,000000,24.7,24.84,24.18,24.6,1003010,0
PCO,D,20231208,000000,24.64,25.32,24.18,24.5,1425862,0
PCO,D,20231211,000000,24.66,24.94,24.02,24.42,604031,0
PCO,D,20231212,000000,23.02,24.18,22.1,23.8,3996016,0
PCO,D,20231213,000000,23.72,24.52,23.24,23.42,1552872,0
PCO,D,20231214,000000,23.98,24.8,23.76,24.4,1461388,0
PCO,D,20231215,000000,24.6,26.64,24.5,26.1,5537472,0
PCO,D,20231218,000000,26.2,27.12,26.12,26.26,2952584,0
PCO,D,20231219,000000,26.48,27.08,26.12,26.84,1472202,0
PCO,D,20231220,000000,26.84,27.56,26.02,26.42,1219260,0
PCO,D,20231221,000000,26.14,26.62,25.76,25.9,810241,0
PCO,D,20231222,000000,26.02,26.18,25.4,25.42,683864,0
PCO,D,20231227,000000,25.44,26.5,25.44,26.12,921755,0
PCO,D,20231228,000000,26.38,26.44,25.62,25.78,466602,0
PCO,D,20231229,000000,25.76,26.18,25.6,26.06,300044,0
PCO,D,20240102,000000,26.3,26.4,25.28,25.52,654117,0
PCO,D,20240103,000000,25.54,25.7,24.12,24.64,1130997,0
PCO,D,20240104,000000,24.42,24.94,23.92,24.12,1008166,0
PCO,D,20240105,000000,23.9,24.46,23.2,24.3,1117772,0
PCO,D,20240108,000000,24,24.7,23.78,24.22,1141979,0
PCO,D,20240109,000000,24.78,24.94,24.2,24.3,478671,0
PCO,D,20240110,000000,24.3,24.48,24.08,24.2,864769,0
PCO,D,20240111,000000,24.22,25.14,24.22,24.54,815213,0
PCO,D,20240112,000000,24.56,25.16,24.1,24.12,1211161,0
PCO,D,20240115,000000,24.12,24.74,23.68,24.38,597705,0
PCO,D,20240116,000000,24,24.28,23.26,23.38,1010718,0
PCO,D,20240117,000000,23.2,23.44,22,22.76,1532538,0
PCO,D,20240118,000000,23.1,23.98,23.04,23.26,1172790,0
PCO,D,20240119,000000,23.42,23.66,22.7,23.22,1061189,0
PCO,D,20240122,000000,23.3,23.64,22.3,22.56,558300,0
PCO,D,20240123,000000,22.52,22.52,21.58,21.98,681269,0
PCO,D,20240124,000000,21.92,22.46,21.6,22.12,1079771,0
PCO,D,20240125,000000,22.12,22.24,21.64,21.64,445334,0
PCO,D,20240126,000000,21.6,21.84,21.4,21.58,499109,0
PCO,D,20240129,000000,21.6,21.8,21.14,21.44,472244,0
PCO,D,20240130,000000,21.44,22.16,21.42,21.7,695823,0
PCO,D,20240131,000000,21.58,22.22,21.4,22,462343,0
PCO,D,20240201,000000,21.8,22.86,21.78,22.4,1413194,0
PCO,D,20240202,000000,22.76,23.3,22.34,22.82,1338986,0
PCO,D,20240205,000000,22.98,23.22,22.02,22.08,975216,0
PCO,D,20240206,000000,22.16,22.48,21.74,22.08,648497,0
PCO,D,20240207,000000,22.14,22.7,22.08,22.5,739108,0
PCO,D,20240208,000000,22.58,22.8,22.3,22.38,623804,0
PCO,D,20240209,000000,22.46,22.72,22.28,22.42,347787,0
PCO,D,20240212,000000,22.48,23.08,22.34,22.78,641946,0
PCO,D,20240213,000000,22.92,22.94,20.6,20.6,3206681,0
PCO,D,20240214,000000,20.88,21.34,20.52,21.34,1938901,0
PCO,D,20240215,000000,21.66,21.78,21.22,21.64,633339,0
PCO,D,20240216,000000,21.64,21.9,21.22,21.56,596051,0
PCO,D,20240219,000000,21.54,21.82,21.28,21.66,448924,0
PCO,D,20240220,000000,21.64,21.9,21.34,21.8,629271,0
PCO,D,20240221,000000,21.88,22.02,21.24,21.26,823474,0
PCO,D,20240222,000000,21.56,22.04,21.12,21.96,1469396,0
PCO,D,20240223,000000,21.98,22.66,21.92,22.1,1622373,0
PCO,D,20240226,000000,22.1,22.36,21.4,21.78,965103,0
PCO,D,20240227,000000,21.78,22.54,21.6,21.82,1037967,0
PCO,D,20240228,000000,21,21.5,20.16,20.3,2960622,0
PCO,D,20240229,000000,20.36,20.78,19.98,20.02,1622106,0
PCO,D,20240301,000000,20.42,20.42,19.61,20,1082619,0
PCO,D,20240304,000000,20,20.32,18.63,18.92,2095364,0
PCO,D,20240305,000000,18.85,19.02,18.43,18.6,1323466,0
PCO,D,20240306,000000,18.68,19.13,18.46,18.6,1110996,0
PCO,D,20240307,000000,18.6,19.1,18.27,18.81,1192157,0
PCO,D,20240308,000000,18.81,18.9,18.32,18.57,1294949,0
PCO,D,20240311,000000,18.5,18.81,18.5,18.76,950235,0
PCO,D,20240312,000000,18.8,19.57,18.75,19,1375920,0
PCO,D,20240313,000000,19.03,19.51,18.95,19.07,761997,0
PCO,D,20240314,000000,19.11,19.32,18.32,18.39,1326659,0
PCO,D,20240315,000000,18.34,18.56,17.86,17.99,3776227,0
