<TICKER>,<PER>,<DATE>,<TIME>,<OPEN>,<HIGH>,<LOW>,<CLOSE>,<VOL>,<OPENINT>
SES,D,20130522,000000,10.981,10.981,10.981,10.981,1764,0
SES,D,20130523,000000,10.882,10.882,10.882,10.882,611,0
SES,D,20130524,000000,10.882,10.882,10.882,10.882,5,0
SES,D,20130527,000000,10.684,10.684,10.684,10.684,5,0
SES,D,20130529,000000,10.684,10.684,10.684,10.684,5,0
SES,D,20130603,000000,10.684,10.684,10.684,10.684,5,0
SES,D,20130604,000000,10.684,10.684,10.684,10.684,5,0
SES,D,20130610,000000,10.684,10.684,10.684,10.684,276,0
SES,D,20130613,000000,10.684,10.684,10.684,10.684,5,0
SES,D,20130614,000000,10.684,10.684,10.684,10.684,5,0
SES,D,20130617,000000,10.684,10.684,10.684,10.684,2,0
SES,D,20130618,000000,10.684,10.684,10.684,10.684,5,0
SES,D,20130619,000000,10.684,10.684,10.684,10.684,5,0
SES,D,20130621,000000,10.684,10.684,10.684,10.684,5,0
SES,D,20130624,000000,10.684,10.684,10.684,10.684,5,0
SES,D,20130625,000000,10.684,10.684,10.684,10.684,2,0
SES,D,20130626,000000,10.684,10.684,10.684,10.684,5,0
SES,D,20130627,000000,10.388,10.388,10.388,10.388,5,0
SES,D,20130628,000000,10.487,10.487,10.487,10.487,5,0
SES,D,20130702,000000,10.388,10.388,10.388,10.388,5,0
SES,D,20130703,000000,10.289,10.289,9.992,9.992,172,0
SES,D,20130704,000000,9.893,9.893,9.893,9.893,507,0
SES,D,20130705,000000,9.893,9.893,9.893,9.893,5,0
SES,D,20130708,000000,9.3984,9.3984,9.3984,9.3984,10,0
SES,D,20130709,000000,9.0225,9.883,9.0225,9.883,1962,0
SES,D,20130712,000000,9.893,9.893,9.893,9.893,10,0
SES,D,20130715,000000,9.893,9.893,9.893,9.893,5,0
SES,D,20130716,000000,9.893,9.893,9.893,9.893,5,0
SES,D,20130717,000000,9.893,9.893,9.893,9.893,5,0
SES,D,20130719,000000,9.893,9.893,9.893,9.893,4,0
SES,D,20130722,000000,9.893,9.893,9.893,9.893,4,0
SES,D,20130725,000000,9.893,9.893,9.893,9.893,2,0
SES,D,20130726,000000,9.893,9.893,9.893,9.893,5,0
SES,D,20130730,000000,9.893,9.893,9.893,9.893,5,0
SES,D,20130731,000000,9.893,9.893,9.893,9.893,5,0
SES,D,20130801,000000,9.893,9.893,9.893,9.893,3,0
SES,D,20130802,000000,9.893,9.893,9.893,9.893,5,0
SES,D,20130805,000000,9.893,9.893,9.893,9.893,7,0
SES,D,20130806,000000,9.893,9.893,9.893,9.893,5,0
SES,D,20130807,000000,9.893,9.893,9.893,9.893,5,0
SES,D,20130808,000000,9.893,9.893,9.893,9.893,3,0
SES,D,20130809,000000,9.893,9.893,9.893,9.893,3,0
SES,D,20130812,000000,9.893,9.893,9.893,9.893,5,0
SES,D,20130813,000000,9.893,9.893,9.893,9.893,2,0
SES,D,20130814,000000,9.893,9.893,9.893,9.893,5,0
SES,D,20130816,000000,9.893,9.893,9.893,9.893,5,0
SES,D,20130819,000000,9.893,9.893,9.893,9.893,5,0
SES,D,20130821,000000,9.893,9.893,9.893,9.893,4,0
SES,D,20130822,000000,9.893,9.893,9.893,9.893,5,0
SES,D,20130823,000000,9.893,9.893,9.893,9.893,5,0
SES,D,20130826,000000,9.893,9.893,9.893,9.893,3,0
SES,D,20130827,000000,9.893,9.893,9.893,9.893,4,0
SES,D,20130828,000000,9.893,9.893,9.893,9.893,3,0
SES,D,20130829,000000,9.893,9.893,9.893,9.893,4,0
SES,D,20130830,000000,9.893,9.893,9.893,9.893,5,0
SES,D,20130902,000000,9.893,9.893,9.893,9.893,4,0
SES,D,20130903,000000,9.893,9.893,9.893,9.893,3,0
SES,D,20130904,000000,9.893,9.893,9.893,9.893,5,0
SES,D,20130905,000000,9.893,9.893,9.893,9.893,3,0
SES,D,20130906,000000,9.893,9.893,9.893,9.893,3,0
SES,D,20130909,000000,9.893,9.893,9.893,9.893,5,0
SES,D,20130910,000000,9.893,9.893,9.893,9.893,4,0
SES,D,20130911,000000,9.893,9.893,9.893,9.893,3,0
SES,D,20130912,000000,9.893,9.893,9.893,9.893,5,0
SES,D,20130913,000000,9.893,9.893,9.893,9.893,3,0
SES,D,20130916,000000,9.893,9.893,9.893,9.893,3,0
SES,D,20130917,000000,9.893,9.893,9.893,9.893,3,0
SES,D,20130918,000000,9.893,9.893,9.893,9.893,4,0
SES,D,20130919,000000,9.893,9.893,9.893,9.893,3,0
SES,D,20130920,000000,9.893,9.893,9.893,9.893,5,0
SES,D,20130923,000000,9.893,9.893,9.893,9.893,3,0
SES,D,20130924,000000,9.893,9.893,9.893,9.893,5,0
SES,D,20130925,000000,9.893,9.893,9.883,9.883,68,0
SES,D,20130926,000000,9.893,9.893,9.893,9.893,3,0
SES,D,20130927,000000,9.893,9.893,9.893,9.893,3,0
SES,D,20130930,000000,9.893,9.893,9.893,9.893,4,0
SES,D,20131001,000000,9.893,9.893,9.893,9.893,4,0
SES,D,20131002,000000,9.893,9.893,9.893,9.893,3,0
SES,D,20131003,000000,9.893,9.893,9.893,9.893,3,0
SES,D,20131004,000000,9.893,9.893,9.893,9.893,3,0
SES,D,20131007,000000,9.893,9.893,9.893,9.893,3,0
SES,D,20131009,000000,9.893,9.893,9.893,9.893,3,0
SES,D,20131010,000000,9.893,9.893,9.893,9.893,3,0
SES,D,20131011,000000,9.893,9.893,9.893,9.893,3,0
SES,D,20131014,000000,9.893,9.893,9.893,9.893,3,0
SES,D,20131015,000000,9.2203,9.893,9.2203,9.893,68,0
SES,D,20131016,000000,9.893,9.893,9.893,9.893,3,0
SES,D,20131017,000000,9.893,9.893,9.893,9.893,3,0
SES,D,20131018,000000,9.893,9.893,9.893,9.893,3,0
SES,D,20131021,000000,9.893,9.893,9.893,9.893,3,0
SES,D,20131022,000000,9.893,9.893,9.883,9.893,723,0
SES,D,20131023,000000,9.893,10.635,9.893,10.635,162,0
SES,D,20131024,000000,10.635,10.635,10.635,10.635,51,0
SES,D,20131115,000000,10.734,10.882,10.734,10.882,172,0
SES,D,20131118,000000,10.882,10.882,10.882,10.882,4,0
SES,D,20131119,000000,10.882,10.882,10.882,10.882,3,0
SES,D,20131120,000000,10.882,10.882,10.882,10.882,3,0
SES,D,20131121,000000,11.377,11.694,11.377,11.694,133,0
SES,D,20140116,000000,12.267,13.286,12.267,13.286,283,0
SES,D,20140117,000000,12.861,12.861,10.388,10.388,290,0
SES,D,20140130,000000,11.694,11.872,11.694,11.872,252,0
SES,D,20140325,000000,11.872,11.872,11.872,11.872,30,0
SES,D,20140401,000000,11.872,11.872,11.872,11.872,5,0
SES,D,20140402,000000,11.872,11.872,11.872,11.872,2,0
SES,D,20140410,000000,11.971,11.971,11.773,11.773,136,0
SES,D,20140411,000000,10.932,10.932,10.932,10.932,131,0
SES,D,20140414,000000,10.388,10.388,10.388,10.388,162,0
SES,D,20140516,000000,10.19,10.19,9.695,9.695,199,0
SES,D,20140519,000000,9.695,9.695,9.695,9.695,3,0
SES,D,20140520,000000,9.695,9.695,9.695,9.695,5,0
SES,D,20140521,000000,9.695,9.695,9.695,9.695,3,0
SES,D,20140522,000000,9.695,9.695,9.695,9.695,5,0
SES,D,20140523,000000,9.695,9.695,9.695,9.695,3,0
SES,D,20140604,000000,9.3984,9.3984,7.9144,7.9144,253,0
SES,D,20140610,000000,8.607,8.7059,8.607,8.7059,12,0
SES,D,20140806,000000,8.8048,8.8048,8.419,8.419,230,0
SES,D,20140807,000000,8.419,8.419,8.419,8.419,9,0
SES,D,20140808,000000,8.419,8.419,8.2112,8.2112,17,0
SES,D,20141008,000000,8.1618,8.1618,8.1618,8.1618,5,0
SES,D,20141009,000000,8.2112,8.2112,8.2112,8.2112,121,0
SES,D,20141010,000000,8.2607,8.2607,8.2607,8.2607,51,0
SES,D,20141014,000000,8.3102,8.3102,8.3102,8.3102,4,0
SES,D,20141015,000000,8.3102,8.3102,8.3102,8.3102,5,0
SES,D,20141016,000000,8.3102,8.3102,8.3102,8.3102,5,0
SES,D,20141022,000000,8.3102,8.3102,8.3102,8.3102,3,0
SES,D,20141023,000000,8.3299,8.3299,8.3299,8.3299,3,0
SES,D,20141028,000000,8.4091,8.4091,8.4091,8.4091,197,0
SES,D,20141031,000000,8.2607,8.2607,8.2607,8.2607,10,0
SES,D,20141103,000000,8.2607,8.2607,8.2607,8.2607,5,0
SES,D,20141104,000000,8.2607,8.2607,8.2607,8.2607,45,0
SES,D,20141105,000000,8.2607,8.2607,8.2607,8.2607,10,0
SES,D,20141110,000000,8.2112,8.2112,7.9144,7.9144,162,0
SES,D,20141112,000000,8.2112,8.2112,7.7166,7.7166,101,0
SES,D,20141118,000000,7.766,7.766,7.3209,7.3209,126,0
SES,D,20141119,000000,7.3209,7.3209,7.2219,7.2417,227,0
SES,D,20141125,000000,7.9144,7.9144,7.9144,7.9144,162,0
SES,D,20141211,000000,7.766,7.766,7.766,7.766,7,0
SES,D,20141212,000000,7.766,7.766,7.766,7.766,2,0
SES,D,20141229,000000,7.9045,8.9928,7.3703,8.6465,495,0
SES,D,20141230,000000,7.3209,8.785,7.2417,7.4198,620,0
SES,D,20150102,000000,8.0134,9.616,7.9342,9.616,342,0
SES,D,20150108,000000,8.9235,9.893,8.9037,9.883,501,0
SES,D,20150109,000000,9.883,9.883,8.884,9.883,829,0
SES,D,20150112,000000,9.804,11.763,9.804,11.763,375,0
SES,D,20150113,000000,14.107,14.84,13.85,13.85,148,0
SES,D,20150114,000000,13.85,13.85,12.861,12.861,62,0
SES,D,20150116,000000,13.346,13.346,13.346,13.346,2,0
SES,D,20150119,000000,13.346,13.346,13.346,13.346,200,0
SES,D,20150121,000000,13.346,14.84,13.346,14.84,523,0
SES,D,20150123,000000,14.84,14.84,14.84,14.84,101,0
SES,D,20150126,000000,14.84,15.799,14.84,15.799,20,0
SES,D,20150127,000000,16.62,16.62,16.324,16.324,72,0
SES,D,20150210,000000,16.324,16.324,15.433,15.433,83,0
SES,D,20150211,000000,15.433,15.433,15.433,15.433,2,0
SES,D,20150212,000000,15.285,15.285,15.285,15.285,2,0
SES,D,20150213,000000,15.136,15.136,15.136,15.136,2,0
SES,D,20150217,000000,14.84,14.84,14.84,14.84,25,0
SES,D,20150218,000000,14.345,14.76,14.345,14.76,2,0
SES,D,20150220,000000,14.84,14.84,14.335,14.335,216,0
SES,D,20150223,000000,14.335,14.335,13.85,13.85,126,0
SES,D,20150224,000000,13.85,13.85,13.85,13.85,1,0
SES,D,20150225,000000,13.85,13.85,13.85,13.85,2,0
SES,D,20150226,000000,13.85,13.85,13.85,13.85,1,0
SES,D,20150227,000000,13.85,14.345,13.85,13.85,188,0
SES,D,20150302,000000,13.84,13.84,13.84,13.84,1,0
SES,D,20150303,000000,13.84,13.84,13.84,13.84,112,0
SES,D,20150304,000000,13.84,13.84,13.84,13.84,54,0
SES,D,20150306,000000,13.85,14.642,13.85,14.632,505,0
SES,D,20150309,000000,14.632,14.632,14.335,14.384,293,0
SES,D,20150310,000000,14.642,14.642,14.642,14.642,1,0
SES,D,20150311,000000,14.84,14.84,14.84,14.84,1,0
SES,D,20150312,000000,14.84,14.84,14.84,14.84,173,0
SES,D,20150313,000000,14.84,14.84,14.84,14.84,113,0
SES,D,20150316,000000,14.84,14.84,14.84,14.84,147,0
SES,D,20150317,000000,14.84,14.84,14.84,14.84,1,0
SES,D,20150318,000000,14.84,14.84,14.84,14.84,2,0
SES,D,20150319,000000,14.84,14.84,14.84,14.84,305,0
SES,D,20150323,000000,14.84,14.84,14.84,14.84,2,0
SES,D,20150327,000000,14.84,14.84,14.84,14.84,15,0
SES,D,20150330,000000,15.73,15.73,15.73,15.73,10,0
SES,D,20150331,000000,15.73,15.73,15.73,15.73,1,0
SES,D,20150401,000000,15.73,15.73,15.73,15.73,1,0
SES,D,20150402,000000,15.73,15.73,15.73,15.73,1,0
SES,D,20150407,000000,15.73,15.73,15.73,15.73,1,0
SES,D,20150408,000000,15.73,16.027,15.73,16.027,360,0
SES,D,20150409,000000,15.76,15.76,15.76,15.76,33,0
SES,D,20150410,000000,16.126,16.126,16.126,16.126,1,0
SES,D,20150414,000000,16.422,16.422,16.422,16.422,1,0
SES,D,20150415,000000,16.422,16.521,16.422,16.521,56,0
SES,D,20150420,000000,16.521,16.521,16.521,16.521,1,0
SES,D,20150424,000000,16.798,16.798,16.798,16.798,5,0
SES,D,20150427,000000,16.818,17.807,16.818,17.807,389,0
SES,D,20150514,000000,17.807,17.807,17.807,17.807,71,0
SES,D,20150605,000000,17.807,17.807,17.807,17.807,5,0
SES,D,20150610,000000,17.807,21.27,17.807,21.27,89,0
SES,D,20150611,000000,21.27,21.27,18.797,21.27,79,0
SES,D,20150612,000000,21.27,21.27,21.27,21.27,1,0
SES,D,20150616,000000,22.754,23.743,19.786,23.743,23,0
SES,D,20150617,000000,21.765,22.358,17.807,17.807,103,0
SES,D,20150618,000000,21.27,21.27,19.598,19.598,129,0
SES,D,20150619,000000,19.598,19.598,19.598,19.598,1,0
SES,D,20150831,000000,19.598,19.598,19.598,19.598,2,0
SES,D,20150904,000000,19.598,19.598,19.598,19.598,1,0
SES,D,20150910,000000,19.598,19.598,19.598,19.598,1,0
SES,D,20150914,000000,19.598,19.598,19.598,19.598,1,0
SES,D,20150916,000000,19.598,19.598,19.598,19.598,1,0
SES,D,20150922,000000,19.598,19.598,19.598,19.598,1,0
SES,D,20150925,000000,19.598,19.598,19.598,19.598,1,0
SES,D,20150928,000000,19.598,19.598,19.598,19.598,1,0
SES,D,20150929,000000,19.598,19.598,19.598,19.598,1,0
SES,D,20150930,000000,19.598,19.598,19.598,19.598,1,0
SES,D,20151001,000000,19.598,19.598,19.598,19.598,1,0
SES,D,20151002,000000,19.598,19.598,19.598,19.598,1,0
SES,D,20151005,000000,19.598,19.598,19.598,19.598,1,0
SES,D,20151006,000000,19.598,19.598,19.598,19.598,1,0
SES,D,20151007,000000,19.598,19.598,19.598,19.598,1,0
SES,D,20151009,000000,19.598,19.598,19.598,19.598,55,0
SES,D,20151026,000000,19.598,19.598,19.598,19.598,1,0
SES,D,20151120,000000,19.598,19.598,19.598,19.598,1,0
SES,D,20151211,000000,17.807,17.807,17.807,17.807,73,0
SES,D,20151215,000000,17.807,17.807,17.807,17.807,1,0
SES,D,20151217,000000,17.807,17.807,17.807,17.807,1,0
SES,D,20151218,000000,17.807,17.807,17.807,17.807,1,0
SES,D,20160115,000000,17.62,17.62,17.62,17.62,1,0
SES,D,20160202,000000,17.61,17.61,17.61,17.61,1,0
SES,D,20160315,000000,17.807,17.906,17.807,17.906,20,0
SES,D,20160316,000000,18.104,18.104,18.104,18.104,10,0
SES,D,20160321,000000,18.104,18.104,18.104,18.104,1,0
SES,D,20160322,000000,18.104,18.104,18.104,18.104,1,0
SES,D,20160323,000000,18.104,18.104,18.104,18.104,1,0
SES,D,20160324,000000,18.104,18.104,18.104,18.104,2,0
SES,D,20160329,000000,18.104,18.104,18.104,18.104,1,0
SES,D,20160330,000000,18.104,18.104,18.104,18.104,1,0
SES,D,20160331,000000,18.104,18.104,18.104,18.104,1,0
SES,D,20160401,000000,18.104,18.104,18.104,18.104,1,0
SES,D,20160404,000000,18.104,18.104,18.104,18.104,1,0
SES,D,20160405,000000,18.104,18.104,18.104,18.104,1,0
SES,D,20160406,000000,18.104,18.104,18.104,18.104,1,0
SES,D,20160407,000000,18.104,18.104,18.104,18.104,1,0
SES,D,20160408,000000,18.104,18.104,18.104,18.104,1,0
SES,D,20160411,000000,18.104,18.104,18.104,18.104,1,0
SES,D,20160412,000000,18.104,18.104,18.104,18.104,1,0
SES,D,20160413,000000,18.104,18.104,18.104,18.104,1,0
SES,D,20160414,000000,18.104,18.104,18.104,18.104,1,0
SES,D,20160415,000000,18.104,18.104,18.104,18.104,1,0
SES,D,20160418,000000,18.104,18.104,18.104,18.104,1,0
SES,D,20160419,000000,18.104,18.104,18.104,18.104,2,0
SES,D,20160420,000000,18.104,18.104,17.906,17.906,6,0
SES,D,20160421,000000,17.906,17.906,17.906,17.906,1,0
SES,D,20160422,000000,17.906,17.906,17.906,17.906,1,0
SES,D,20160425,000000,17.906,17.906,17.906,17.906,1,0
SES,D,20160426,000000,17.906,17.906,17.906,17.906,1,0
SES,D,20160427,000000,17.906,17.906,17.906,17.906,1,0
SES,D,20160428,000000,17.906,17.906,17.906,17.906,1,0
SES,D,20160429,000000,17.906,17.906,17.906,17.906,1,0
SES,D,20160502,000000,17.906,17.906,17.906,17.906,2,0
SES,D,20160504,000000,17.906,17.906,17.906,17.906,1,0
SES,D,20160505,000000,17.906,17.906,17.906,17.906,1,0
SES,D,20160506,000000,17.906,17.906,17.906,17.906,1,0
SES,D,20160509,000000,17.709,17.709,17.709,17.709,1,0
SES,D,20160510,000000,17.709,17.709,17.709,17.709,1,0
SES,D,20160511,000000,17.709,17.709,17.709,17.709,1,0
SES,D,20160512,000000,17.709,17.709,17.709,17.709,1,0
SES,D,20160513,000000,17.709,17.709,16.818,16.818,106,0
SES,D,20160516,000000,16.917,16.996,16.917,16.996,91,0
SES,D,20160517,000000,16.917,16.917,16.917,16.917,1248,0
SES,D,20160518,000000,16.838,16.838,16.838,16.838,107,0
SES,D,20160519,000000,16.838,16.838,16.838,16.838,1,0
SES,D,20160520,000000,16.838,16.838,16.838,16.838,1,0
SES,D,20160523,000000,16.838,16.838,16.838,16.838,1,0
SES,D,20160603,000000,16.917,16.917,16.917,16.917,10,0
SES,D,20160607,000000,17.016,18.302,17.016,18.302,145,0
SES,D,20160609,000000,17.214,17.214,17.174,17.174,59,0
SES,D,20160610,000000,17.56,17.56,17.56,17.56,71,0
SES,D,20160615,000000,18.114,18.114,18.114,18.114,71,0
SES,D,20160620,000000,18.302,18.797,18.302,18.797,80,0
SES,D,20160623,000000,19.291,19.291,19.291,19.291,1,0
SES,D,20160624,000000,18.352,18.352,17.807,17.807,66,0
SES,D,20160628,000000,18.381,18.381,18.381,18.381,61,0
SES,D,20160705,000000,18.302,18.302,18.302,18.302,123,0
SES,D,20160707,000000,18.797,19.123,18.797,19.123,74,0
SES,D,20160708,000000,18.995,18.995,18.619,18.619,30,0
SES,D,20160711,000000,19.123,19.786,19.123,19.786,25,0
SES,D,20160712,000000,19.786,19.786,19.786,19.786,101,0
SES,D,20160713,000000,19.786,19.786,19.786,19.786,53,0
SES,D,20160725,000000,19.994,19.994,19.994,19.994,1,0
SES,D,20160726,000000,19.994,19.994,19.994,19.994,1,0
SES,D,20160729,000000,19.994,19.994,19.994,19.994,1,0
SES,D,20160803,000000,19.994,19.994,19.994,19.994,1,0
SES,D,20160804,000000,19.994,19.994,19.994,19.994,1,0
SES,D,20160805,000000,19.994,19.994,19.994,19.994,1,0
SES,D,20160808,000000,19.994,19.994,19.994,19.994,1,0
SES,D,20160809,000000,19.994,19.994,19.994,19.994,1,0
SES,D,20160811,000000,19.984,19.984,19.984,19.984,101,0
SES,D,20160817,000000,19.984,19.984,19.984,19.984,71,0
SES,D,20160818,000000,19.984,19.984,19.39,19.39,107,0
SES,D,20160819,000000,18.846,18.846,18.846,18.846,35,0
SES,D,20160823,000000,19.786,20.775,19.786,20.498,272,0
SES,D,20160825,000000,21.27,21.666,21.27,21.666,106,0
SES,D,20160826,000000,22.754,23.536,22.754,22.754,104,0
SES,D,20160829,000000,20.498,20.498,20.33,20.33,51,0
SES,D,20160831,000000,20.271,20.271,20.271,20.271,51,0
SES,D,20160901,000000,20.31,20.31,20.31,20.31,51,0
SES,D,20160914,000000,20.429,20.934,20.429,20.934,60,0
SES,D,20160915,000000,20.973,21.072,20.043,21.072,180,0
SES,D,20160919,000000,21.468,21.468,21.468,21.468,152,0
SES,D,20160920,000000,21.755,21.755,21.755,21.755,56,0
SES,D,20161010,000000,21.765,21.765,21.765,21.765,2,0
SES,D,20161011,000000,21.765,21.765,21.765,21.765,1,0
SES,D,20161012,000000,21.765,21.765,21.765,21.765,1,0
SES,D,20161013,000000,21.765,21.765,21.636,21.636,55,0
SES,D,20161018,000000,21.636,22.061,21.636,22.061,128,0
SES,D,20161019,000000,22.061,22.061,22.061,22.061,51,0
SES,D,20161020,000000,22.061,22.061,22.061,22.061,13,0
SES,D,20161021,000000,22.744,22.744,22.744,22.744,5,0
SES,D,20161024,000000,23.001,23.001,23.001,23.001,88,0
SES,D,20161025,000000,23.743,25.722,23.743,25.722,142,0
SES,D,20161026,000000,27.701,28.591,27.701,28.591,35,0
SES,D,20161027,000000,29.184,29.184,27.701,27.701,8,0
SES,D,20161028,000000,27.701,27.701,26.81,26.81,79,0
SES,D,20161031,000000,26.711,26.711,25.722,25.722,91,0
SES,D,20161102,000000,25.761,25.761,25.761,25.761,15,0
SES,D,20161107,000000,25.761,26.217,25.761,26.217,183,0
SES,D,20161109,000000,26.711,26.711,26.711,26.711,108,0
SES,D,20161110,000000,27.008,27.008,27.008,27.008,12,0
SES,D,20161115,000000,25.722,25.722,25.722,25.722,77,0
SES,D,20161118,000000,25.969,25.969,25.969,25.969,51,0
SES,D,20161121,000000,25.722,25.722,25.672,25.672,101,0
SES,D,20161124,000000,25.722,25.722,25.722,25.722,1,0
SES,D,20161125,000000,25.722,25.722,25.722,25.722,1,0
SES,D,20161205,000000,25.722,25.722,25.722,25.722,2,0
SES,D,20161206,000000,25.722,25.722,25.722,25.722,1,0
SES,D,20161207,000000,25.722,25.722,25.722,25.722,1,0
SES,D,20161208,000000,25.722,25.722,25.722,25.722,1,0
SES,D,20161209,000000,25.722,25.722,25.722,25.722,1,0
SES,D,20161219,000000,25.722,25.722,25.722,25.722,101,0
SES,D,20161227,000000,25.722,29.679,25.722,26.711,209,0
SES,D,20161228,000000,26.711,26.711,26.217,26.217,101,0
SES,D,20170102,000000,26.711,27.691,26.711,27.691,66,0
SES,D,20170103,000000,27.701,28.69,27.701,28.69,25,0
SES,D,20170104,000000,28.69,29.679,28.69,29.679,20,0
SES,D,20170105,000000,30.668,30.668,30.668,30.668,10,0
SES,D,20170109,000000,31.658,33.28,31.658,33.28,115,0
SES,D,20170111,000000,34.626,34.626,33.636,33.636,35,0
SES,D,20170116,000000,34.23,34.23,30.668,30.668,192,0
SES,D,20170123,000000,30.668,30.668,30.668,30.668,101,0
SES,D,20170124,000000,30.668,30.668,30.668,30.668,1,0
SES,D,20170126,000000,30.668,30.668,30.668,30.668,1,0
SES,D,20170127,000000,30.668,30.668,30.668,30.668,1,0
SES,D,20170130,000000,29.679,29.679,29.679,29.679,2,0
SES,D,20170201,000000,30.372,30.372,30.372,30.372,2,0
SES,D,20170202,000000,29.689,29.689,28.789,28.789,222,0
SES,D,20170203,000000,28.789,29.778,28.789,29.778,123,0
SES,D,20170206,000000,29.778,29.778,29.778,29.778,255,0
SES,D,20170207,000000,29.778,29.976,29.679,29.976,343,0
SES,D,20170208,000000,30.174,30.174,30.174,30.174,2,0
SES,D,20170209,000000,30.174,30.174,30.174,30.174,1,0
SES,D,20170213,000000,30.174,30.174,30.174,30.174,1,0
SES,D,20170214,000000,30.263,30.263,30.263,30.263,1,0
SES,D,20170215,000000,30.263,30.263,30.263,30.263,1,0
SES,D,20170216,000000,30.263,30.263,30.263,30.263,1,0
SES,D,20170217,000000,30.461,30.461,30.461,30.461,54,0
SES,D,20170220,000000,30.461,30.461,30.461,30.461,1,0
SES,D,20170221,000000,30.461,30.461,30.461,30.461,1,0
SES,D,20170222,000000,30.461,30.461,30.461,30.461,1,0
SES,D,20170223,000000,30.461,30.461,30.461,30.461,1,0
SES,D,20170224,000000,30.461,30.461,30.461,30.461,1,0
SES,D,20170227,000000,29.382,29.382,29.184,29.184,30,0
SES,D,20170228,000000,29.283,32.152,29.283,32.152,996,0
SES,D,20170302,000000,31.658,31.658,31.658,31.658,1,0
SES,D,20170303,000000,31.846,34.626,31.846,34.626,244,0
SES,D,20170306,000000,33.636,39.078,33.636,39.078,409,0
SES,D,20170307,000000,39.078,39.572,35.605,35.605,378,0
SES,D,20170309,000000,33.933,33.933,33.933,33.933,3,0
SES,D,20170313,000000,33.636,33.636,33.636,33.636,10,0
SES,D,20170314,000000,35.605,35.605,34.072,34.072,62,0
SES,D,20170315,000000,33.834,33.834,33.834,33.834,45,0
SES,D,20170316,000000,33.834,33.834,30.668,30.668,236,0
SES,D,20170320,000000,30.668,31.846,30.668,31.846,6,0
SES,D,20170321,000000,31.658,31.658,30.075,30.075,222,0
SES,D,20170322,000000,30.075,30.075,30.075,30.075,5,0
SES,D,20170323,000000,30.174,30.579,30.174,30.579,30,0
SES,D,20170324,000000,30.668,30.668,30.668,30.668,30,0
SES,D,20170327,000000,30.668,30.668,30.668,30.668,1,0
SES,D,20170328,000000,30.668,31.499,30.668,31.499,11,0
SES,D,20170329,000000,31.499,31.658,31.499,31.658,89,0
SES,D,20170330,000000,31.658,31.658,31.658,31.658,1,0
SES,D,20170331,000000,31.658,31.658,31.658,31.658,1,0
SES,D,20170403,000000,31.658,31.658,31.658,31.658,2,0
SES,D,20170404,000000,31.658,31.658,31.658,31.658,2,0
SES,D,20170405,000000,31.658,31.658,31.658,31.658,1,0
SES,D,20170406,000000,31.757,31.757,31.757,31.757,1,0
SES,D,20170407,000000,31.658,31.658,31.658,31.658,1,0
SES,D,20170410,000000,31.658,31.658,31.658,31.658,2,0
SES,D,20170411,000000,31.658,31.658,31.658,31.658,1,0
SES,D,20170412,000000,31.658,32.152,31.658,32.152,13,0
SES,D,20170413,000000,32.647,32.647,32.647,32.647,10,0
SES,D,20170420,000000,32.647,33.636,32.647,33.636,62,0
SES,D,20170421,000000,33.636,34.082,33.636,34.082,111,0
SES,D,20170424,000000,32.944,34.082,32.647,33.903,262,0
SES,D,20170425,000000,34.082,34.24,34.082,34.24,15,0
SES,D,20170426,000000,34.23,34.23,34.23,34.23,1,0
SES,D,20170427,000000,34.23,35.615,34.23,35.615,74,0
SES,D,20170504,000000,35.813,35.813,34.992,34.992,66,0
SES,D,20170510,000000,35.021,35.021,35.021,35.021,25,0
SES,D,20170515,000000,33.142,33.142,33.122,33.122,76,0
SES,D,20170516,000000,33.043,33.043,31.658,31.658,181,0
SES,D,20170517,000000,31.668,31.668,31.668,31.668,1,0
SES,D,20170518,000000,31.668,31.668,31.668,31.668,2,0
SES,D,20170519,000000,31.668,31.668,31.668,31.668,2,0
SES,D,20170522,000000,31.668,31.668,30.866,30.866,6,0
SES,D,20170601,000000,30.767,30.767,30.767,30.767,2,0
SES,D,20170602,000000,30.767,30.767,30.767,30.767,50,0
SES,D,20170605,000000,30.767,31.025,30.767,31.025,73,0
SES,D,20170606,000000,31.025,31.025,31.025,31.025,1,0
SES,D,20170607,000000,31.025,31.025,31.025,31.025,1,0
SES,D,20170608,000000,31.025,31.025,31.025,31.025,2,0
SES,D,20170609,000000,30.668,30.668,30.668,30.668,10,0
SES,D,20170612,000000,30.668,30.668,30.668,30.668,20,0
SES,D,20170614,000000,30.916,30.916,30.916,30.916,1,0
SES,D,20170616,000000,30.916,30.916,30.916,30.916,1,0
SES,D,20170619,000000,30.916,30.916,30.916,30.916,1,0
SES,D,20170620,000000,30.916,30.916,30.916,30.916,1,0
SES,D,20170621,000000,30.916,30.916,30.916,30.916,1,0
SES,D,20170622,000000,30.916,30.916,30.916,30.916,1,0
SES,D,20170623,000000,30.866,30.866,28.166,28.166,269,0
SES,D,20170626,000000,28.166,28.166,28.166,28.166,25,0
SES,D,20170627,000000,27.701,27.701,24.733,24.733,357,0
SES,D,20170628,000000,24.733,24.733,24.109,24.109,83,0
SES,D,20170629,000000,24.683,26.118,24.683,26.118,129,0
SES,D,20170630,000000,25.92,30.965,25.92,30.965,132,0
SES,D,20170703,000000,26.226,31.163,26.226,31.163,179,0
SES,D,20170704,000000,30.668,35.12,30.668,35.12,51,0
SES,D,20170705,000000,35.615,37.594,35.318,37.594,54,0
SES,D,20170706,000000,38.583,38.583,38.583,38.583,5,0
SES,D,20170707,000000,39.374,39.374,38.88,38.88,27,0
SES,D,20170710,000000,38.385,38.385,37.91,37.91,25,0
SES,D,20170711,000000,38.286,38.286,37.91,37.91,15,0
SES,D,20170712,000000,37.91,38.385,37.594,37.594,133,0
SES,D,20170714,000000,38.088,38.088,38.088,38.088,10,0
SES,D,20170717,000000,38.583,39.473,38.583,39.473,10,0
SES,D,20170718,000000,37.594,39.473,37.594,39.473,13,0
SES,D,20170725,000000,39.572,39.572,39.572,39.572,313,0
SES,D,20170801,000000,39.572,39.572,39.572,39.572,1,0
SES,D,20170802,000000,39.572,39.572,39.572,39.572,1,0
SES,D,20170803,000000,39.572,39.572,39.572,39.572,1,0
SES,D,20170804,000000,39.572,39.572,39.572,39.572,1,0
SES,D,20170821,000000,37.693,37.693,37.693,37.693,30,0
SES,D,20170828,000000,37.099,37.099,36.604,36.604,64,0
SES,D,20170829,000000,35.813,35.813,35.813,35.813,1415,0
SES,D,20170830,000000,36.604,36.614,36.604,36.604,182,0
SES,D,20170901,000000,36.604,36.901,36.604,36.901,20,0
SES,D,20170904,000000,37.099,38.583,37.099,38.583,70,0
SES,D,20170905,000000,38.583,39.572,38.583,39.572,62,0
SES,D,20170906,000000,39.572,39.572,39.572,39.572,1,0
SES,D,20170907,000000,39.572,39.572,39.572,39.572,1,0
SES,D,20170908,000000,39.572,39.572,39.572,39.572,2,0
SES,D,20170911,000000,39.572,39.572,39.572,39.572,1,0
SES,D,20170912,000000,39.572,39.572,39.572,39.572,1,0
SES,D,20170913,000000,39.572,39.572,39.572,39.572,1,0
SES,D,20170914,000000,39.572,39.572,39.572,39.572,1,0
SES,D,20170915,000000,39.572,39.572,39.572,39.572,1,0
SES,D,20170918,000000,39.325,39.325,39.325,39.325,1,0
SES,D,20170919,000000,39.325,39.325,38.583,38.583,53,0
SES,D,20170922,000000,38.632,38.642,38.632,38.642,10,0
SES,D,20170925,000000,38.583,38.583,38.583,38.583,1,0
SES,D,20170926,000000,38.583,38.583,38.583,38.583,1,0
SES,D,20170927,000000,38.583,38.583,38.583,38.583,1,0
SES,D,20170928,000000,38.583,38.583,38.583,38.583,1,0
SES,D,20170929,000000,38.583,38.583,38.583,38.583,1,0
SES,D,20171002,000000,38.583,38.583,38.583,38.583,1,0
SES,D,20171003,000000,38.583,38.583,38.583,38.583,1,0
SES,D,20171004,000000,38.583,38.583,38.583,38.583,1,0
SES,D,20171005,000000,38.583,38.583,38.583,38.583,1,0
SES,D,20171006,000000,38.583,38.583,38.583,38.583,1,0
SES,D,20171009,000000,38.583,38.583,38.583,38.583,1,0
SES,D,20171011,000000,38.583,38.583,38.583,38.583,1,0
SES,D,20171012,000000,38.583,38.583,38.583,38.583,1,0
SES,D,20171013,000000,38.583,38.583,38.583,38.583,1,0
SES,D,20171016,000000,38.583,38.583,38.583,38.583,2,0
SES,D,20171017,000000,38.583,38.583,38.583,38.583,1,0
SES,D,20171018,000000,38.583,38.583,38.583,38.583,1,0
SES,D,20171023,000000,38.583,38.642,38.583,38.642,243,0
SES,D,20171102,000000,38.642,38.642,38.642,38.642,20,0
SES,D,20171122,000000,38.583,38.583,38.583,38.583,1,0
SES,D,20171123,000000,38.583,38.583,38.583,38.583,1,0
SES,D,20171124,000000,38.583,38.583,38.583,38.583,1,0
SES,D,20171127,000000,38.583,38.583,38.583,38.583,1,0
SES,D,20171128,000000,38.583,38.583,38.583,38.583,31,0
SES,D,20171129,000000,38.583,38.583,38.583,38.583,1,0
SES,D,20171130,000000,38.583,38.583,38.583,38.583,1,0
SES,D,20171201,000000,38.583,38.583,38.583,38.583,1,0
SES,D,20171204,000000,38.583,38.583,38.583,38.583,1,0
SES,D,20171205,000000,38.583,38.583,38.583,38.583,1,0
SES,D,20171206,000000,38.583,38.583,38.583,38.583,1,0
SES,D,20171207,000000,38.583,38.583,38.583,38.583,1,0
SES,D,20171208,000000,38.583,38.583,38.583,38.583,1,0
SES,D,20171211,000000,38.583,38.583,38.583,38.583,1,0
SES,D,20171212,000000,38.583,38.583,38.583,38.583,1,0
SES,D,20171213,000000,38.583,38.583,38.583,38.583,1,0
SES,D,20171214,000000,38.583,38.583,38.583,38.583,1,0
SES,D,20171215,000000,38.583,38.583,38.583,38.583,1,0
SES,D,20171218,000000,38.583,38.583,38.583,38.583,1,0
SES,D,20171219,000000,38.583,38.583,38.583,38.583,1,0
SES,D,20171220,000000,38.583,38.583,38.583,38.583,1,0
SES,D,20171221,000000,38.583,38.583,38.583,38.583,1,0
SES,D,20171227,000000,38.583,38.583,38.583,38.583,1,0
SES,D,20171228,000000,38.583,38.583,38.583,38.583,1,0
SES,D,20171229,000000,38.583,38.583,38.583,38.583,1,0
SES,D,20180103,000000,38.187,38.187,38.187,38.187,1,0
SES,D,20180104,000000,38.187,38.187,38.187,38.187,1,0
SES,D,20180105,000000,38.187,38.187,38.187,38.187,1,0
SES,D,20180108,000000,38.187,38.187,38.187,38.187,1,0
SES,D,20180109,000000,38.187,38.187,38.187,38.187,1,0
SES,D,20180110,000000,38.187,38.187,38.187,38.187,1,0
SES,D,20180111,000000,38.187,38.187,38.187,38.187,1,0
SES,D,20180112,000000,38.187,38.187,38.187,38.187,1,0
SES,D,20180115,000000,38.583,38.583,38.583,38.583,1,0
SES,D,20180116,000000,38.583,38.583,38.583,38.583,1,0
SES,D,20180117,000000,38.583,38.583,38.583,38.583,1,0
SES,D,20180118,000000,38.583,38.583,38.583,38.583,1,0
SES,D,20180119,000000,38.583,38.583,38.583,38.583,1,0
SES,D,20180122,000000,38.583,38.583,38.583,38.583,1,0
SES,D,20180123,000000,38.583,38.583,38.583,38.583,1,0
SES,D,20180124,000000,38.583,38.583,38.583,38.583,99,0
SES,D,20180129,000000,38.781,42.342,38.781,42.342,71,0
SES,D,20180130,000000,40.561,44.519,40.561,44.519,278,0
SES,D,20180131,000000,44.519,44.519,44.519,44.519,1,0
SES,D,20180201,000000,43.529,43.529,43.529,43.529,1,0
SES,D,20180202,000000,43.529,43.529,43.529,43.529,1,0
SES,D,20180206,000000,40.759,40.759,40.759,40.759,51,0
SES,D,20180207,000000,42.738,43.529,42.738,43.529,4,0
SES,D,20180219,000000,43.529,43.529,43.529,43.529,1,0
SES,D,20180220,000000,43.529,43.529,43.529,43.529,1,0
SES,D,20180221,000000,42.54,42.54,42.54,42.54,1,0
SES,D,20180222,000000,42.54,43.529,42.54,43.529,22,0
SES,D,20180223,000000,43.529,43.529,43.529,43.529,1,0
SES,D,20180226,000000,42.54,42.54,42.54,42.54,1,0
SES,D,20180227,000000,42.54,42.54,41.155,42.54,105,0
SES,D,20180228,000000,42.54,42.54,42.54,42.54,42,0
SES,D,20180301,000000,42.54,42.54,40.561,40.561,102,0
SES,D,20180302,000000,40.561,40.561,40.561,40.561,37,0
SES,D,20180305,000000,40.561,40.561,40.561,40.561,1,0
SES,D,20180306,000000,40.561,40.561,40.561,40.561,1,0
SES,D,20180307,000000,40.561,40.561,40.561,40.561,1,0
SES,D,20180308,000000,40.561,40.561,40.561,40.561,1,0
SES,D,20180309,000000,40.561,43.529,40.561,43.529,71,0
SES,D,20180312,000000,40.561,43.529,40.561,43.529,27,0
SES,D,20180313,000000,39.572,39.572,39.572,39.572,56,0
SES,D,20180316,000000,39.572,39.572,39.572,39.572,1,0
SES,D,20180319,000000,39.572,41.551,38.583,41.551,52,0
SES,D,20180320,000000,39.572,40.166,39.572,39.572,226,0
SES,D,20180321,000000,40.166,40.166,40.166,40.166,5,0
SES,D,20180322,000000,39.572,39.572,39.572,39.572,14,0
SES,D,20180323,000000,40.561,40.561,40.561,40.561,5,0
SES,D,20180326,000000,39.572,39.572,39.572,39.572,108,0
SES,D,20180327,000000,39.572,39.572,39.572,39.572,106,0
SES,D,20180328,000000,38.583,38.583,37.594,37.594,219,0
SES,D,20180329,000000,37,38.583,37,38.583,15,0
SES,D,20180403,000000,39.374,39.374,39.374,39.374,5,0
SES,D,20180404,000000,39.572,39.572,38.583,38.583,4,0
SES,D,20180406,000000,38.583,38.583,36.604,37.594,346,0
SES,D,20180409,000000,37.594,41.155,35.615,37.791,556,0
SES,D,20180413,000000,37.791,37.791,37.791,37.791,71,0
SES,D,20180416,000000,38.187,38.187,38.187,38.187,1,0
SES,D,20180420,000000,37.198,37.198,36.604,36.604,30,0
SES,D,20180424,000000,35.615,35.615,35.615,35.615,10,0
SES,D,20180426,000000,36.011,36.011,36.011,36.011,40,0
SES,D,20180430,000000,34.626,34.626,34.626,34.626,268,0
SES,D,20180508,000000,33.834,33.834,33.834,33.834,222,0
SES,D,20180509,000000,32.647,32.647,32.647,32.647,3,0
SES,D,20180515,000000,33.834,33.834,33.834,33.834,1,0
SES,D,20180516,000000,32.251,32.251,32.251,32.251,5,0
SES,D,20180517,000000,29.679,29.679,29.679,29.679,76,0
SES,D,20180521,000000,29.086,29.086,29.086,29.086,1,0
SES,D,20180522,000000,27.701,27.701,27.701,27.701,19,0
SES,D,20180604,000000,28.096,28.096,27.701,27.701,283,0
SES,D,20180611,000000,26.711,26.711,26.711,26.711,1,0
SES,D,20180612,000000,26.711,26.711,26.711,26.711,14,0
SES,D,20180613,000000,26.711,26.711,26.711,26.711,6,0
SES,D,20180615,000000,26.513,26.513,26.513,26.513,1,0
SES,D,20180702,000000,25.92,25.92,25.92,25.92,10,0
SES,D,20180704,000000,25.722,25.722,25.722,25.722,2,0
SES,D,20180705,000000,25.722,25.722,25.722,25.722,1,0
SES,D,20180706,000000,25.722,25.722,25.722,25.722,4,0
SES,D,20180709,000000,25.722,25.722,24.93,24.93,77,0
SES,D,20180710,000000,21.765,21.765,19.786,19.786,650,0
SES,D,20180711,000000,20.775,20.775,20.775,20.775,45,0
SES,D,20180712,000000,19.786,19.786,19.786,19.786,455,0
SES,D,20180716,000000,19.786,21.369,19.786,21.369,103,0
SES,D,20180717,000000,21.765,21.765,21.765,21.765,89,0
SES,D,20180718,000000,22.556,22.556,22.556,22.556,116,0
SES,D,20180723,000000,21.171,21.171,20.775,20.775,404,0
SES,D,20180724,000000,21.567,21.567,21.567,21.567,3,0
SES,D,20180725,000000,20.775,20.775,20.775,20.775,364,0
SES,D,20180726,000000,21.369,21.369,20.775,20.775,78,0
SES,D,20180727,000000,20.775,20.775,19.984,19.984,384,0
SES,D,20180730,000000,20.182,20.182,19.786,19.786,879,0
SES,D,20180802,000000,20.775,20.775,20.775,20.775,2,0
SES,D,20180806,000000,20.578,20.578,20.578,20.578,51,0
SES,D,20180807,000000,19.786,19.786,19.786,19.786,30,0
SES,D,20180813,000000,19.786,20.775,19.786,20.775,657,0
SES,D,20180814,000000,22.358,26.711,22.358,26.711,1193,0
SES,D,20180816,000000,25.128,25.326,25.128,25.326,655,0
SES,D,20180817,000000,25.326,25.326,25.128,25.128,303,0
SES,D,20180820,000000,23.743,23.743,23.15,23.15,587,0
SES,D,20180821,000000,23.743,23.743,23.743,23.743,79,0
SES,D,20180822,000000,23.743,23.743,23.743,23.743,505,0
SES,D,20180823,000000,23.743,23.743,23.545,23.545,510,0
SES,D,20180824,000000,23.545,23.545,23.545,23.545,1,0
SES,D,20180827,000000,25.128,28.69,25.128,28.69,518,0
SES,D,20180828,000000,31.46,37.791,31.46,36.802,4374,0
SES,D,20180829,000000,37,38.583,35.615,35.615,977,0
SES,D,20180830,000000,34.824,34.824,31.658,34.428,139,0
SES,D,20180831,000000,34.626,34.626,33.636,33.636,459,0
SES,D,20180903,000000,33.636,33.636,32.647,33.636,1639,0
SES,D,20180904,000000,32.647,32.647,32.647,32.647,35,0
SES,D,20180905,000000,29.679,29.679,27.898,28.294,1285,0
SES,D,20180906,000000,33.636,33.636,32.647,33.636,439,0
SES,D,20180907,000000,32.647,32.647,32.647,32.647,28,0
SES,D,20180910,000000,32.647,32.647,32.647,32.647,21,0
SES,D,20180912,000000,30.866,30.866,28.096,28.096,87,0
SES,D,20180913,000000,28.492,31.262,28.096,31.262,211,0
SES,D,20180914,000000,31.262,31.262,31.262,31.262,639,0
SES,D,20180919,000000,33.241,33.241,29.679,30.866,61,0
SES,D,20180920,000000,30.668,30.668,29.679,29.679,15,0
SES,D,20180921,000000,31.46,31.46,29.679,29.679,8,0
SES,D,20180924,000000,29.679,29.679,29.679,29.679,10,0
SES,D,20180926,000000,29.283,29.679,29.283,29.679,275,0
SES,D,20180927,000000,30.471,30.471,30.471,30.471,2,0
SES,D,20180928,000000,30.668,30.668,30.668,30.668,12,0
SES,D,20181001,000000,30.668,30.668,30.668,30.668,7,0
SES,D,20181002,000000,30.668,30.668,30.668,30.668,3,0
SES,D,20181003,000000,31.46,31.46,29.679,29.679,183,0
SES,D,20181004,000000,29.679,29.679,29.679,29.679,7,0
SES,D,20181005,000000,29.877,29.877,29.679,29.679,98,0
SES,D,20181008,000000,29.679,29.679,29.283,29.283,9,0
SES,D,20181009,000000,29.283,29.283,29.283,29.283,1,0
SES,D,20181010,000000,29.679,30.075,29.679,29.679,74,0
SES,D,20181011,000000,29.679,29.679,29.679,29.679,1,0
SES,D,20181012,000000,29.877,29.877,29.877,29.877,103,0
SES,D,20181016,000000,29.283,29.283,28.69,28.69,527,0
SES,D,20181017,000000,29.877,29.877,29.877,29.877,3,0
SES,D,20181019,000000,29.877,29.877,29.877,29.877,20,0
SES,D,20181023,000000,29.679,29.679,29.679,29.679,1,0
SES,D,20181024,000000,28.69,28.69,28.69,28.69,606,0
SES,D,20181026,000000,28.69,28.69,28.69,28.69,3,0
SES,D,20181029,000000,28.492,28.492,28.492,28.492,2,0
SES,D,20181030,000000,28.492,28.492,28.492,28.492,2,0
SES,D,20181031,000000,28.492,29.679,28.492,29.679,426,0
SES,D,20181105,000000,28.69,28.69,28.096,28.096,324,0
SES,D,20181107,000000,29.481,29.481,29.481,29.481,16,0
SES,D,20181108,000000,29.679,29.679,28.69,28.69,293,0
SES,D,20181109,000000,29.086,29.086,28.69,28.69,161,0
SES,D,20181115,000000,28.096,28.096,27.701,27.701,106,0
SES,D,20181116,000000,27.701,27.701,27.701,27.701,186,0
SES,D,20181119,000000,27.701,27.701,27.701,27.701,3,0
SES,D,20181120,000000,28.69,28.69,28.69,28.69,347,0
SES,D,20181121,000000,28.69,28.69,28.69,28.69,2,0
SES,D,20181123,000000,28.888,28.888,28.888,28.888,1,0
SES,D,20181126,000000,28.69,28.69,28.69,28.69,1,0
SES,D,20181127,000000,28.69,28.69,28.69,28.69,5,0
SES,D,20181129,000000,28.69,28.69,28.69,28.69,2,0
SES,D,20181203,000000,27.701,27.701,27.701,27.701,8,0
SES,D,20181204,000000,27.898,27.898,27.898,27.898,2,0
SES,D,20181205,000000,27.898,27.898,27.898,27.898,2,0
SES,D,20181206,000000,27.898,27.898,27.898,27.898,2,0
SES,D,20181207,000000,27.898,27.898,27.898,27.898,1,0
SES,D,20181210,000000,27.898,27.898,27.898,27.898,2,0
SES,D,20181211,000000,27.898,27.898,27.898,27.898,1,0
SES,D,20181212,000000,27.898,27.898,27.898,27.898,1,0
SES,D,20181213,000000,28.888,29.086,28.888,29.086,204,0
SES,D,20181214,000000,28.69,28.69,28.69,28.69,2,0
SES,D,20181219,000000,27.701,27.701,27.701,27.701,371,0
SES,D,20181227,000000,26.711,26.711,26.711,26.711,5,0
SES,D,20181228,000000,27.503,27.503,27.503,27.503,2,0
SES,D,20190102,000000,27.503,27.503,26.711,26.711,114,0
SES,D,20190103,000000,26.711,26.711,26.711,26.711,1,0
SES,D,20190104,000000,25.524,25.722,25.524,25.722,176,0
SES,D,20190121,000000,25.722,25.722,25.722,25.722,82,0
SES,D,20190122,000000,25.722,25.722,25.722,25.722,5,0
SES,D,20190123,000000,25.722,25.722,25.722,25.722,2,0
SES,D,20190124,000000,25.722,25.722,25.722,25.722,2,0
SES,D,20190125,000000,25.524,25.524,24.733,24.733,384,0
SES,D,20190128,000000,24.733,24.733,24.733,24.733,375,0
SES,D,20190129,000000,24.733,24.733,24.733,24.733,22,0
SES,D,20190130,000000,24.733,27.701,24.733,27.701,625,0
SES,D,20190131,000000,26.711,26.711,26.711,26.711,479,0
SES,D,20190201,000000,29.283,29.283,25.326,25.722,1162,0
SES,D,20190204,000000,25.722,25.722,25.524,25.524,622,0
SES,D,20190205,000000,26.316,26.316,26.316,26.316,177,0
SES,D,20190206,000000,26.513,26.513,26.513,26.513,30,0
SES,D,20190207,000000,25.722,25.722,25.326,25.722,276,0
SES,D,20190208,000000,25.722,25.722,25.722,25.722,35,0
SES,D,20190211,000000,26.316,28.294,26.316,28.294,1068,0
SES,D,20190212,000000,29.679,29.679,28.294,28.294,618,0
SES,D,20190213,000000,29.481,29.679,29.481,29.679,516,0
SES,D,20190214,000000,31.658,31.658,29.679,29.679,317,0
SES,D,20190215,000000,29.877,29.877,29.679,29.679,18,0
SES,D,20190218,000000,28.69,30.668,28.69,30.668,1574,0
SES,D,20190219,000000,30.668,31.658,30.668,31.658,955,0
SES,D,20190220,000000,29.283,29.283,29.283,29.283,4,0
SES,D,20190225,000000,31.064,31.064,30.668,31.064,998,0
SES,D,20190226,000000,31.064,31.064,30.668,30.668,1622,0
SES,D,20190227,000000,31.064,31.064,31.064,31.064,243,0
SES,D,20190228,000000,32.053,34.626,32.053,34.626,1687,0
SES,D,20190301,000000,34.824,35.219,33.636,33.636,178,0
SES,D,20190304,000000,34.626,34.626,34.626,34.626,113,0
SES,D,20190305,000000,34.626,35.615,34.626,35.417,308,0
SES,D,20190306,000000,35.615,35.615,35.615,35.615,23,0
SES,D,20190307,000000,35.021,35.021,35.021,35.021,212,0
SES,D,20190308,000000,34.626,34.626,34.626,34.626,53,0
SES,D,20190311,000000,34.626,34.626,34.626,34.626,16,0
SES,D,20190312,000000,34.626,34.626,34.626,34.626,20,0
SES,D,20190313,000000,34.626,35.417,34.626,35.417,44,0
SES,D,20190314,000000,35.417,35.417,34.626,34.626,117,0
SES,D,20190315,000000,34.824,34.824,34.824,34.824,436,0
SES,D,20190318,000000,34.824,34.824,34.626,34.626,36,0
SES,D,20190319,000000,34.626,34.626,34.626,34.626,103,0
SES,D,20190320,000000,34.626,34.626,34.626,34.626,2,0
SES,D,20190321,000000,34.626,34.626,34.626,34.626,11,0
SES,D,20190322,000000,35.021,35.021,35.021,35.021,3,0
SES,D,20190325,000000,34.626,34.626,34.626,34.626,738,0
SES,D,20190326,000000,34.626,34.626,34.626,34.626,346,0
SES,D,20190327,000000,35.021,35.021,35.021,35.021,3,0
SES,D,20190328,000000,35.021,35.021,35.021,35.021,2,0
SES,D,20190329,000000,35.021,35.021,35.021,35.021,1,0
SES,D,20190401,000000,35.021,35.021,35.021,35.021,2,0
SES,D,20190402,000000,35.021,35.021,35.021,35.021,1,0
SES,D,20190403,000000,34.626,34.626,33.834,33.834,51,0
SES,D,20190404,000000,34.626,34.626,34.626,34.626,52,0
SES,D,20190405,000000,34.626,34.626,34.626,34.626,2,0
SES,D,20190408,000000,34.626,34.626,34.626,34.626,1,0
SES,D,20190409,000000,34.626,34.626,34.626,34.626,1,0
SES,D,20190410,000000,35.021,35.021,35.021,35.021,37,0
SES,D,20190415,000000,34.626,34.626,34.428,34.428,1178,0
SES,D,20190416,000000,34.428,34.428,34.428,34.428,1,0
SES,D,20190417,000000,34.428,34.428,33.439,33.439,500,0
SES,D,20190418,000000,31.856,31.856,31.856,31.856,226,0
SES,D,20190425,000000,31.262,31.262,25.722,30.866,3077,0
SES,D,20190426,000000,29.679,30.075,29.086,30.075,171,0
SES,D,20190429,000000,29.877,29.877,28.69,28.69,28,0
SES,D,20190430,000000,29.877,29.877,29.877,29.877,2,0
SES,D,20190502,000000,29.877,29.877,29.679,29.679,41,0
SES,D,20190506,000000,29.679,30.075,29.679,30.075,404,0
SES,D,20190507,000000,30.075,30.075,30.075,30.075,220,0
SES,D,20190508,000000,30.075,30.075,29.679,29.679,259,0
SES,D,20190513,000000,29.679,29.679,29.679,29.679,6,0
SES,D,20190517,000000,29.679,29.679,29.679,29.679,5,0
SES,D,20190521,000000,29.283,29.283,28.096,28.096,217,0
SES,D,20190529,000000,28.096,28.096,28.096,28.096,202,0
SES,D,20190530,000000,27.898,27.898,27.305,27.305,430,0
SES,D,20190531,000000,26.711,26.711,25.722,25.722,40,0
SES,D,20190603,000000,25.92,25.92,25.92,25.92,91,0
SES,D,20190606,000000,27.305,27.305,27.305,27.305,5,0
SES,D,20190607,000000,27.305,27.305,27.305,27.305,5,0
SES,D,20190610,000000,27.305,27.701,27.305,27.701,40,0
SES,D,20190611,000000,27.503,27.503,25.92,25.92,45,0
SES,D,20190612,000000,25.92,27.107,25.92,27.107,66,0
SES,D,20190618,000000,27.107,27.107,27.107,27.107,101,0
SES,D,20190619,000000,27.305,27.305,27.305,27.305,106,0
SES,D,20190621,000000,27.107,27.107,27.107,27.107,2,0
SES,D,20190624,000000,26.711,26.711,26.711,26.711,10,0
SES,D,20190625,000000,26.711,26.711,26.711,26.711,5,0
SES,D,20190626,000000,26.711,26.711,26.711,26.711,5,0
SES,D,20190627,000000,27.305,27.305,27.305,27.305,101,0
SES,D,20190701,000000,27.503,27.503,27.503,27.503,182,0
SES,D,20190702,000000,26.711,26.711,26.711,26.711,51,0
SES,D,20190709,000000,26.909,26.909,26.909,26.909,8,0
SES,D,20190710,000000,26.909,26.909,26.909,26.909,1,0
SES,D,20190711,000000,26.909,26.909,26.909,26.909,1,0
SES,D,20190712,000000,26.909,26.909,26.909,26.909,1,0
SES,D,20190715,000000,26.909,26.909,26.909,26.909,1,0
SES,D,20190716,000000,26.909,26.909,26.909,26.909,1,0
SES,D,20190717,000000,26.909,26.909,26.909,26.909,17,0
SES,D,20190718,000000,26.909,26.909,26.909,26.909,2,0
SES,D,20190719,000000,26.909,26.909,26.909,26.909,2,0
SES,D,20190722,000000,26.909,26.909,26.909,26.909,2,0
SES,D,20190723,000000,26.909,26.909,26.909,26.909,1,0
SES,D,20190724,000000,26.711,26.711,26.711,26.711,303,0
SES,D,20190726,000000,26.711,26.711,26.711,26.711,1,0
SES,D,20190729,000000,26.711,26.711,26.711,26.711,5,0
SES,D,20190730,000000,26.711,26.711,26.711,26.711,9,0
SES,D,20190731,000000,26.711,26.711,25.92,25.92,119,0
SES,D,20190801,000000,25.92,25.92,25.92,25.92,2,0
SES,D,20190802,000000,26.711,26.711,25.92,25.92,59,0
SES,D,20190805,000000,26.711,26.711,26.711,26.711,2,0
SES,D,20190806,000000,26.711,26.711,26.711,26.711,2,0
SES,D,20190807,000000,26.711,26.711,26.711,26.711,2,0
SES,D,20190808,000000,26.711,26.711,26.711,26.711,2,0
SES,D,20190809,000000,26.711,26.711,26.711,26.711,2,0
SES,D,20190812,000000,26.711,26.711,26.711,26.711,2,0
SES,D,20190827,000000,26.711,26.711,26.711,26.711,1,0
SES,D,20190828,000000,26.909,26.909,26.909,26.909,1,0
SES,D,20190829,000000,26.909,26.909,26.909,26.909,2,0
SES,D,20190830,000000,26.909,26.909,26.909,26.909,1,0
SES,D,20190902,000000,26.909,26.909,26.909,26.909,2,0
SES,D,20190903,000000,26.909,26.909,26.909,26.909,2,0
SES,D,20190904,000000,26.909,26.909,26.909,26.909,24,0
SES,D,20190906,000000,26.909,26.909,26.909,26.909,2,0
SES,D,20190909,000000,26.909,26.909,26.909,26.909,59,0
SES,D,20190910,000000,26.909,26.909,26.909,26.909,2,0
SES,D,20190911,000000,26.909,26.909,26.909,26.909,2,0
SES,D,20190912,000000,26.909,26.909,26.909,26.909,1,0
SES,D,20190913,000000,26.909,26.909,26.909,26.909,17,0
SES,D,20190916,000000,26.909,26.909,26.909,26.909,1,0
SES,D,20190917,000000,26.909,26.909,26.909,26.909,1,0
SES,D,20190918,000000,26.909,26.909,26.909,26.909,1,0
SES,D,20190919,000000,26.909,26.909,26.711,26.711,70,0
SES,D,20190920,000000,26.711,26.909,26.711,26.909,13,0
SES,D,20190923,000000,26.711,26.909,26.711,26.711,91,0
SES,D,20190924,000000,26.909,26.909,26.909,26.909,1,0
SES,D,20190925,000000,25.92,26.909,25.92,26.909,31,0
SES,D,20191007,000000,25.722,26.909,25.722,26.909,248,0
SES,D,20191008,000000,26.711,26.711,26.711,26.711,222,0
SES,D,20191010,000000,26.909,26.909,26.909,26.909,1,0
SES,D,20191011,000000,26.909,26.909,26.909,26.909,2,0
SES,D,20191017,000000,26.909,26.909,26.909,26.909,283,0
SES,D,20191105,000000,27.305,27.503,27.305,27.503,343,0
SES,D,20191106,000000,29.086,29.086,29.086,29.086,51,0
SES,D,20191107,000000,29.679,29.679,29.679,29.679,1,0
SES,D,20191108,000000,29.679,29.679,29.679,29.679,5,0
SES,D,20191112,000000,29.679,29.679,29.679,29.679,2,0
SES,D,20191113,000000,29.679,29.679,29.679,29.679,121,0
SES,D,20191114,000000,29.679,29.679,29.679,29.679,2,0
SES,D,20191115,000000,29.679,29.679,29.679,29.679,3,0
SES,D,20191118,000000,28.294,28.294,28.294,28.294,25,0
SES,D,20191119,000000,28.294,28.294,27.701,27.701,157,0
SES,D,20191120,000000,27.701,27.701,27.701,27.701,5,0
SES,D,20191203,000000,27.701,27.701,27.701,27.701,63,0
SES,D,20191204,000000,27.701,27.701,27.701,27.701,1,0
SES,D,20191205,000000,27.305,27.305,26.711,26.711,283,0
SES,D,20191209,000000,25.92,25.92,25.722,25.722,304,0
SES,D,20191210,000000,24.733,24.733,24.733,24.733,35,0
SES,D,20191212,000000,24.733,24.733,24.733,24.733,329,0
SES,D,20191220,000000,24.733,24.733,24.733,24.733,35,0
SES,D,20191223,000000,24.733,24.733,24.733,24.733,40,0
SES,D,20191227,000000,24.733,24.733,24.733,24.733,35,0
SES,D,20191230,000000,24.733,24.733,24.733,24.733,3,0
SES,D,20200102,000000,24.733,24.733,23.743,23.743,57,0
SES,D,20200103,000000,24.93,24.93,24.733,24.93,788,0
SES,D,20200107,000000,25.128,25.128,25.128,25.128,303,0
SES,D,20200108,000000,25.128,25.128,24.93,25.128,143,0
SES,D,20200109,000000,25.128,25.128,24.535,24.535,304,0
SES,D,20200110,000000,23.743,23.743,23.743,23.743,303,0
SES,D,20200113,000000,23.743,23.743,23.743,23.743,57,0
SES,D,20200114,000000,22.754,22.754,22.754,22.754,10,0
SES,D,20200115,000000,22.952,22.952,22.952,22.952,10,0
SES,D,20200116,000000,22.952,22.952,22.952,22.952,138,0
SES,D,20200122,000000,22.754,22.754,22.754,22.754,5,0
SES,D,20200123,000000,22.754,22.754,22.754,22.754,7,0
SES,D,20200127,000000,22.754,22.754,22.754,22.754,212,0
SES,D,20200203,000000,22.754,22.754,22.556,22.556,345,0
SES,D,20200204,000000,21.963,22.556,21.963,22.556,194,0
SES,D,20200205,000000,21.963,21.963,21.765,21.765,87,0
SES,D,20200206,000000,21.369,21.765,21.369,21.765,265,0
SES,D,20200207,000000,21.171,21.567,20.775,21.567,188,0
SES,D,20200210,000000,21.567,21.765,21.567,21.765,238,0
SES,D,20200211,000000,22.358,22.754,22.358,22.754,137,0
SES,D,20200212,000000,22.952,23.743,22.952,23.743,862,0
SES,D,20200213,000000,23.15,23.15,23.15,23.15,10,0
SES,D,20200214,000000,22.754,22.754,22.754,22.754,76,0
SES,D,20200218,000000,22.952,22.952,22.952,22.952,5,0
SES,D,20200219,000000,22.754,22.754,22.754,22.754,101,0
SES,D,20200220,000000,23.15,23.15,23.15,23.15,54,0
SES,D,20200221,000000,23.15,23.348,23.15,23.348,455,0
SES,D,20200224,000000,23.348,23.348,22.556,22.556,135,0
SES,D,20200225,000000,23.743,23.743,23.743,23.743,104,0
SES,D,20200226,000000,22.754,22.754,22.754,22.754,34,0
SES,D,20200227,000000,22.754,24.733,22.16,24.733,65,0
SES,D,20200228,000000,23.743,23.743,23.743,23.743,12,0
SES,D,20200302,000000,21.963,21.963,21.567,21.567,510,0
SES,D,20200303,000000,22.16,22.16,21.765,21.765,404,0
SES,D,20200304,000000,22.16,22.16,22.16,22.16,137,0
SES,D,20200305,000000,22.358,22.754,22.358,22.754,32,0
SES,D,20200306,000000,23.15,23.15,23.15,23.15,16,0
SES,D,20200309,000000,22.358,22.358,20.775,20.775,682,0
SES,D,20200310,000000,19.786,19.786,19.786,19.786,567,0
SES,D,20200311,000000,20.775,20.775,18.896,19.786,835,0
SES,D,20200312,000000,19.786,19.786,16.917,17.807,365,0
SES,D,20200313,000000,17.807,17.807,17.807,17.807,5,0
SES,D,20200316,000000,19.588,19.588,16.917,17.807,355,0
SES,D,20200317,000000,17.807,17.807,16.818,16.818,419,0
SES,D,20200318,000000,18.797,19.786,18.797,19.786,1051,0
SES,D,20200319,000000,19.786,19.786,19.786,19.786,505,0
SES,D,20200320,000000,19.687,19.687,19.687,19.687,10,0
SES,D,20200323,000000,18.401,18.797,18.401,18.797,56,0
SES,D,20200324,000000,17.807,17.807,17.807,17.807,404,0
SES,D,20200327,000000,17.214,17.214,17.016,17.214,511,0
SES,D,20200401,000000,16.818,16.818,16.818,16.818,15,0
SES,D,20200402,000000,16.818,16.818,16.818,16.818,61,0
SES,D,20200403,000000,16.818,16.818,15.829,15.829,465,0
SES,D,20200406,000000,16.027,16.324,15.829,15.829,331,0
SES,D,20200407,000000,15.631,15.829,15.631,15.829,431,0
SES,D,20200408,000000,15.73,15.73,15.037,15.037,192,0
SES,D,20200409,000000,15.136,15.136,15.136,15.136,101,0
SES,D,20200414,000000,15.037,15.829,15.037,15.829,656,0
SES,D,20200415,000000,15.73,15.829,15.73,15.829,670,0
SES,D,20200416,000000,15.631,16.027,15.631,16.027,136,0
SES,D,20200417,000000,15.829,15.829,15.433,15.433,43,0
SES,D,20200420,000000,16.027,16.62,15.829,16.62,836,0
SES,D,20200421,000000,16.818,17.214,16.818,17.214,495,0
SES,D,20200422,000000,17.016,17.016,17.016,17.016,246,0
SES,D,20200427,000000,17.016,17.016,16.818,16.818,202,0
SES,D,20200429,000000,17.61,17.61,16.818,16.818,52,0
SES,D,20200430,000000,16.917,16.917,16.917,16.917,25,0
SES,D,20200504,000000,17.61,17.61,16.818,16.818,499,0
SES,D,20200505,000000,17.214,17.412,17.214,17.412,217,0
SES,D,20200506,000000,17.412,17.412,17.412,17.412,2,0
SES,D,20200508,000000,17.709,17.709,17.016,17.016,750,0
SES,D,20200511,000000,17.709,18.698,17.709,17.709,1125,0
SES,D,20200513,000000,18.104,18.401,18.104,18.401,323,0
SES,D,20200514,000000,18.401,18.5,18.302,18.5,151,0
SES,D,20200515,000000,18.5,18.797,18.5,18.797,147,0
SES,D,20200518,000000,18.995,18.995,18.599,18.797,276,0
SES,D,20200519,000000,19.291,19.291,19.291,19.291,77,0
SES,D,20200520,000000,19.291,19.291,19.291,19.291,97,0
SES,D,20200521,000000,19.489,19.489,19.489,19.489,2,0
SES,D,20200522,000000,19.489,19.489,19.489,19.489,1,0
SES,D,20200526,000000,20.38,20.38,20.38,20.38,11,0
SES,D,20200529,000000,19.786,19.786,19.786,19.786,59,0
SES,D,20200601,000000,19.193,20.38,19.193,20.38,735,0
SES,D,20200604,000000,19.588,19.588,19.588,19.588,20,0
SES,D,20200605,000000,19.588,19.588,19.588,19.588,79,0
SES,D,20200608,000000,20.38,20.38,19.588,19.588,111,0
SES,D,20200610,000000,19.687,19.687,19.687,19.687,3,0
SES,D,20200612,000000,19.687,19.687,19.687,19.687,91,0
SES,D,20200615,000000,17.906,19.39,17.906,19.094,562,0
SES,D,20200617,000000,18.995,19.687,18.995,19.687,223,0
SES,D,20200623,000000,19.489,19.489,19.489,19.489,389,0
SES,D,20200701,000000,19.786,19.786,19.489,19.588,207,0
SES,D,20200702,000000,19.786,19.786,19.786,19.786,5,0
SES,D,20200703,000000,19.786,19.786,19.786,19.786,2,0
SES,D,20200706,000000,19.786,19.786,19.786,19.786,121,0
SES,D,20200707,000000,18.995,19.786,17.906,19.786,508,0
SES,D,20200709,000000,18.995,18.995,18.896,18.896,101,0
SES,D,20200710,000000,19.094,19.094,18.896,18.896,207,0
SES,D,20200714,000000,19.39,20.775,19.39,20.578,478,0
SES,D,20200715,000000,20.182,20.182,20.182,20.182,48,0
SES,D,20200716,000000,20.182,20.182,20.182,20.182,37,0
SES,D,20200717,000000,19.984,19.984,19.984,19.984,29,0
SES,D,20200720,000000,19.984,19.984,18.005,18.302,2668,0
SES,D,20200721,000000,18.599,19.489,18.599,19.489,612,0
SES,D,20200722,000000,19.687,19.687,19.489,19.687,141,0
SES,D,20200723,000000,19.094,19.094,19.094,19.094,202,0
SES,D,20200724,000000,19.291,19.291,19.291,19.291,77,0
SES,D,20200727,000000,19.291,19.291,19.291,19.291,2,0
SES,D,20200728,000000,19.291,19.291,18.5,18.5,89,0
SES,D,20200729,000000,19.291,19.291,19.291,19.291,5,0
SES,D,20200730,000000,19.291,19.291,18.401,18.401,147,0
SES,D,20200804,000000,18.401,18.401,18.401,18.401,121,0
SES,D,20200805,000000,18.797,18.797,18.797,18.797,2,0
SES,D,20200807,000000,18.302,18.302,18.302,18.302,76,0
SES,D,20200810,000000,18.005,18.005,18.005,18.005,11,0
SES,D,20200811,000000,18.005,18.005,17.906,17.906,189,0
SES,D,20200814,000000,17.906,17.906,17.807,17.906,854,0
SES,D,20200817,000000,18.005,18.005,18.005,18.005,5,0
SES,D,20200818,000000,17.807,17.807,17.709,17.709,45,0
SES,D,20200819,000000,17.709,17.807,17.214,17.807,260,0
SES,D,20200820,000000,18.005,18.005,18.005,18.005,152,0
SES,D,20200821,000000,18.005,18.005,18.005,18.005,213,0
SES,D,20200824,000000,17.214,18.203,17.214,18.203,344,0
SES,D,20200825,000000,18.203,18.203,18.203,18.203,354,0
SES,D,20200826,000000,18.302,18.302,18.302,18.302,243,0
SES,D,20200827,000000,18.401,18.5,18.401,18.5,173,0
SES,D,20200828,000000,18.599,18.698,18.599,18.698,372,0
SES,D,20200831,000000,18.797,20.775,18.797,20.775,1974,0
SES,D,20200901,000000,19.984,21.171,19.984,21.171,82,0
SES,D,20200902,000000,21.765,25.722,21.765,22.754,612,0
SES,D,20200903,000000,23.348,23.743,23.348,23.743,94,0
SES,D,20200904,000000,23.743,26.118,23.348,26.118,384,0
SES,D,20200907,000000,26.118,26.118,26.118,26.118,35,0
SES,D,20200908,000000,25.722,25.722,24.733,24.733,672,0
SES,D,20200909,000000,24.733,24.733,24.733,24.733,75,0
SES,D,20200910,000000,24.733,24.733,24.733,24.733,15,0
SES,D,20200911,000000,24.733,25.326,24.733,25.326,424,0
SES,D,20200914,000000,25.128,27.701,25.128,27.701,1307,0
SES,D,20200915,000000,28.69,29.481,28.492,29.481,586,0
SES,D,20200916,000000,28.69,28.69,27.701,28.492,70,0
SES,D,20200917,000000,28.492,28.492,27.305,27.701,490,0
SES,D,20200918,000000,27.701,28.096,27.305,28.096,319,0
SES,D,20200921,000000,28.294,28.294,26.513,26.711,511,0
SES,D,20200922,000000,27.503,27.503,27.503,27.503,5,0
SES,D,20200923,000000,27.701,27.701,27.701,27.701,5,0
SES,D,20200924,000000,27.503,27.503,25.722,26.711,755,0
SES,D,20200925,000000,25.524,25.722,25.326,25.722,373,0
SES,D,20200928,000000,25.722,25.722,25.722,25.722,349,0
SES,D,20200929,000000,26.711,28.294,26.513,28.294,484,0
SES,D,20200930,000000,29.679,30.866,29.679,29.679,101,0
SES,D,20201001,000000,30.866,31.658,30.866,31.658,111,0
SES,D,20201002,000000,31.658,31.658,31.46,31.46,37,0
SES,D,20201005,000000,31.46,31.46,29.679,31.262,609,0
SES,D,20201006,000000,31.46,31.46,31.46,31.46,2,0
SES,D,20201007,000000,31.064,31.064,29.679,29.679,245,0
SES,D,20201008,000000,30.273,30.273,29.679,29.679,103,0
SES,D,20201009,000000,30.075,30.075,28.69,29.086,241,0
SES,D,20201012,000000,28.69,28.69,28.69,28.69,2,0
SES,D,20201013,000000,28.492,28.492,23.348,25.326,1350,0
SES,D,20201014,000000,24.93,26.513,24.93,26.513,153,0
SES,D,20201015,000000,26.711,26.711,25.326,25.326,114,0
SES,D,20201016,000000,25.326,26.711,24.93,25.326,162,0
SES,D,20201019,000000,26.711,26.711,26.711,26.711,6,0
SES,D,20201020,000000,26.711,27.701,25.722,25.722,150,0
SES,D,20201021,000000,27.701,27.701,27.701,27.701,1,0
SES,D,20201022,000000,27.503,27.503,27.503,27.503,1,0
SES,D,20201023,000000,27.503,27.503,26.909,27.503,61,0
SES,D,20201026,000000,27.503,27.503,27.503,27.503,3,0
SES,D,20201027,000000,27.503,27.503,27.503,27.503,3,0
SES,D,20201028,000000,26.711,26.711,25.722,25.722,107,0
SES,D,20201029,000000,25.92,25.92,25.92,25.92,81,0
SES,D,20201030,000000,26.118,26.118,26.118,26.118,1,0
SES,D,20201102,000000,26.118,26.118,24.733,24.733,341,0
SES,D,20201103,000000,25.92,25.92,25.92,25.92,1,0
SES,D,20201104,000000,25.92,25.92,24.733,24.733,304,0
SES,D,20201105,000000,24.93,24.93,24.93,24.93,79,0
SES,D,20201106,000000,24.93,24.93,24.733,24.733,11,0
SES,D,20201109,000000,24.93,24.93,24.733,24.93,399,0
SES,D,20201110,000000,25.524,25.524,20.973,21.963,1770,0
SES,D,20201112,000000,22.556,23.743,21.963,23.743,1043,0
SES,D,20201113,000000,23.743,24.337,23.545,23.545,742,0
SES,D,20201116,000000,23.545,24.93,23.545,23.743,125,0
SES,D,20201117,000000,24.93,27.305,24.93,27.305,344,0
SES,D,20201118,000000,26.711,26.711,26.711,26.711,31,0
SES,D,20201119,000000,27.305,28.096,27.305,28.096,25,0
SES,D,20201120,000000,29.679,29.679,27.701,27.701,26,0
SES,D,20201123,000000,27.701,27.701,27.701,27.701,40,0
SES,D,20201124,000000,27.503,27.503,27.503,27.503,11,0
SES,D,20201125,000000,27.503,27.503,27.503,27.503,1,0
SES,D,20201126,000000,27.503,27.503,27.503,27.503,1,0
SES,D,20201127,000000,27.503,27.503,27.503,27.503,1,0
SES,D,20201130,000000,27.503,27.503,27.503,27.503,3,0
SES,D,20201201,000000,27.305,27.305,26.316,26.316,202,0
SES,D,20201202,000000,26.909,26.909,26.909,26.909,1,0
SES,D,20201203,000000,27.305,29.481,27.305,29.086,464,0
SES,D,20201204,000000,28.888,28.888,28.888,28.888,9,0
SES,D,20201207,000000,28.888,28.888,26.711,26.711,1821,0
SES,D,20201208,000000,27.503,28.69,27.503,28.69,553,0
SES,D,20201210,000000,28.69,28.69,28.69,28.69,1,0
SES,D,20201211,000000,27.701,27.701,27.701,27.701,18,0
SES,D,20201214,000000,28.294,28.294,27.701,27.701,25,0
SES,D,20201215,000000,27.701,28.096,27.701,28.096,457,0
SES,D,20201216,000000,28.492,28.492,28.492,28.492,101,0
SES,D,20201217,000000,29.086,29.086,29.086,29.086,268,0
SES,D,20201218,000000,27.701,29.086,27.701,27.701,245,0
SES,D,20201221,000000,27.701,27.701,27.305,27.305,219,0
SES,D,20201222,000000,27.305,27.305,27.305,27.305,27,0
SES,D,20201223,000000,26.711,27.305,26.118,26.118,747,0
SES,D,20201228,000000,27.701,27.898,27.701,27.898,1271,0
SES,D,20201230,000000,27.898,28.69,27.701,27.701,244,0
SES,D,20210104,000000,27.898,27.898,26.711,26.711,449,0
SES,D,20210105,000000,27.701,28.69,27.701,27.898,577,0
SES,D,20210107,000000,27.898,27.898,27.701,27.701,381,0
SES,D,20210108,000000,28.096,29.679,27.503,29.679,785,0
SES,D,20210111,000000,28.294,29.679,28.294,29.679,105,0
SES,D,20210112,000000,29.679,29.679,29.679,29.679,2,0
SES,D,20210113,000000,29.679,35.615,29.679,34.626,1078,0
SES,D,20210114,000000,35.615,35.615,33.241,33.636,281,0
SES,D,20210115,000000,33.636,33.636,31.658,31.856,120,0
SES,D,20210118,000000,32.845,35.219,32.845,34.626,364,0
SES,D,20210119,000000,34.626,37.989,34.626,37.989,1366,0
SES,D,20210120,000000,37.989,46.497,37.989,46.497,1691,0
SES,D,20210121,000000,45.508,45.508,40.957,41.353,852,0
SES,D,20210122,000000,40.561,40.561,36.604,38.187,1070,0
SES,D,20210125,000000,40.364,40.364,35.813,39.572,586,0
SES,D,20210126,000000,39.572,39.572,35.615,37,968,0
SES,D,20210127,000000,37,37,35.813,36.802,524,0
SES,D,20210128,000000,36.802,37.198,36.802,37.198,153,0
SES,D,20210129,000000,38.385,40.561,37.989,39.572,649,0
SES,D,20210201,000000,39.572,39.572,39.572,39.572,171,0
SES,D,20210202,000000,39.572,39.572,39.572,39.572,4,0
SES,D,20210203,000000,39.572,39.572,37.791,39.572,204,0
SES,D,20210204,000000,39.572,40.561,38.979,40.166,462,0
SES,D,20210205,000000,39.968,40.364,39.176,40.364,273,0
SES,D,20210208,000000,40.561,40.561,39.176,40.166,201,0
SES,D,20210209,000000,38.979,39.374,37.989,37.989,220,0
SES,D,20210210,000000,39.374,39.374,36.011,36.604,308,0
SES,D,20210211,000000,36.604,38.385,36.604,38.385,57,0
SES,D,20210212,000000,38.583,38.583,38.583,38.583,9,0
SES,D,20210215,000000,38.385,42.144,38.385,40.166,243,0
SES,D,20210216,000000,39.572,42.144,39.572,40.561,762,0
SES,D,20210217,000000,39.572,39.572,37.791,37.791,348,0
SES,D,20210218,000000,38.583,39.572,37.791,37.791,186,0
SES,D,20210219,000000,39.572,39.572,37.791,39.374,102,0
SES,D,20210222,000000,39.572,39.572,38.385,39.374,73,0
SES,D,20210223,000000,39.374,39.968,37.791,37.989,530,0
SES,D,20210224,000000,39.176,39.374,39.176,39.374,532,0
SES,D,20210225,000000,39.374,39.374,39.374,39.374,30,0
SES,D,20210301,000000,38.781,39.968,36.604,38.187,1803,0
SES,D,20210302,000000,38.583,38.583,37.594,38.583,450,0
SES,D,20210303,000000,38.583,38.583,37.594,38.583,182,0
SES,D,20210304,000000,37.989,38.385,37.396,38.385,309,0
SES,D,20210305,000000,37.594,37.594,36.802,37.594,577,0
SES,D,20210308,000000,37,39.176,37,39.176,167,0
SES,D,20210309,000000,38.979,38.979,38.979,38.979,51,0
SES,D,20210310,000000,38.583,38.583,37.791,37.791,520,0
SES,D,20210311,000000,38.583,38.583,37.791,38.583,41,0
SES,D,20210312,000000,37.989,38.583,37.594,38.583,743,0
SES,D,20210315,000000,37.396,38.385,37.396,38.385,35,0
SES,D,20210316,000000,37.594,38.385,37.594,38.385,111,0
SES,D,20210317,000000,38.385,38.385,36.802,37.594,257,0
SES,D,20210318,000000,37.594,37.594,37.594,37.594,65,0
SES,D,20210319,000000,37.594,37.594,36.802,37.594,329,0
SES,D,20210322,000000,37.594,37.594,37.396,37.594,30,0
SES,D,20210323,000000,37.594,37.594,37.396,37.594,96,0
SES,D,20210324,000000,36.604,36.604,36.011,36.604,354,0
SES,D,20210325,000000,35.813,35.813,32.845,35.813,1226,0
SES,D,20210326,000000,36.209,36.209,36.209,36.209,1,0
SES,D,20210329,000000,34.23,35.615,34.23,35.615,113,0
SES,D,20210330,000000,35.615,35.615,35.615,35.615,2,0
SES,D,20210331,000000,35.813,35.813,35.813,35.813,22,0
SES,D,20210401,000000,35.813,35.813,35.813,35.813,4,0
SES,D,20210406,000000,35.813,35.813,35.813,35.813,2,0
SES,D,20210407,000000,35.813,35.813,35.813,35.813,247,0
SES,D,20210408,000000,35.813,36.604,35.615,35.615,507,0
SES,D,20210412,000000,35.615,36.604,35.615,36.406,264,0
SES,D,20210413,000000,36.604,37.989,36.209,37.594,477,0
SES,D,20210414,000000,37.594,37.594,35.813,37,476,0
SES,D,20210416,000000,37.2,37.2,37.2,37.2,56,0
SES,D,20210419,000000,37.6,37.6,37.4,37.4,66,0
SES,D,20210420,000000,37.6,37.6,36,36,272,0
SES,D,20210421,000000,35.8,35.8,34.6,35.8,264,0
SES,D,20210422,000000,35.8,36,35.8,36,135,0
SES,D,20210423,000000,36,36,36,36,100,0
SES,D,20210427,000000,36.2,37.6,36.2,36.4,607,0
SES,D,20210428,000000,36.4,36.8,36.4,36.6,130,0
SES,D,20210429,000000,37,37,37,37,98,0
SES,D,20210430,000000,37.2,37.6,37.2,37.6,75,0
SES,D,20210504,000000,37.6,37.6,36.4,36.8,102,0
SES,D,20210505,000000,36.8,36.8,36.2,36.4,298,0
SES,D,20210506,000000,36.4,36.4,36.2,36.2,32,0
SES,D,20210507,000000,36.2,36.2,36,36,7,0
SES,D,20210510,000000,36.2,36.2,35.2,35.2,192,0
SES,D,20210511,000000,36.4,36.4,36.4,36.4,28,0
SES,D,20210512,000000,36.4,37.2,36.4,37,210,0
SES,D,20210513,000000,36,36.6,34.2,35.4,698,0
SES,D,20210514,000000,34.6,34.6,34.6,34.6,17,0
SES,D,20210517,000000,35.6,35.6,35.6,35.6,68,0
SES,D,20210518,000000,35.8,36.4,35.6,36.4,398,0
SES,D,20210519,000000,36.4,37,36.4,37,284,0
SES,D,20210520,000000,37,37.4,37,37.4,317,0
SES,D,20210521,000000,37.8,37.8,37.8,37.8,138,0
SES,D,20210524,000000,37.4,37.8,37.4,37.8,55,0
SES,D,20210525,000000,37.6,37.8,36.8,37.8,130,0
SES,D,20210526,000000,37.8,37.8,37.8,37.8,3,0
SES,D,20210527,000000,37.8,37.8,37.8,37.8,36,0
SES,D,20210528,000000,37.8,37.8,36.6,36.6,25,0
SES,D,20210531,000000,37.8,39.4,37.8,39.4,417,0
SES,D,20210601,000000,39.4,39.4,38.8,38.8,30,0
SES,D,20210602,000000,39,39,39,39,81,0
SES,D,20210604,000000,38,39.2,37,37,244,0
SES,D,20210607,000000,38.4,38.4,38.4,38.4,189,0
SES,D,20210608,000000,38.6,39,37.8,38.8,463,0
SES,D,20210609,000000,38.8,39.8,38.6,39.6,1047,0
SES,D,20210610,000000,39.8,40,39.2,39.8,564,0
SES,D,20210611,000000,40,42,39.6,41.4,2967,0
SES,D,20210614,000000,41,41,40,40,292,0
SES,D,20210615,000000,40.4,40.8,39.8,40,306,0
SES,D,20210616,000000,40,40.8,39.8,40.8,459,0
SES,D,20210617,000000,40.8,40.8,39.4,39.4,118,0
SES,D,20210618,000000,40.4,40.4,39.2,39.2,152,0
SES,D,20210621,000000,39.2,39.4,38.6,39.2,277,0
SES,D,20210624,000000,39.2,39.4,39,39,285,0
SES,D,20210625,000000,40,40,40,40,12,0
SES,D,20210628,000000,40,40,40,40,65,0
SES,D,20210629,000000,40,40,39,39,149,0
SES,D,20210630,000000,39,39,38.6,39,251,0
SES,D,20210701,000000,39,40,39,40,200,0
SES,D,20210702,000000,40,40,40,40,54,0
SES,D,20210705,000000,40,40,39,39,76,0
SES,D,20210706,000000,39,39,38.2,39,79,0
SES,D,20210707,000000,39,39,39,39,71,0
SES,D,20210708,000000,38.6,38.6,38.4,38.4,26,0
SES,D,20210709,000000,38.6,38.6,38.4,38.6,71,0
SES,D,20210712,000000,38.6,40.4,37.8,39,706,0
SES,D,20210713,000000,38.4,39.6,38.4,39.6,380,0
SES,D,20210714,000000,38.4,40.6,38.4,40.6,120,0
SES,D,20210715,000000,40.8,41.6,40,41.6,444,0
SES,D,20210716,000000,41.8,41.8,38.4,40,547,0
SES,D,20210719,000000,39.4,40.4,38.6,38.6,505,0
SES,D,20210720,000000,38.6,38.6,38.6,38.6,1,0
SES,D,20210721,000000,38.4,39,38,39,324,0
SES,D,20210722,000000,39,40.4,39,40.4,203,0
SES,D,20210723,000000,40.4,40.4,39.8,39.8,449,0
SES,D,20210726,000000,39.8,39.8,38,38.4,224,0
SES,D,20210727,000000,38.6,39,38.6,39,88,0
SES,D,20210729,000000,40,50,40,49.4,10253,0
SES,D,20210730,000000,49.4,51.5,44.8,47.6,3172,0
SES,D,20210802,000000,47.6,47.8,44.2,47.2,998,0
SES,D,20210803,000000,47.2,48.4,46,48,446,0
SES,D,20210804,000000,48,48,45,48,687,0
SES,D,20210805,000000,47.8,48.6,45,45,2338,0
SES,D,20210806,000000,45.8,45.8,44.4,45.8,73,0
SES,D,20210809,000000,46,46.2,46,46.2,88,0
SES,D,20210810,000000,46.2,46.2,46.2,46.2,19,0
SES,D,20210811,000000,46.4,50,46,49.2,797,0
SES,D,20210812,000000,49.6,49.6,46.8,48,675,0
SES,D,20210813,000000,48,48,46.2,47.8,340,0
SES,D,20210816,000000,47.8,47.8,47.8,47.8,11,0
SES,D,20210817,000000,46,48,45.2,47.4,160,0
SES,D,20210818,000000,47.8,47.8,47.8,47.8,1,0
SES,D,20210819,000000,47.8,48,45.6,45.6,410,0
SES,D,20210820,000000,46.2,47,46.2,47,81,0
SES,D,20210823,000000,47,47.8,46,47.8,111,0
SES,D,20210824,000000,47.8,47.8,47.8,47.8,1,0
SES,D,20210825,000000,47.8,49.6,46.8,49,535,0
SES,D,20210826,000000,50,50,45,49,909,0
SES,D,20210827,000000,49.4,49.4,49.4,49.4,1,0
SES,D,20210830,000000,48.8,48.8,48.8,48.8,44,0
SES,D,20210831,000000,48,48,47,48,102,0
SES,D,20210901,000000,48,60,48,60,2114,0
SES,D,20210902,000000,62.5,74,62.5,74,5900,0
SES,D,20210903,000000,75,79,56,63,6302,0
SES,D,20210906,000000,63.5,65,59,63,901,0
SES,D,20210907,000000,63,66,61,66,790,0
SES,D,20210908,000000,67,68.5,62,67,477,0
SES,D,20210909,000000,67,68,59,60,1295,0
SES,D,20210910,000000,60,64,56,58,1078,0
SES,D,20210913,000000,58,59,56.5,59,155,0
SES,D,20210914,000000,59,60,59,60,41,0
SES,D,20210915,000000,57.5,59,55.5,57.5,340,0
SES,D,20210916,000000,55,57,52,54.5,591,0
SES,D,20210917,000000,55.5,61,52.5,59,782,0
SES,D,20210920,000000,59,59,52,56,473,0
SES,D,20210921,000000,55.5,57,52,56.5,345,0
SES,D,20210922,000000,56,56,50.5,55,562,0
SES,D,20210923,000000,54,55,51,53.5,427,0
SES,D,20210924,000000,52.5,55,50,55,382,0
SES,D,20210927,000000,53,63.5,53,63.5,1051,0
SES,D,20210928,000000,63.5,63.5,57.5,60,614,0
SES,D,20210929,000000,60,65,59,60,416,0
SES,D,20210930,000000,62,62,53.5,58,685,0
SES,D,20211001,000000,53.5,61,53.5,61,374,0
SES,D,20211004,000000,57,65,57,62.5,1887,0
SES,D,20211005,000000,63.5,63.5,60.5,62.5,400,0
SES,D,20211006,000000,62,62,59,61.5,238,0
SES,D,20211007,000000,61.5,62.5,55.5,59,1031,0
SES,D,20211008,000000,60,61,56,59,655,0
SES,D,20211011,000000,59.5,60,59.5,60,28,0
SES,D,20211012,000000,60,60,58.5,58.5,30,0
SES,D,20211013,000000,60,64.5,60,63,979,0
SES,D,20211014,000000,63,63,61,62.5,153,0
SES,D,20211015,000000,62.5,63,62.5,63,21,0
SES,D,20211018,000000,62.5,63,58,60,122,0
SES,D,20211019,000000,60,60,59,60,77,0
SES,D,20211020,000000,60,60,57.5,58.5,279,0
SES,D,20211021,000000,58.5,62,58.5,62,93,0
SES,D,20211022,000000,61.5,61.5,58.5,61,72,0
SES,D,20211025,000000,61,61,58.5,59,46,0
SES,D,20211026,000000,61,61,59,60.5,57,0
SES,D,20211027,000000,60.5,60.5,60,60.5,37,0
SES,D,20211028,000000,60.5,60.5,60.5,60.5,1,0
SES,D,20211029,000000,60,61,59.5,61,247,0
SES,D,20211102,000000,58.5,62,58.5,62,338,0
SES,D,20211103,000000,60,61,58.5,61,693,0
SES,D,20211104,000000,61,61,59.5,61,5,0
SES,D,20211105,000000,61,61,61,61,1,0
SES,D,20211108,000000,61,61,58.5,60,550,0
SES,D,20211109,000000,58.5,58.5,56,56,412,0
SES,D,20211110,000000,56,57,53,53.5,1042,0
SES,D,20211112,000000,55,55,51,54,308,0
SES,D,20211115,000000,54.5,54.5,54.5,54.5,54,0
SES,D,20211116,000000,54.5,54.5,51,51,42,0
SES,D,20211117,000000,53.5,53.5,53.5,53.5,2,0
SES,D,20211118,000000,51.5,56,50,52,912,0
SES,D,20211119,000000,51.5,51.5,51,51,36,0
SES,D,20211122,000000,51,52.5,51,52.5,89,0
SES,D,20211123,000000,52,52,52,52,185,0
SES,D,20211124,000000,50,51,50,51,70,0
SES,D,20211125,000000,52.5,56.5,52.5,56.5,201,0
SES,D,20211126,000000,55,55.5,51,55.5,529,0
SES,D,20211129,000000,55,56.5,50.5,56.5,596,0
SES,D,20211130,000000,53,53,53,53,691,0
SES,D,20211201,000000,56.5,63.5,56.5,62.5,1181,0
SES,D,20211202,000000,59.5,62.5,59.5,62,240,0
SES,D,20211203,000000,61,62,59,60,104,0
SES,D,20211206,000000,60,60,57,58.5,92,0
SES,D,20211207,000000,60,60,60,60,13,0
SES,D,20211208,000000,60,60,60,60,15,0
SES,D,20211209,000000,57,59,55,57.5,291,0
SES,D,20211210,000000,56.5,59,56.5,58.5,231,0
SES,D,20211214,000000,55.5,56.5,55.5,56,102,0
SES,D,20211217,000000,54.5,54.5,54.5,54.5,70,0
SES,D,20211220,000000,54,56,52,56,251,0
SES,D,20211221,000000,56,56,56,56,7,0
SES,D,20211222,000000,54,54,54,54,56,0
SES,D,20211223,000000,55,55,53,53,75,0
SES,D,20211227,000000,53.5,53.5,53.5,53.5,32,0
SES,D,20211228,000000,55,55,55,55,30,0
SES,D,20211229,000000,55,56,54,56,339,0
SES,D,20211230,000000,55.5,58,55.5,58,310,0
SES,D,20220103,000000,58,58,58,58,24,0
SES,D,20220104,000000,56,56,56,56,10,0
SES,D,20220105,000000,56.5,56.5,56,56,168,0
SES,D,20220107,000000,58,58,56.5,57,580,0
SES,D,20220110,000000,57,57,52,52,441,0
SES,D,20220111,000000,52.5,54.5,52.5,54.5,148,0
SES,D,20220112,000000,55,55,55,55,28,0
SES,D,20220113,000000,53.5,53.5,53,53,196,0
SES,D,20220117,000000,54.5,54.5,54.5,54.5,5,0
SES,D,20220119,000000,53,53,52.5,52.5,109,0
SES,D,20220120,000000,51,51.5,50,50,461,0
SES,D,20220121,000000,47.4,48.4,47.4,48.4,131,0
SES,D,20220124,000000,47.4,47.4,42,42,844,0
SES,D,20220125,000000,43,43,42,42.4,30,0
SES,D,20220126,000000,42.4,44.2,42.4,44.2,270,0
SES,D,20220127,000000,43.2,43.2,42,42,98,0
SES,D,20220128,000000,42,42,41.2,41.2,276,0
SES,D,20220201,000000,44,44.2,44,44.2,224,0
SES,D,20220203,000000,45,45,43,43,20,0
SES,D,20220204,000000,45,48.8,45,47.8,237,0
SES,D,20220207,000000,47.8,47.8,43.6,43.6,23,0
SES,D,20220210,000000,44,44,41.4,42,698,0
SES,D,20220211,000000,44,44,37.6,38.6,796,0
SES,D,20220214,000000,38.4,38.4,36.6,37,436,0
SES,D,20220215,000000,37.4,39.6,37.4,39.6,66,0
SES,D,20220216,000000,39,41.4,39,41.4,121,0
SES,D,20220217,000000,40.8,40.8,39.4,39.4,45,0
SES,D,20220221,000000,39.4,39.4,38.4,38.4,78,0
SES,D,20220222,000000,39.4,39.4,39.4,39.4,11,0
SES,D,20220223,000000,38.6,39,36.6,39,28,0
SES,D,20220224,000000,36.6,38,30,38,1134,0
SES,D,20220225,000000,37,40.4,37,40.4,75,0
SES,D,20220228,000000,40,40,33.6,36.4,1508,0
SES,D,20220301,000000,36.2,36.2,34.2,35.6,89,0
SES,D,20220302,000000,35.6,35.8,34,35.8,206,0
SES,D,20220303,000000,35.8,35.8,35.8,35.8,1,0
SES,D,20220304,000000,35.8,35.8,33.2,34.6,190,0
SES,D,20220307,000000,29,31.4,28.8,31,1928,0
SES,D,20220308,000000,31.6,34.6,30.6,34.6,600,0
SES,D,20220309,000000,35,37,35,37,150,0
SES,D,20220310,000000,35.2,35.2,31.2,31.8,739,0
SES,D,20220311,000000,32.2,34.4,32.2,34.4,131,0
SES,D,20220314,000000,34.4,34.6,34.4,34.6,71,0
SES,D,20220315,000000,34.6,38,34.6,38,289,0
SES,D,20220316,000000,39,39,37.4,38,77,0
SES,D,20220317,000000,37.4,37.4,37.4,37.4,14,0
SES,D,20220318,000000,37.4,39,37.4,39,63,0
SES,D,20220321,000000,38,38,38,38,200,0
SES,D,20220322,000000,38.6,38.6,37,37.6,260,0
SES,D,20220323,000000,37.2,37.8,37.2,37.2,80,0
SES,D,20220324,000000,36,37.4,36,37.4,83,0
SES,D,20220325,000000,36.2,38,36.2,38,191,0
SES,D,20220329,000000,38,38,38,38,7,0
SES,D,20220330,000000,37,38,37,38,36,0
SES,D,20220331,000000,37,37,36.4,36.4,270,0
SES,D,20220401,000000,37.8,37.8,37.8,37.8,36,0
SES,D,20220405,000000,37.8,37.8,36,36,195,0
SES,D,20220407,000000,35.6,35.6,35.6,35.6,10,0
SES,D,20220408,000000,36.2,36.2,36.2,36.2,13,0
SES,D,20220411,000000,36.4,36.4,36.4,36.4,35,0
SES,D,20220412,000000,35.6,35.6,35.2,35.2,200,0
SES,D,20220413,000000,33.6,34.6,33.6,34.6,67,0
SES,D,20220414,000000,34.5,34.5,34.5,34.5,1,0
SES,D,20220419,000000,34.5,34.5,34.5,34.5,1,0
SES,D,20220420,000000,34,34.4,33.4,34.4,102,0
SES,D,20220421,000000,34.4,34.4,33,33,260,0
SES,D,20220422,000000,33,33.8,32.6,33.8,150,0
SES,D,20220425,000000,32.5,32.5,31.6,31.6,210,0
SES,D,20220426,000000,32.2,32.4,31.2,31.2,425,0
SES,D,20220428,000000,32.4,32.4,32.4,32.4,4,0
SES,D,20220429,000000,32.4,32.4,32.4,32.4,15,0
SES,D,20220502,000000,32.4,33.4,32.4,33.4,141,0
SES,D,20220504,000000,33.4,33.5,33.4,33.5,60,0
SES,D,20220506,000000,32,32.1,32,32.1,136,0
SES,D,20220509,000000,32.1,32.1,32.1,32.1,10,0
SES,D,20220510,000000,32.2,32.2,31.8,31.8,20,0
SES,D,20220511,000000,31.2,31.2,31.2,31.2,25,0
SES,D,20220512,000000,30.6,30.6,30.4,30.4,296,0
SES,D,20220513,000000,30.4,30.4,30.4,30.4,1,0
SES,D,20220517,000000,30.4,30.4,30.4,30.4,1,0
SES,D,20220518,000000,30.4,30.4,30.4,30.4,1,0
SES,D,20220519,000000,30.4,30.4,30,30,43,0
SES,D,20220520,000000,30,30,30,30,5,0
SES,D,20220523,000000,29.6,29.6,28,28,418,0
SES,D,20220524,000000,29,29,29,29,5,0
SES,D,20220525,000000,29.2,30,29,29,115,0
SES,D,20220526,000000,31,31.3,30,30,325,0
SES,D,20220527,000000,30,30,30,30,170,0
SES,D,20220530,000000,29.2,32,29,32,625,0
SES,D,20220531,000000,30.4,33,30,33,734,0
SES,D,20220601,000000,33.1,33.1,31,31,31,0
SES,D,20220602,000000,32.4,34.8,32.4,34.8,784,0
SES,D,20220606,000000,34.8,34.8,33.5,33.5,102,0
SES,D,20220607,000000,33.4,33.4,33.1,33.1,100,0
SES,D,20220608,000000,33.1,33.1,33.1,33.1,1,0
SES,D,20220609,000000,33.1,33.1,32,32,306,0
SES,D,20220610,000000,32,32,31.2,31.2,157,0
SES,D,20220613,000000,31.4,31.4,30.8,30.8,133,0
SES,D,20220614,000000,31.4,31.4,30.1,30.1,15,0
SES,D,20220615,000000,29,29,28.8,28.8,137,0
SES,D,20220617,000000,28.8,31,28.5,28.5,319,0
SES,D,20220620,000000,29.1,29.5,28.4,28.4,167,0
SES,D,20220624,000000,28,28,27.9,27.9,105,0
SES,D,20220627,000000,27.9,28,27,27,241,0
SES,D,20220628,000000,26.8,26.8,26.8,26.8,37,0
SES,D,20220629,000000,25,28,25,28,469,0
SES,D,20220630,000000,28,30,26.5,30,440,0
SES,D,20220701,000000,30.6,30.6,30,30,390,0
SES,D,20220705,000000,29,29,28,28.5,271,0
SES,D,20220706,000000,28.5,28.5,28.5,28.5,300,0
SES,D,20220707,000000,28.9,30.2,28.9,30.2,115,0
SES,D,20220711,000000,29.9,29.9,29,29,37,0
SES,D,20220712,000000,29.1,29.6,29.1,29.6,40,0
SES,D,20220713,000000,29.5,29.5,29,29,40,0
SES,D,20220714,000000,29.5,29.7,29.5,29.7,32,0
SES,D,20220715,000000,28.8,28.8,28,28,180,0
SES,D,20220718,000000,29,29.7,29,29.5,100,0
SES,D,20220719,000000,29.6,29.6,29.6,29.6,14,0
SES,D,20220720,000000,29,29,29,29,20,0
SES,D,20220722,000000,29.5,29.5,29.5,29.5,10,0
SES,D,20220725,000000,28.3,29.6,28,29.6,83,0
SES,D,20220726,000000,28.2,28.2,28,28,47,0
SES,D,20220728,000000,29,29,29,29,5,0
SES,D,20220729,000000,28,28,28,28,59,0
SES,D,20220801,000000,28.6,29.8,28.6,29.8,70,0
SES,D,20220802,000000,28.5,28.5,28,28,150,0
SES,D,20220803,000000,27.8,28.4,27.5,28.4,98,0
SES,D,20220804,000000,28.7,28.7,28.5,28.5,50,0
SES,D,20220805,000000,28.5,28.5,28,28,95,0
SES,D,20220808,000000,27.8,27.8,27.8,27.8,30,0
SES,D,20220809,000000,28,28,28,28,7,0
SES,D,20220810,000000,28,28,28,28,1,0
SES,D,20220811,000000,28.8,28.8,28,28,80,0
SES,D,20220816,000000,28,28,28,28,3,0
SES,D,20220819,000000,28.8,28.8,28.8,28.8,3,0
SES,D,20220825,000000,28.4,28.4,27.8,27.8,46,0
SES,D,20220826,000000,28.4,28.4,27.5,27.9,253,0
SES,D,20220829,000000,27,27,27,27,337,0
SES,D,20220830,000000,27,27.3,26,27.3,121,0
SES,D,20220831,000000,27.2,27.4,27.2,27.4,75,0
SES,D,20220901,000000,27.4,27.5,27.4,27.5,50,0
SES,D,20220902,000000,27.5,27.5,26.5,26.5,20,0
SES,D,20220905,000000,26.6,26.6,26.5,26.5,53,0
SES,D,20220906,000000,26.9,26.9,26.9,26.9,25,0
SES,D,20220907,000000,27,27,26,26,220,0
SES,D,20220908,000000,26,26,26,26,200,0
SES,D,20220909,000000,26.6,26.8,26.6,26.8,110,0
SES,D,20220912,000000,26.6,26.6,26.6,26.6,2,0
SES,D,20220913,000000,26.6,27.2,26.6,27.2,134,0
SES,D,20220915,000000,26.2,26.2,26,26.2,350,0
SES,D,20220916,000000,26.2,26.2,26.2,26.2,1,0
SES,D,20220919,000000,26,26,25.6,25.9,51,0
SES,D,20220920,000000,26,26.6,26,26.6,301,0
SES,D,20220921,000000,26.7,26.8,26.7,26.8,29,0
SES,D,20220922,000000,27,27,25.7,25.7,240,0
SES,D,20220923,000000,25.6,26.3,25.5,26.3,30,0
SES,D,20220926,000000,26.3,26.3,25.4,25.4,311,0
SES,D,20220927,000000,25.1,25.1,25,25,85,0
SES,D,20220928,000000,25.7,25.7,25.7,25.7,10,0
SES,D,20220929,000000,25.7,25.7,25.7,25.7,10,0
SES,D,20220930,000000,25.1,25.1,24.6,24.6,41,0
SES,D,20221003,000000,25,25,25,25,81,0
SES,D,20221005,000000,25,25.2,25,25,151,0
SES,D,20221006,000000,25,25,25,25,3,0
SES,D,20221007,000000,25.2,25.2,25.2,25.2,29,0
SES,D,20221011,000000,25,25,25,25,100,0
SES,D,20221013,000000,25,25,25,25,110,0
SES,D,20221014,000000,25.1,25.1,25.1,25.1,5,0
SES,D,20221018,000000,25.2,25.4,25.2,25.2,195,0
SES,D,20221019,000000,24.7,24.7,23.6,23.6,84,0
SES,D,20221020,000000,23.6,23.6,23.2,23.2,65,0
SES,D,20221024,000000,23.2,23.2,23.2,23.2,65,0
SES,D,20221025,000000,23.2,23.7,23,23.7,45,0
SES,D,20221027,000000,23.7,24.4,23.7,24.4,45,0
SES,D,20221028,000000,24.4,24.4,24.4,24.4,30,0
SES,D,20221031,000000,24.1,24.1,24,24,100,0
SES,D,20221102,000000,23.9,23.9,23.9,23.9,115,0
SES,D,20221103,000000,23.9,23.9,23.9,23.9,2,0
SES,D,20221104,000000,24.2,24.9,24.2,24.9,89,0
SES,D,20221107,000000,24.1,24.1,24,24,83,0
SES,D,20221109,000000,24,24.3,23.9,24.3,42,0
SES,D,20221110,000000,24.3,24.3,24.3,24.3,11,0
SES,D,20221114,000000,24.4,24.6,24.4,24.6,30,0
SES,D,20221115,000000,24,24,23.5,24,217,0
SES,D,20221116,000000,23.4,23.4,23,23,83,0
SES,D,20221118,000000,23,23,23,23,113,0
SES,D,20221121,000000,22.6,23.6,22,23.6,168,0
SES,D,20221122,000000,23.6,23.9,23.6,23.9,100,0
SES,D,20221123,000000,23.9,24.7,23.9,24.7,100,0
SES,D,20221124,000000,25.8,32,25.8,31.7,1869,0
SES,D,20221125,000000,31.9,31.9,28.2,31.4,250,0
SES,D,20221128,000000,31.4,33.5,30,32.3,575,0
SES,D,20221129,000000,32.3,32.3,30,30,625,0
SES,D,20221130,000000,29.8,29.8,27,27,386,0
SES,D,20221201,000000,28,28,28,28,10,0
SES,D,20221202,000000,29,29,29,29,5,0
SES,D,20221207,000000,28,28,28,28,50,0
SES,D,20221208,000000,28,28,28,28,30,0
SES,D,20221212,000000,28.5,28.5,28.5,28.5,1,0
SES,D,20221214,000000,28.5,28.5,28.5,28.5,5,0
SES,D,20221215,000000,28,28,26.1,27,364,0
SES,D,20221216,000000,27,27,27,27,13,0
SES,D,20221219,000000,27,27,27,27,1,0
SES,D,20221220,000000,27,27,27,27,1,0
SES,D,20221221,000000,26.4,26.4,25.5,25.5,485,0
SES,D,20221222,000000,26,26.2,25.2,26.2,543,0
SES,D,20221223,000000,25.7,25.7,25.6,25.6,55,0
SES,D,20221227,000000,26,26,26,26,41,0
SES,D,20221228,000000,26,26,25.4,25.4,77,0
SES,D,20221229,000000,25.9,28.1,25.9,28,477,0
SES,D,20221230,000000,28,29.8,27,29.8,530,0
SES,D,20230102,000000,29.6,29.6,29.6,29.6,34,0
SES,D,20230103,000000,28.2,29,28.2,29,25,0
SES,D,20230104,000000,29.5,29.6,29,29.6,250,0
SES,D,20230105,000000,29.6,30.2,29.6,30.2,54,0
SES,D,20230109,000000,30.2,32.7,30.2,32.6,157,0
SES,D,20230110,000000,32.6,32.6,31,31,100,0
SES,D,20230111,000000,31.2,32.7,31.2,31.6,114,0
SES,D,20230112,000000,31,31,30,30,82,0
SES,D,20230116,000000,30,30,30,30,200,0
SES,D,20230117,000000,30,30,30,30,2,0
SES,D,20230118,000000,28,31.5,28,30,549,0
SES,D,20230119,000000,30,30,29.2,29.8,66,0
SES,D,20230120,000000,30,30,30,30,250,0
SES,D,20230123,000000,30,30,30,30,31,0
SES,D,20230124,000000,30.1,30.1,30.1,30.1,200,0
SES,D,20230125,000000,30.5,30.5,30.5,30.5,135,0
SES,D,20230126,000000,30.5,30.5,30.4,30.4,215,0
SES,D,20230127,000000,30.3,30.3,30.3,30.3,39,0
SES,D,20230130,000000,30.5,30.5,30.5,30.5,60,0
SES,D,20230131,000000,30,30,29.1,29.2,204,0
SES,D,20230201,000000,29.5,29.5,29.2,29.2,28,0
SES,D,20230202,000000,29.2,29.3,28.6,28.6,281,0
SES,D,20230203,000000,29,29,29,29,45,0
SES,D,20230206,000000,29.2,29.2,28.5,28.5,44,0
SES,D,20230207,000000,28.9,28.9,28.8,28.8,51,0
SES,D,20230208,000000,28.5,28.5,28,28.5,320,0
SES,D,20230209,000000,28.6,28.6,27,27,925,0
SES,D,20230210,000000,27.9,28,27.4,27.4,114,0
SES,D,20230214,000000,27.4,27.4,27.3,27.4,140,0
SES,D,20230215,000000,27.4,27.5,27.4,27.5,824,0
SES,D,20230216,000000,27.5,27.5,27.5,27.5,5,0
SES,D,20230217,000000,27.6,27.6,27.6,27.6,100,0
SES,D,20230220,000000,27.6,27.6,27.2,27.2,350,0
SES,D,20230221,000000,27.2,27.2,27,27,177,0
SES,D,20230222,000000,27,27,27,27,373,0
SES,D,20230223,000000,26.5,26.5,26.5,26.5,65,0
SES,D,20230224,000000,27,27,27,27,7,0
SES,D,20230227,000000,28.5,28.8,28.5,28.8,405,0
SES,D,20230228,000000,28.7,28.7,27.1,28.4,374,0
SES,D,20230302,000000,28,28,28,28,193,0
SES,D,20230303,000000,28.2,28.2,28.2,28.2,86,0
SES,D,20230306,000000,27.6,27.8,27,27.8,160,0
SES,D,20230307,000000,27.8,28.2,27.7,28,425,0
SES,D,20230308,000000,28,28.4,27.8,27.8,36,0
SES,D,20230309,000000,27.8,28.4,27.4,28.4,464,0
SES,D,20230310,000000,28,28.2,28,28.2,112,0
SES,D,20230313,000000,27.9,27.9,27.8,27.9,251,0
SES,D,20230314,000000,28,28,27.5,27.5,20,0
SES,D,20230315,000000,27.5,28.3,27.5,28,738,0
SES,D,20230316,000000,28,28,27.6,27.6,130,0
SES,D,20230317,000000,27.7,27.7,27.7,27.7,60,0
SES,D,20230321,000000,27.5,27.5,26.6,26.6,100,0
SES,D,20230322,000000,26.6,26.6,26.6,26.6,295,0
SES,D,20230323,000000,27,27,27,27,100,0
SES,D,20230324,000000,27,27,26,27,759,0
SES,D,20230327,000000,26,27,26,27,146,0
SES,D,20230328,000000,27.3,27.3,27.3,27.3,12,0
SES,D,20230329,000000,27.3,27.3,26.6,27,180,0
SES,D,20230330,000000,27,27,27,27,22,0
SES,D,20230331,000000,27,27.3,27,27.3,275,0
SES,D,20230403,000000,27.3,27.5,27.3,27.5,816,0
SES,D,20230404,000000,27.5,27.5,27.5,27.5,354,0
SES,D,20230405,000000,27.5,27.5,27.5,27.5,185,0
SES,D,20230406,000000,27.5,27.5,27.5,27.5,120,0
SES,D,20230411,000000,27.5,27.9,27.1,27.9,212,0
SES,D,20230412,000000,28,29.4,28,29.4,207,0
SES,D,20230413,000000,29.4,30.8,29.4,30.2,1380,0
SES,D,20230414,000000,30.2,30.2,29,29,536,0
SES,D,20230417,000000,29,30.5,29,30.4,566,0
SES,D,20230418,000000,30.5,30.5,30,30,266,0
SES,D,20230419,000000,30.5,30.8,29,29.3,363,0
SES,D,20230420,000000,29.6,30.6,29.6,30.6,310,0
SES,D,20230421,000000,30,30,30,30,94,0
SES,D,20230424,000000,30,30,30,30,39,0
SES,D,20230425,000000,30,30,30,30,225,0
SES,D,20230426,000000,29.8,29.8,29.6,29.6,180,0
SES,D,20230427,000000,29.6,30.8,29.6,30.8,400,0
SES,D,20230428,000000,30,30,30,30,436,0
SES,D,20230502,000000,30.8,30.8,30.8,30.8,2,0
SES,D,20230504,000000,30.8,30.8,30,30,45,0
SES,D,20230505,000000,30,30,28.2,30,91,0
SES,D,20230508,000000,29.8,30,29.8,30,34,0
SES,D,20230509,000000,29.8,29.8,29.8,29.8,150,0
SES,D,20230510,000000,29.8,30,28.8,29,687,0
SES,D,20230511,000000,29.6,29.8,28.8,28.8,144,0
SES,D,20230512,000000,29,29,29,29,200,0
SES,D,20230515,000000,29,29,29,29,150,0
SES,D,20230516,000000,29.4,29.4,28,28.8,533,0
SES,D,20230517,000000,28.6,28.6,28.2,28.4,156,0
SES,D,20230518,000000,29,29,28.2,28.2,332,0
SES,D,20230519,000000,28.2,28.8,28,28.8,175,0
SES,D,20230522,000000,29,30,29,29,675,0
SES,D,20230523,000000,29,29,29,29,223,0
SES,D,20230524,000000,29,29,29,29,595,0
SES,D,20230525,000000,29.2,29.6,29.2,29.6,12,0
SES,D,20230526,000000,29.6,30.8,29.6,30.8,410,0
SES,D,20230529,000000,31,31.6,31,31,235,0
SES,D,20230530,000000,31.4,31.6,31,31,157,0
SES,D,20230531,000000,32,32.6,32,32.6,804,0
SES,D,20230601,000000,32.6,32.6,32.6,32.6,17,0
SES,D,20230602,000000,33.2,33.4,32.8,32.8,501,0
SES,D,20230605,000000,32.2,32.2,31,31,402,0
SES,D,20230606,000000,31.2,31.2,31.2,31.2,65,0
SES,D,20230607,000000,31.8,32.2,31.8,32.2,86,0
SES,D,20230609,000000,32,32,31.8,32,550,0
SES,D,20230612,000000,32.2,32.2,32.2,32.2,5,0
SES,D,20230613,000000,32.2,32.2,32.2,32.2,5,0
SES,D,20230614,000000,32,32,32,32,200,0
SES,D,20230615,000000,32,32,32,32,7,0
SES,D,20230616,000000,31.2,31.4,31.2,31.2,171,0
SES,D,20230619,000000,31.2,31.2,31.2,31.2,4,0
SES,D,20230620,000000,31.2,31.4,31.2,31.2,316,0
SES,D,20230621,000000,31.6,32.4,31.2,31.4,458,0
SES,D,20230622,000000,31.2,31.2,31,31,100,0
SES,D,20230623,000000,31,31,31,31,145,0
SES,D,20230626,000000,32,35.6,32,35.6,1421,0
SES,D,20230627,000000,35.4,35.4,33,33.2,390,0
SES,D,20230628,000000,34,37,34,35.4,2063,0
SES,D,20230629,000000,35.4,35.8,35.4,35.8,60,0
SES,D,20230630,000000,35.6,36,35,35.6,401,0
SES,D,20230703,000000,37,40,37,40,1185,0
SES,D,20230704,000000,40,48.4,40,46,3915,0
SES,D,20230705,000000,45.2,45.2,42.6,43,660,0
SES,D,20230706,000000,42.8,43,42.4,43,318,0
SES,D,20230707,000000,43.6,46,43.6,46,318,0
SES,D,20230710,000000,46.4,46.8,46.4,46.8,415,0
SES,D,20230711,000000,46.8,46.8,45.4,45.4,61,0
SES,D,20230712,000000,45,45,44.4,44.4,150,0
SES,D,20230713,000000,44.8,44.8,41.8,42,599,0
SES,D,20230714,000000,41.8,42,41,41,172,0
SES,D,20230718,000000,41.2,45,41.2,45,249,0
SES,D,20230719,000000,44.8,45,44.8,45,249,0
SES,D,20230720,000000,43.6,43.6,43,43,74,0
SES,D,20230721,000000,42.6,42.6,42,42.2,292,0
SES,D,20230724,000000,42,42,42,42,33,0
SES,D,20230725,000000,42,42,42,42,317,0
SES,D,20230726,000000,42,42,41.2,42,391,0
SES,D,20230727,000000,42.4,43,41.2,41.2,310,0
SES,D,20230728,000000,43.6,46,43,43,427,0
SES,D,20230731,000000,43.6,44,43.6,44,100,0
SES,D,20230801,000000,44,44,44,44,121,0
SES,D,20230802,000000,43.4,45,43,44.8,746,0
SES,D,20230803,000000,44.8,46,43.2,44.6,317,0
SES,D,20230804,000000,45,45.2,45,45.2,138,0
SES,D,20230807,000000,44.2,44.2,44,44,300,0
SES,D,20230808,000000,44,44,43,43.8,315,0
SES,D,20230809,000000,44,58,44,48,6638,0
SES,D,20230810,000000,48.2,52.5,46.2,46.8,1696,0
SES,D,20230811,000000,48,52,46.6,50.5,1409,0
SES,D,20230814,000000,51.5,51.5,49.6,50,1083,0
SES,D,20230816,000000,50,50,48.4,48.8,711,0
SES,D,20230817,000000,48,48,46.8,46.8,461,0
SES,D,20230818,000000,46.8,47.8,46,47.8,366,0
SES,D,20230821,000000,48,48,45,47,211,0
SES,D,20230822,000000,47.6,48,47.6,48,130,0
SES,D,20230823,000000,47.4,47.4,47.2,47.4,105,0
SES,D,20230824,000000,47,47.8,45.8,47.8,301,0
SES,D,20230825,000000,46.4,46.8,46.4,46.8,148,0
SES,D,20230828,000000,46,46,42.6,43,2037,0
SES,D,20230829,000000,42.6,43,41.6,41.6,149,0
SES,D,20230830,000000,43,44.8,42.4,44.8,789,0
SES,D,20230831,000000,44.8,45.8,44.8,45,260,0
SES,D,20230901,000000,45.6,45.6,45,45.6,885,0
SES,D,20230904,000000,45.2,45.6,44.4,44.4,452,0
SES,D,20230905,000000,45,45,44,44,518,0
SES,D,20230906,000000,45,45,45,45,265,0
SES,D,20230907,000000,45,45,45,45,5,0
SES,D,20230908,000000,44.8,44.8,44,44,69,0
SES,D,20230911,000000,44,44,44,44,200,0
SES,D,20230912,000000,42.4,43.4,42.4,43.4,461,0
SES,D,20230913,000000,43,43,43,43,100,0
SES,D,20230914,000000,43,43,43,43,84,0
SES,D,20230915,000000,42.4,43,42.2,42.8,386,0
SES,D,20230918,000000,42.4,42.4,41,42,546,0
SES,D,20230919,000000,41.6,42,41,42,155,0
SES,D,20230920,000000,41.8,41.8,41.8,41.8,10,0
SES,D,20230921,000000,41.6,41.8,41,41,89,0
SES,D,20230922,000000,41,41.6,40.8,41.6,160,0
SES,D,20230925,000000,42,42.6,41,41,123,0
SES,D,20230926,000000,41,41.8,41,41,180,0
SES,D,20230927,000000,41.6,42.8,41.6,42,190,0
SES,D,20230928,000000,42,42,41.8,41.8,16,0
SES,D,20230929,000000,42,42.6,42,42,141,0
SES,D,20231002,000000,41.8,41.8,41,41.6,185,0
SES,D,20231003,000000,40.8,41,40.6,40.6,182,0
SES,D,20231004,000000,40.6,40.8,40.4,40.4,348,0
SES,D,20231006,000000,40.4,40.4,40,40,100,0
SES,D,20231009,000000,40,40,36.2,39,380,0
SES,D,20231010,000000,39.6,43.4,39.6,40.2,606,0
SES,D,20231011,000000,41.6,43.6,41.6,43.4,444,0
SES,D,20231013,000000,43,43,43,43,2,0
SES,D,20231016,000000,42.6,42.6,42.6,42.6,2,0
SES,D,20231017,000000,43,43,43,43,75,0
SES,D,20231018,000000,42,42,41.6,41.6,27,0
SES,D,20231019,000000,42.4,42.4,40.6,40.6,348,0
SES,D,20231020,000000,41.8,41.8,41.8,41.8,2,0
SES,D,20231023,000000,41,41,40.4,40.4,50,0
SES,D,20231024,000000,40.2,40.2,40,40.2,400,0
SES,D,20231025,000000,40.2,40.2,39.4,39.4,183,0
SES,D,20231026,000000,40.6,40.6,40,40,28,0
SES,D,20231027,000000,39.6,39.6,39.6,39.6,10,0
SES,D,20231030,000000,40.8,42,40.8,42,100,0
SES,D,20231031,000000,42,42,41.2,41.2,11,0
SES,D,20231102,000000,41.2,42,41,42,97,0
SES,D,20231103,000000,42,42,40.6,40.6,70,0
SES,D,20231106,000000,40.4,41.6,40.4,41.6,16,0
SES,D,20231108,000000,40.6,40.6,40,40,65,0
SES,D,20231109,000000,40,40.8,39,39,235,0
SES,D,20231110,000000,39,40.4,38.6,40.4,101,0
SES,D,20231113,000000,40.4,41.4,40.4,41.4,117,0
SES,D,20231114,000000,41.4,41.4,41.4,41.4,1,0
SES,D,20231115,000000,40,40,40,40,17,0
SES,D,20231116,000000,40.6,40.6,40.6,40.6,200,0
SES,D,20231117,000000,40.6,40.6,40.6,40.6,115,0
SES,D,20231120,000000,40.8,40.8,40.8,40.8,8,0
SES,D,20231121,000000,40.8,40.8,40.8,40.8,510,0
SES,D,20231123,000000,40.8,40.8,40.8,40.8,5,0
SES,D,20231124,000000,40.8,42,40.6,42,82,0
SES,D,20231127,000000,41.8,41.8,41.8,41.8,5,0
SES,D,20231128,000000,41.8,41.8,40.6,40.6,13,0
SES,D,20231129,000000,40.6,40.6,40,40,36,0
SES,D,20231130,000000,40,40,38.4,38.4,300,0
SES,D,20231201,000000,39.8,40.2,39.8,40.2,115,0
SES,D,20231204,000000,40.2,40.4,40.2,40.4,29,0
SES,D,20231205,000000,40.4,43,40.4,42,429,0
SES,D,20231206,000000,42.6,42.8,42.2,42.2,53,0
SES,D,20231207,000000,42.2,43,41.8,43,299,0
SES,D,20231208,000000,43,43,43,43,58,0
SES,D,20231211,000000,43,43.6,43,43.6,218,0
SES,D,20231212,000000,43.6,44.2,43.2,43.2,198,0
SES,D,20231213,000000,43.2,43.4,43.2,43.2,223,0
SES,D,20231214,000000,43.2,43.2,42.8,42.8,155,0
SES,D,20231215,000000,42.8,42.8,42.4,42.4,80,0
SES,D,20231218,000000,42.4,42.4,42.4,42.4,5,0
SES,D,20231219,000000,42.6,42.6,42.6,42.6,2,0
SES,D,20231220,000000,42.6,43.8,38.4,39.2,1198,0
SES,D,20231221,000000,39.4,41,39.4,41,11,0
SES,D,20231222,000000,39.8,41,39.8,40.2,65,0
SES,D,20231227,000000,40.2,41.2,40,41.2,236,0
SES,D,20231229,000000,40.2,40.2,40,40.2,103,0
SES,D,20240102,000000,40.2,41,40,40.2,417,0
SES,D,20240103,000000,40.8,40.8,39,39.6,371,0
SES,D,20240104,000000,45,49.6,44.2,49.6,10023,0
SES,D,20240105,000000,51,55.5,48.2,50,9491,0
SES,D,20240108,000000,50,51,47.4,47.8,1993,0
SES,D,20240109,000000,48,48.4,45.2,48.4,1917,0
SES,D,20240110,000000,48.2,49.2,47,47,1045,0
SES,D,20240111,000000,47.8,48.4,47.8,48,582,0
SES,D,20240112,000000,48,48,46.4,47.4,919,0
SES,D,20240115,000000,48,48,46.2,46.2,588,0
SES,D,20240116,000000,46.6,46.6,45.4,46,220,0
SES,D,20240117,000000,45.8,46.2,44,45,1619,0
SES,D,20240118,000000,45.6,50,45.4,50,2912,0
SES,D,20240119,000000,50,51.5,48,49,2273,0
SES,D,20240122,000000,49.4,54,49.4,53,3589,0
SES,D,20240123,000000,54,54,50,52,1074,0
SES,D,20240124,000000,52,56,52,54,2777,0
SES,D,20240125,000000,52.5,58,52.5,58,1699,0
SES,D,20240126,000000,57,58,56,57,565,0
SES,D,20240129,000000,56.5,56.5,54.5,55.5,240,0
SES,D,20240131,000000,57.5,57.5,51,51,3227,0
SES,D,20240201,000000,50,53.5,50,50.5,1796,0
SES,D,20240202,000000,51.5,58,50.5,54,2832,0
SES,D,20240205,000000,54.5,59.5,54,58.5,2886,0
SES,D,20240206,000000,59,60,57,60,773,0
SES,D,20240207,000000,60,60,59,59,6,0
SES,D,20240208,000000,60,60,57,57.5,810,0
SES,D,20240209,000000,58,62,58,60,655,0
SES,D,20240212,000000,62,74.5,62,69,3997,0
SES,D,20240213,000000,68,70.5,64,68,1268,0
SES,D,20240214,000000,67,69,65.5,68,393,0
SES,D,20240215,000000,65,68,64,68,427,0
SES,D,20240216,000000,68,68,63,67.5,1401,0
SES,D,20240219,000000,66,68,65,67,324,0
SES,D,20240220,000000,68,68.5,67,68.5,349,0
SES,D,20240221,000000,68.5,69.5,66.5,68,463,0
SES,D,20240222,000000,68,69.5,68,69.5,127,0
SES,D,20240223,000000,69,69,65,65,924,0
SES,D,20240226,000000,64.5,69,64.5,67,1144,0
SES,D,20240227,000000,66,66.5,63,66.5,265,0
SES,D,20240228,000000,65,66.5,63.5,64,565,0
SES,D,20240229,000000,66.5,67.5,65,67,203,0
SES,D,20240301,000000,64.5,65.5,64,64.5,632,0
SES,D,20240304,000000,64.5,64.5,61.5,64,307,0
SES,D,20240305,000000,63.5,65.5,62.5,62.5,274,0
SES,D,20240306,000000,62.5,62.5,60,60,218,0
SES,D,20240307,000000,61.5,61.5,59.5,60,241,0
SES,D,20240308,000000,60.5,60.5,56.5,57.5,399,0
SES,D,20240311,000000,58.5,60,58.5,60,264,0
SES,D,20240312,000000,59.5,59.5,58.5,58.5,259,0
SES,D,20240313,000000,58.5,60,57.5,60,606,0
SES,D,20240314,000000,61,61,60,61,332,0
SES,D,20240315,000000,60,60,57,57,149,0
