<TICKER>,<PER>,<DATE>,<TIME>,<OPEN>,<HIGH>,<LOW>,<CLOSE>,<VOL>,<OPENINT>
STH,D,20211210,000000,21.9932,23.3941,21.9932,22.6626,3548842.162453,0
STH,D,20211213,000000,22.7582,23.7431,22.7582,23.5231,1023620.2847905,0
STH,D,20211214,000000,23.7144,23.7909,22.9494,23.4275,199314.87362049,0
STH,D,20211215,000000,23.5614,23.5614,23.1645,23.1693,182783.21129722,0
STH,D,20211216,000000,23.4275,23.571,23.1789,23.308,223341.62854694,0
STH,D,20211217,000000,23.3319,23.418,22.567,22.9303,220955.16261692,0
STH,D,20211220,000000,22.5717,22.5717,21.8019,22.2036,278878.72744242,0
STH,D,20211221,000000,22.4617,22.9208,22.0983,22.8538,178961.93763014,0
STH,D,20211222,000000,22.8538,23.1359,22.4809,23.045,65709.383777725,0
STH,D,20211223,000000,23.1885,23.1885,22.1366,23.1407,928922.97414419,0
STH,D,20211227,000000,23.1407,23.1407,22.347,22.4713,361574.68707522,0
STH,D,20211228,000000,22.3757,22.892,22.3757,22.8538,74364.244442414,0
STH,D,20211229,000000,22.567,22.9208,22.567,22.9208,8172.7568988098,0
STH,D,20211230,000000,22.9494,22.9494,22.4761,22.4761,62607.605535643,0
STH,D,20220103,000000,22.892,22.892,22.4761,22.567,516940.73041132,0
STH,D,20220104,000000,22.7103,22.7103,22.2944,22.3374,15048.748787444,0
STH,D,20220105,000000,22.2992,22.2992,21.4721,21.4721,249778.90230278,0
STH,D,20220107,000000,21.4195,21.9071,21.2282,21.7828,34803.499627945,0
STH,D,20220110,000000,21.7828,22.4521,21.386,21.8593,50546.645162774,0
STH,D,20220111,000000,21.9932,22.4713,21.8975,22.0888,17575.349000819,0
STH,D,20220112,000000,22.28,22.916,22.194,22.849,104921.88444027,0
STH,D,20220113,000000,22.806,22.9303,22.5,22.7199,58407.760147848,0
STH,D,20220114,000000,22.7582,22.8538,22.4713,22.4713,179946.01494834,0
STH,D,20220117,000000,22.8538,22.8538,22.6147,22.7486,37018.457927584,0
STH,D,20220118,000000,22.8395,22.8395,22.2036,22.4235,87458.433710488,0
STH,D,20220119,000000,22.4569,22.4713,22.0124,22.2323,78291.141711132,0
STH,D,20220120,000000,22.3279,22.3517,21.8975,21.8975,61038.938184624,0
STH,D,20220121,000000,21.8975,22.806,21.8975,22.806,482645.47900511,0
STH,D,20220124,000000,22.7582,22.7582,21.7063,21.9932,237109.29899772,0
STH,D,20220125,000000,21.6681,21.9932,20.8362,20.8362,103788.2608346,0
STH,D,20220126,000000,20.7118,21.3813,20.3246,21.3813,113068.49688323,0
STH,D,20220127,000000,21.037,21.0895,20.3246,20.8458,38706.343997281,0
STH,D,20220128,000000,20.4824,21.4386,19.8943,21.2282,93907.748079645,0
STH,D,20220131,000000,21.1135,21.1135,20.3628,21.037,22065.92073767,0
STH,D,20220201,000000,21.037,21.037,20.4824,20.7262,7309.9898557493,0
STH,D,20220202,000000,20.7262,20.8313,20.3485,20.425,19177.481255326,0
STH,D,20220203,000000,20.4154,20.4584,19.9086,19.9612,63906.462102287,0
STH,D,20220204,000000,20.4154,20.4154,19.1188,19.2249,176595.34148657,0
STH,D,20220207,000000,19.3158,19.574,19.1246,19.4114,9849.1394079323,0
STH,D,20220208,000000,19.3158,20.1763,19.2727,20.1763,14166.111957937,0
STH,D,20220209,000000,20.1763,20.1763,19.2297,19.507,22740.447698608,0
STH,D,20220210,000000,19.507,20.0282,19.4305,19.8704,152135.63437124,0
STH,D,20220211,000000,19.5452,19.9851,19.2202,19.9851,60997.107055263,0
STH,D,20220214,000000,19.6026,19.7412,19.1246,19.2106,49920.2240006,0
STH,D,20220215,000000,19.1246,19.4114,18.7956,18.9332,36181.835340374,0
STH,D,20220216,000000,18.7515,19.2202,17.6921,17.6998,48175.865906267,0
STH,D,20220217,000000,17.3076,17.9866,16.5906,16.7818,38485.684789904,0
STH,D,20220218,000000,16.8296,17.5907,16.6383,17.0208,41865.640042233,0
STH,D,20220221,000000,17.2885,18.0057,16.3801,16.3801,101233.4246089,0
STH,D,20220222,000000,16.3801,17.5505,16.1602,17.4607,90789.237385819,0
STH,D,20220223,000000,17.6902,17.9675,16.4681,16.7339,60785.859851993,0
STH,D,20220224,000000,16.1411,16.1411,14.5365,14.7068,92723.927118743,0
STH,D,20220225,000000,15.5864,15.5864,14.8215,15.204,94467.239434842,0
STH,D,20220228,000000,15.2021,15.5864,14.8215,15.5864,61422.738796506,0
STH,D,20220301,000000,15.5864,15.969,14.9171,15.1084,195742.49517311,0
STH,D,20220302,000000,15.2996,15.4908,14.3912,15.0892,49029.220945221,0
STH,D,20220303,000000,14.5442,15.2996,14.5442,15.0185,22619.137423462,0
STH,D,20220304,000000,15.1084,15.2499,14.1522,14.3434,77750.474364148,0
STH,D,20220307,000000,13.2552,13.7639,13.0066,13.2973,86537.103086323,0
STH,D,20220308,000000,13.3394,13.6549,12.9091,13.368,67740.285108178,0
STH,D,20220309,000000,13.5765,14.0374,13.215,13.5593,100536.93630505,0
STH,D,20220310,000000,13.5593,15.6802,13.5593,15.6802,190926.68640548,0
STH,D,20220311,000000,15.7778,16.3056,14.7871,16.2463,259214.95930828,0
STH,D,20220314,000000,16.2559,16.6823,16.0245,16.2559,97867.064473618,0
STH,D,20220315,000000,16.5216,16.5427,15.2996,15.2996,1423467.3178959,0
STH,D,20220316,000000,15.6821,16.1124,15.3015,15.969,329305.10810828,0
STH,D,20220317,000000,15.969,16.5427,15.7778,16.2559,63009.184377504,0
STH,D,20220318,000000,16.4471,16.8679,16.101,16.8296,236029.01008198,0
STH,D,20220321,000000,17.2025,17.5754,16.3992,16.7339,52075.5729409,0
STH,D,20220322,000000,16.7339,16.7339,16.4089,16.6383,26143.410072085,0
STH,D,20220323,000000,16.5427,16.6383,16.3515,16.6288,9978.8159089499,0
STH,D,20220324,000000,16.5408,16.9252,16.1602,16.9252,362965.57212645,0
STH,D,20220325,000000,17.1164,17.1164,16.2559,16.2559,10662.754873994,0
STH,D,20220328,000000,16.3992,16.4012,15.8026,15.8026,22782.278827968,0
STH,D,20220329,000000,15.7796,16.4451,15.7796,15.8064,44358.77535212,0
STH,D,20220330,000000,17.0973,17.1069,16.3515,16.4471,70212.504853384,0
STH,D,20220331,000000,16.4471,16.6383,16.2559,16.5676,7902.9461144345,0
STH,D,20220401,000000,16.5676,17.017,16.5656,16.7244,13884.797612988,0
STH,D,20220404,000000,16.9233,16.973,16.4872,16.6498,10492.29302185,0
STH,D,20220405,000000,16.9252,16.9615,16.449,16.4586,12868.301169527,0
STH,D,20220406,000000,16.6383,16.6383,15.8734,16.1602,40773.847565924,0
STH,D,20220407,000000,15.8293,16.1315,15.3015,15.7778,35595.153751093,0
STH,D,20220408,000000,15.4908,16.0168,15.0777,15.0777,80090.926051868,0
STH,D,20220411,000000,14.6303,15.2996,14.6303,14.9745,55441.933076187,0
STH,D,20220412,000000,14.9745,15.7204,14.9191,15.3053,15478.563641623,0
STH,D,20220413,000000,15.3761,15.5367,14.6303,14.6303,42135.450826609,0
STH,D,20220414,000000,15.0147,15.3379,14.7259,15.3379,468900.81567548,0
STH,D,20220419,000000,15.3359,16.0072,15.1562,15.7204,8669.5015599659,0
STH,D,20220420,000000,15.7204,16.973,15.7204,16.0263,45846.91777912,0
STH,D,20220421,000000,15.9709,16.2559,15.7969,15.7969,24336.305283711,0
STH,D,20220422,000000,15.7778,15.7778,15.1084,15.4813,26305.505698357,0
STH,D,20220425,000000,15.6725,15.6725,14.8235,15.2996,18037.582980252,0
STH,D,20220426,000000,15.4431,15.4431,15.0127,15.2135,3051.5808868493,0
STH,D,20220427,000000,15.2078,15.3035,14.8215,15.1084,45932.671594309,0
STH,D,20220428,000000,14.9171,15.0089,14.2019,14.2975,142410.94257316,0
STH,D,20220429,000000,14.5347,14.5767,13.9246,14.2956,25207.438552644,0
STH,D,20220502,000000,14.2956,14.2956,13.7696,14.1522,8108.9644265351,0
STH,D,20220504,000000,14.2478,14.2478,13.4063,13.6721,37495.332802294,0
STH,D,20220505,000000,13.7792,14.2401,13.1194,13.1194,60313.168090219,0
STH,D,20220506,000000,12.9186,13.3776,12.431,13.3776,77157.518105463,0
STH,D,20220509,000000,13.5593,13.7505,12.7178,13.3852,52671.666534287,0
STH,D,20220510,000000,13.1003,13.1003,11.9146,12.364,99349.978009448,0
STH,D,20220511,000000,12.2971,12.3066,11.5894,11.9337,101691.4754754,0
STH,D,20220512,000000,11.7138,12.2014,11.2873,12.1823,156680.58657626,0
STH,D,20220513,000000,12.2396,12.4787,11.3829,11.8572,274911.04482258,0
STH,D,20220516,000000,11.6659,12.431,11.5034,11.5703,173963.11767156,0
STH,D,20220517,000000,11.5225,11.8572,11.5225,11.7138,383027.78176775,0
STH,D,20220518,000000,11.7616,12.0466,11.5799,11.8361,113671.91092425,0
STH,D,20220519,000000,11.5225,11.7616,11.3408,11.6468,92533.595480152,0
STH,D,20220520,000000,11.8572,11.8572,11.4556,11.7176,116446.36057909,0
STH,D,20220523,000000,12.1039,12.4787,11.8591,12.4462,31209.159837643,0
STH,D,20220524,000000,12.431,12.9091,11.9203,11.9719,211298.44640405,0
STH,D,20220525,000000,11.9719,12.431,11.6697,12.1728,30416.459936262,0
STH,D,20220526,000000,12.3353,14.3434,12.0102,14.2478,276740.11095386,0
STH,D,20220527,000000,14.2478,14.592,13.8652,14.0566,407856.64859968,0
STH,D,20220530,000000,14.1522,14.2478,13.8652,14.1522,48929.87201299,0
STH,D,20220531,000000,14.1522,14.9171,13.8652,13.8652,174226.65378653,0
STH,D,20220601,000000,13.8652,14.3434,13.5019,13.9417,38333.001167738,0
STH,D,20220602,000000,14.2918,14.3434,13.4828,14.1904,47772.195507938,0
STH,D,20220603,000000,14.3434,14.7641,13.7123,14.3415,51248.362357796,0
STH,D,20220606,000000,14.439,14.5347,14.0584,14.5155,24776.577920231,0
STH,D,20220607,000000,14.3434,14.3434,13.8844,14.0087,11504.606352375,0
STH,D,20220608,000000,14.3434,14.3434,13.1979,13.5975,33571.572868278,0
STH,D,20220609,000000,13.5975,13.8251,13.1079,13.7219,14007.153666367,0
STH,D,20220610,000000,13.7123,13.7123,13.2915,13.2915,19304.020421642,0
STH,D,20220613,000000,13.6262,14.2478,13.1979,13.3871,28504.777324486,0
STH,D,20220614,000000,13.3871,13.674,13.1959,13.1959,8031.5768372181,0
STH,D,20220615,000000,13.3871,13.5688,12.9091,13.5688,14905.477169384,0
STH,D,20220617,000000,13.3489,14.2343,13.215,14.2343,37352.061184234,0
STH,D,20220620,000000,14.1522,14.1522,13.4255,13.6951,12538.881025813,0
STH,D,20220621,000000,14.0374,14.2478,13.741,14.133,18749.757957615,0
STH,D,20220622,000000,14.1349,14.5347,13.674,14.5212,44920.358263785,0
STH,D,20220623,000000,14.5155,15.0108,13.9628,14.5347,179692.93661571,0
STH,D,20220624,000000,14.592,14.8674,14.5347,14.5347,6678.3398024056,0
STH,D,20220627,000000,14.5824,14.6589,14.1063,14.5251,43786.734658115,0
STH,D,20220628,000000,14.5251,14.6283,13.9705,14.2478,40365.994054659,0
STH,D,20220629,000000,14.2382,14.2478,13.4847,14.2478,33328.952317987,0
STH,D,20220630,000000,14.2458,14.2478,13.8175,14.0374,32795.605418641,0
STH,D,20220701,000000,14.0355,14.1043,13.6032,13.8652,20988.769156636,0
STH,D,20220704,000000,14.1483,14.1502,13.5211,13.9131,10489.155687148,0
STH,D,20220705,000000,14.0451,14.0451,12.9091,13.5784,19054.079423713,0
STH,D,20220706,000000,13.5784,13.9532,12.7598,12.7598,24807.951267251,0
STH,D,20220707,000000,13.2915,13.8461,13.0085,13.3852,9841.8189602942,0
STH,D,20220708,000000,13.456,13.8461,13.2935,13.3891,6577.9450919404,0
STH,D,20220711,000000,13.3891,13.5211,12.8555,13.0983,37763.052030201,0
STH,D,20220712,000000,13.1385,13.4943,12.8517,13.4828,37490.103911124,0
STH,D,20220713,000000,13.5765,13.5765,12.9091,13.0066,87864.195665285,0
STH,D,20220714,000000,13.28,13.4388,12.953,13.2341,107582.3442676,0
STH,D,20220715,000000,13.3336,13.3336,12.2913,12.9951,558217.59730781,0
STH,D,20220718,000000,13.1768,13.2438,12.6241,12.8326,61894.384780046,0
STH,D,20220719,000000,13.0792,13.1003,12.6432,12.8612,25342.343944832,0
STH,D,20220720,000000,12.9091,13.1003,12.626,12.8612,24487.943127643,0
STH,D,20220721,000000,12.9091,12.9568,12.7216,12.7274,11392.708081335,0
STH,D,20220722,000000,12.7274,13.0486,12.4443,12.7274,80084.651382464,0
STH,D,20220725,000000,12.888,12.888,12.5361,12.5361,17479.13740329,0
STH,D,20220726,000000,12.7178,12.7178,12.538,12.6604,7707.3855846742,0
STH,D,20220727,000000,12.5744,12.9091,12.4501,12.8804,126783.8784223,0
STH,D,20220728,000000,12.8708,14.6494,12.8689,14.4792,390081.55595617,0
STH,D,20220729,000000,14.2994,14.678,13.7372,14.3242,30145.603373652,0
STH,D,20220801,000000,14.4581,14.4581,13.9054,14.3339,10393.989867853,0
STH,D,20220802,000000,14.3434,14.5251,13.9054,13.9801,9415.141440817,0
STH,D,20220803,000000,13.7678,14.5327,13.1041,14.439,133087.82961693,0
STH,D,20220804,000000,14.4371,14.4371,14.0125,14.2478,9534.3601594945,0
STH,D,20220805,000000,14.353,14.4352,13.6759,14.1522,15628.109929087,0
STH,D,20220808,000000,14.0566,14.2956,13.8652,14.0566,5828.1220981532,0
STH,D,20220809,000000,14.0546,14.1636,13.6358,13.7658,9453.8352354755,0
STH,D,20220810,000000,13.7888,14.3242,13.5726,13.7219,13519.821009317,0
STH,D,20220811,000000,13.8366,14.3434,13.8366,14.2478,8487.5361472477,0
STH,D,20220812,000000,14.591,14.8067,14.2183,14.7086,18999.046221309,0
STH,D,20220816,000000,15.0813,15.8461,15.0813,15.5912,322925.65663533,0
STH,D,20220817,000000,15.8853,16.1305,15.5421,15.9245,56343.440938331,0
STH,D,20220818,000000,15.9245,16.2776,15.6892,16.1599,68538.31988167,0
STH,D,20220819,000000,15.9834,16.0618,15.1793,15.6892,135374.5781346,0
STH,D,20220822,000000,15.6304,15.6304,15.042,15.6304,26955.597945338,0
STH,D,20220823,000000,15.4911,15.6304,15.2048,15.6304,15718.319882396,0
STH,D,20220824,000000,15.2087,15.648,15.2087,15.3186,14410.924431203,0
STH,D,20220825,000000,15.3166,15.65,15.0048,15.0813,268335.26778795,0
STH,D,20220826,000000,15.5304,15.6108,15.2225,15.395,320791.19588701,0
STH,D,20220829,000000,15.65,15.65,15.2283,15.3068,21872.868671746,0
STH,D,20220830,000000,15.5402,15.8794,15.3087,15.4735,24830.315480216,0
STH,D,20220831,000000,15.4911,15.7461,15.0028,15.1009,44372.920028737,0
STH,D,20220901,000000,15.1009,15.4401,14.2183,14.2203,26878.092442771,0
STH,D,20220902,000000,14.0222,14.3164,13.0907,13.63,77756.375640898,0
STH,D,20220905,000000,13.5221,14.2183,13.4358,13.9242,34668.415259979,0
STH,D,20220906,000000,14.2183,14.2183,13.5555,13.7771,21923.859133961,0
STH,D,20220907,000000,13.9144,14.4027,13.2417,14.287,17957.820982879,0
STH,D,20220908,000000,14.4145,14.6596,14.287,14.3674,20367.63022716,0
STH,D,20220909,000000,14.5106,14.8891,14.5106,14.7086,70313.807775996,0
STH,D,20220912,000000,14.8851,14.8851,14.2203,14.7086,112900.02200872,0
STH,D,20220913,000000,14.8753,15.0518,14.6302,14.7086,36002.325751523,0
STH,D,20220914,000000,14.9538,14.9538,14.5361,14.7086,7078.4959646863,0
STH,D,20220915,000000,14.4145,14.8557,13.9457,14.7792,35229.310344343,0
STH,D,20220916,000000,14.7812,14.7871,14.2321,14.6106,250661.97358423,0
STH,D,20220919,000000,14.5125,14.7086,14.1791,14.5321,20226.896551446,0
STH,D,20220920,000000,14.2203,14.6086,13.9987,14.0026,164535.00366612,0
STH,D,20220921,000000,14.0026,14.2183,13.7516,13.9752,25705.311811826,0
STH,D,20220922,000000,13.8751,14.2183,13.3868,13.9438,154455.20909546,0
STH,D,20220923,000000,14.2164,14.2164,13.5398,13.8261,14641.401320415,0
STH,D,20220926,000000,13.9222,14.2105,13.4339,13.7477,23376.067497845,0
STH,D,20220927,000000,14.1007,14.1007,13.6123,13.6398,21822.898018776,0
STH,D,20220928,000000,13.6398,14.1105,13.6398,13.8496,14378.290535386,0
STH,D,20220929,000000,13.9438,13.9438,12.6494,12.7475,139977.99706337,0
STH,D,20220930,000000,12.7475,13.9732,12.267,13.5614,101343.54365231,0
STH,D,20221003,000000,13.4143,14.1693,13.2378,13.7281,54639.339691105,0
STH,D,20221004,000000,13.7281,14.1693,13.4437,13.8261,56064.013205392,0
STH,D,20221005,000000,13.9242,14.4105,13.3554,13.3554,42452.61922172,0
STH,D,20221006,000000,13.5319,14.0399,13.5319,13.7379,19190.770359237,0
STH,D,20221007,000000,13.7379,13.9124,13.5751,13.581,17956.801173634,0
STH,D,20221010,000000,13.7281,13.7281,13.5319,13.7084,6908.1878208882,0
STH,D,20221011,000000,13.6986,14.187,13.1436,13.5319,52970.931767431,0
STH,D,20221012,000000,13.7241,13.8261,13.3456,13.4947,17908.870139152,0
STH,D,20221013,000000,13.4143,14.1007,13.2378,13.2378,16875.803374676,0
STH,D,20221014,000000,13.5947,13.8261,13.2476,13.2476,23662.633895493,0
STH,D,20221017,000000,13.5221,13.8065,13.1907,13.4358,18801.203227915,0
STH,D,20221018,000000,13.63,13.8849,13.5359,13.6398,8291.049156159,0
STH,D,20221019,000000,13.6378,13.7281,13.3456,13.7281,6517.6008803213,0
STH,D,20221020,000000,13.7281,13.9242,13.5535,13.63,64861.907555969,0
STH,D,20221021,000000,13.512,14.066,12.66,12.66,57250,0
STH,D,20221024,000000,12.902,13.88,12.9,13.88,187875,0
STH,D,20221025,000000,13.88,14.072,13.6,13.75,114928,0
STH,D,20221026,000000,13.75,13.898,13.602,13.75,44401,0
STH,D,20221027,000000,13.848,13.848,13.6,13.75,26741,0
STH,D,20221028,000000,13.8,13.998,13.604,13.8,41255,0
STH,D,20221031,000000,14.098,14.1,13.72,13.748,41746,0
STH,D,20221102,000000,13.75,13.9,13.6,13.75,125536,0
STH,D,20221103,000000,13.686,14,13.6,13.726,218984,0
STH,D,20221104,000000,13.74,14,13.63,13.8,141652,0
STH,D,20221107,000000,14,14.64,13.9,14.5,153292,0
STH,D,20221108,000000,14.5,15.64,14.124,15.48,378423,0
STH,D,20221109,000000,15.68,15.94,15.4,15.4,177290,0
STH,D,20221110,000000,15.588,15.884,14.92,15.738,210224,0
STH,D,20221114,000000,15.938,16.44,15.736,16.41,183337,0
STH,D,20221115,000000,16.38,16.41,15.54,16.262,368614,0
STH,D,20221116,000000,16.05,16.41,15.95,16.3,97791,0
STH,D,20221117,000000,16.3,16.9,16.104,16.88,296233,0
STH,D,20221118,000000,16.9,17.45,16.8,16.9,324694,0
STH,D,20221121,000000,17.002,17.002,16.032,16.4,148795,0
STH,D,20221122,000000,16.4,17,16.042,16.6,207729,0
STH,D,20221123,000000,16.652,16.88,15.652,15.9,227931,0
STH,D,20221124,000000,16.24,17.27,15.94,17.27,302912,0
STH,D,20221125,000000,17.24,17.4,17,17.3,132232,0
STH,D,20221128,000000,17.4,17.4,17.12,17.38,134994,0
STH,D,20221129,000000,17.4,17.57,17.01,17.57,107357,0
STH,D,20221130,000000,17.698,17.796,17.004,17.5,150275,0
STH,D,20221201,000000,17.69,17.69,17.1,17.6,110853,0
STH,D,20221202,000000,17.55,17.858,17.3,17.75,302504,0
STH,D,20221205,000000,17.75,17.75,16.566,17.1,210170,0
STH,D,20221206,000000,16.95,17.08,16.592,16.8,68073,0
STH,D,20221207,000000,16.7,17.088,16.588,17.088,63009,0
STH,D,20221208,000000,17.05,17.05,16.34,16.588,69785,0
STH,D,20221209,000000,16.5,16.9,16.5,16.9,31374,0
STH,D,20221212,000000,17,17.9,16.902,17.8,209233,0
STH,D,20221213,000000,17.8,17.918,17.428,17.8,124917,0
STH,D,20221214,000000,17.9,17.9,17.516,17.8,176385,0
STH,D,20221215,000000,17.4,17.9,17.06,17.9,168494,0
STH,D,20221216,000000,17.88,17.96,17.352,17.96,280658,0
STH,D,20221219,000000,17.9,17.9,16.8,16.98,117375,0
STH,D,20221220,000000,16.7,17.698,16.26,17.5,159566,0
STH,D,20221221,000000,17.55,17.55,17.16,17.35,81200,0
STH,D,20221222,000000,17.4,17.98,17.2,17.5,154465,0
STH,D,20221223,000000,17.42,17.9,17.2,17.5,86750,0
STH,D,20221227,000000,17.6,17.65,17.26,17.5,143996,0
STH,D,20221228,000000,17.25,17.5,16.93,17.5,137157,0
STH,D,20221229,000000,17.49,17.838,17.184,17.5,86033,0
STH,D,20221230,000000,17.26,17.5,17.26,17.3,69014,0
STH,D,20230102,000000,17.172,17.51,17.028,17.42,31527,0
STH,D,20230103,000000,17.476,17.862,17.292,17.85,289940,0
STH,D,20230104,000000,17.86,18.51,17.612,18.24,133210,0
STH,D,20230105,000000,18.258,18.34,17.964,18.32,111474,0
STH,D,20230109,000000,18.39,18.39,17.62,17.98,120296,0
STH,D,20230110,000000,17.99,18.7,17.78,18.498,242239,0
STH,D,20230111,000000,18.498,18.898,18.08,18.49,165420,0
STH,D,20230112,000000,18.49,18.648,18.234,18.4,192272,0
STH,D,20230113,000000,18.5,18.65,18.052,18.64,183943,0
STH,D,20230116,000000,18.14,18.14,17.32,17.9,230824,0
STH,D,20230117,000000,17.5,17.65,16.8,17,385231,0
STH,D,20230118,000000,16.662,17.12,16.66,16.912,61831,0
STH,D,20230119,000000,16.85,16.998,16.44,16.65,83804,0
STH,D,20230120,000000,16.89,16.89,16.46,16.7,75237,0
STH,D,20230123,000000,16.65,16.95,16.5,16.688,151060,0
STH,D,20230124,000000,16.7,17.18,16.6,16.8,162308,0
STH,D,20230125,000000,16.92,17.178,16.698,16.9,165688,0
STH,D,20230126,000000,17.094,17.378,16.788,17.2,84456,0
STH,D,20230127,000000,17.478,17.54,17,17.042,116627,0
STH,D,20230130,000000,17.2,17.2,16.72,16.93,62282,0
STH,D,20230131,000000,17.02,17.09,16.66,16.95,92997,0
STH,D,20230201,000000,17.2,17.2,16.562,16.86,220588,0
STH,D,20230202,000000,16.92,17.444,16.666,17.3,124249,0
STH,D,20230203,000000,17.12,17.878,16.844,17.782,233822,0
STH,D,20230206,000000,17.782,17.8,17.12,17.6,218702,0
STH,D,20230207,000000,17.56,17.56,16.642,16.8,265331,0
STH,D,20230208,000000,16.76,16.94,16.6,16.67,276498,0
STH,D,20230209,000000,16.85,16.85,16.4,16.52,367629,0
STH,D,20230210,000000,16.74,16.74,15.686,16.02,233963,0
STH,D,20230213,000000,16.02,16.794,16.02,16.7,208342,0
STH,D,20230214,000000,16.79,17.2,16.696,17.06,269709,0
STH,D,20230215,000000,17.06,17.27,16.89,17.1,182535,0
STH,D,20230216,000000,17.26,17.47,16.902,17.238,193918,0
STH,D,20230217,000000,17.4,17.4,16.9,17.15,157013,0
STH,D,20230220,000000,17.042,17.468,17.042,17.38,138412,0
STH,D,20230221,000000,17.472,17.472,16.9,17,134165,0
STH,D,20230222,000000,17,17,16.702,16.8,52120,0
STH,D,20230223,000000,17,17,16.702,16.98,98227,0
STH,D,20230224,000000,17,17.068,16.626,16.8,141734,0
STH,D,20230227,000000,16.788,17.104,16.71,17,114321,0
STH,D,20230228,000000,17.096,17.66,16.8,17.66,105643,0
STH,D,20230301,000000,18.068,18.1,17.12,17.29,81446,0
STH,D,20230302,000000,16.994,17.28,16.9,16.998,256207,0
STH,D,20230303,000000,17.168,17.4,16.932,17.4,141105,0
STH,D,20230306,000000,17.4,17.66,17.104,17.282,84875,0
STH,D,20230307,000000,17.5,17.752,17.38,17.5,73518,0
STH,D,20230308,000000,17.68,17.966,17.524,17.74,385266,0
STH,D,20230309,000000,17.74,18.294,17.524,17.8,217278,0
STH,D,20230310,000000,17.8,17.9,17.622,17.9,57625,0
STH,D,20230313,000000,18,18,17.214,17.498,105875,0
STH,D,20230314,000000,17.504,17.598,17.252,17.33,40014,0
STH,D,20230315,000000,17.33,17.7,16.99,17.42,240260,0
STH,D,20230316,000000,17.6,17.898,17.3,17.54,92584,0
STH,D,20230317,000000,17.582,18.29,17.582,18.28,133019,0
STH,D,20230320,000000,18.278,18.278,17.822,17.89,82708,0
STH,D,20230321,000000,17.91,18.458,17.91,18.28,88103,0
STH,D,20230322,000000,18.154,18.216,17.922,18,188413,0
STH,D,20230323,000000,18.3,18.4,17.862,18,89184,0
STH,D,20230324,000000,18,18.148,17.61,18,56712,0
STH,D,20230327,000000,17.9,18.15,17.9,17.96,74377,0
STH,D,20230328,000000,18,18.29,17.922,18,210649,0
STH,D,20230329,000000,18.3,18.6,17.994,18.48,128371,0
STH,D,20230330,000000,18.58,18.58,18.34,18.4,53889,0
STH,D,20230331,000000,18.5,18.5,18.202,18.29,48441,0
STH,D,20230403,000000,18.294,18.498,18.202,18.48,109633,0
STH,D,20230404,000000,18.5,19.696,18.296,19.4,203257,0
STH,D,20230405,000000,19.28,19.28,18.77,18.9,104716,0
STH,D,20230406,000000,18.9,19.098,18.5,19,107415,0
STH,D,20230411,000000,19.06,19.48,18.794,19.3,118006,0
STH,D,20230412,000000,19.4,19.88,18.64,19.88,237054,0
STH,D,20230413,000000,19.84,19.9,19.5,19.82,64986,0
STH,D,20230414,000000,19.8,19.998,19.6,19.998,185325,0
STH,D,20230417,000000,19.998,21.15,19.8,20.3,165039,0
STH,D,20230418,000000,20.115,20.41,20.1,20.275,142230,0
STH,D,20230419,000000,20.275,20.435,19.872,20.3,175896,0
STH,D,20230420,000000,20.1,20.4,20,20.1,85066,0
STH,D,20230421,000000,20.2,20.2,19.78,19.88,45318,0
STH,D,20230424,000000,19.88,19.96,19.2,19.36,106622,0
STH,D,20230425,000000,19.38,19.82,19.28,19.8,74049,0
STH,D,20230426,000000,19.62,19.98,19.5,19.7,108145,0
STH,D,20230427,000000,19.7,20.5,19.62,20.4,118647,0
STH,D,20230428,000000,20.5,20.5,20.05,20.3,28764,0
STH,D,20230502,000000,20.6,20.7,20.2,20.45,19890,0
STH,D,20230504,000000,20.5,20.5,19.64,19.8,119932,0
STH,D,20230505,000000,20.4,20.4,19.5,19.7,203479,0
STH,D,20230508,000000,19.9,20.15,19.62,19.72,130639,0
STH,D,20230509,000000,19.8,19.8,19.66,19.7,71511,0
STH,D,20230510,000000,19.66,19.74,19.54,19.72,88697,0
STH,D,20230511,000000,19.8,19.8,19.5,19.7,87860,0
STH,D,20230512,000000,19.7,20,19.58,20,54643,0
STH,D,20230515,000000,20.1,20.2,19.58,20.1,26434,0
STH,D,20230516,000000,19.72,20.3,19.72,20.3,12793,0
STH,D,20230517,000000,20,20.8,19.9,20.7,114984,0
STH,D,20230518,000000,20.8,20.8,19.3,19.48,226679,0
STH,D,20230519,000000,19.48,20.1,19.46,19.98,151588,0
STH,D,20230522,000000,19.98,20.15,19.58,20,111169,0
STH,D,20230523,000000,20,20.05,19.56,19.8,74637,0
STH,D,20230524,000000,19.8,19.8,19.4,19.7,71570,0
STH,D,20230525,000000,19.8,19.8,19.4,19.58,95517,0
STH,D,20230526,000000,19.68,20.1,19.62,20,88551,0
STH,D,20230529,000000,20.1,20.2,19.92,19.92,18323,0
STH,D,20230530,000000,20.15,20.3,19.9,20.2,51937,0
STH,D,20230531,000000,20.2,20.2,19.6,19.68,135868,0
STH,D,20230601,000000,19.5,20.9,19.48,20.4,234229,0
STH,D,20230602,000000,20.3,21,20.15,20.15,378275,0
STH,D,20230605,000000,20.2,21,19.76,20.2,309583,0
STH,D,20230606,000000,20.3,20.3,20.05,20.2,254896,0
STH,D,20230607,000000,20.2,20.2,19.8,19.9,151114,0
STH,D,20230609,000000,20.25,20.35,19.9,20.3,179060,0
STH,D,20230612,000000,20.3,20.95,20.2,20.75,278115,0
STH,D,20230613,000000,20.7,21.65,20.25,21.5,470622,0
STH,D,20230614,000000,24.15,24.55,23.85,24,5816612,0
STH,D,20230615,000000,24,24.2,23.9,24.2,2601319,0
STH,D,20230616,000000,24.05,24.2,24,24.15,324484,0
STH,D,20230619,000000,24.05,24.15,24,24,1473399,0
STH,D,20230620,000000,24,24.05,24,24.05,56843,0
STH,D,20230621,000000,24,24.1,24,24.05,571831,0
STH,D,20230622,000000,24.05,24.15,24.05,24.1,271660,0
STH,D,20230623,000000,24.15,24.15,24.05,24.1,317846,0
STH,D,20230626,000000,24.05,24.15,24.05,24.15,185663,0
STH,D,20230627,000000,24.1,24.15,24.05,24.1,334163,0
STH,D,20230628,000000,24.15,24.2,24.1,24.2,192174,0
STH,D,20230629,000000,24.2,24.55,24.2,24.5,207210,0
STH,D,20230630,000000,24.25,24.35,24.2,24.25,10250,0
STH,D,20230703,000000,24.2,24.3,24.15,24.3,225191,0
STH,D,20230704,000000,24.3,24.4,24.2,24.4,24831,0
STH,D,20230705,000000,24.3,24.4,24.25,24.3,226134,0
STH,D,20230706,000000,24.3,24.3,24.2,24.3,50472,0
STH,D,20230707,000000,24.3,24.5,24.3,24.45,319951,0
STH,D,20230710,000000,24.4,24.45,24.35,24.4,76263,0
STH,D,20230711,000000,24.4,24.4,24.35,24.4,12607,0
STH,D,20230712,000000,24.4,24.5,24.35,24.45,129695,0
STH,D,20230713,000000,24.45,24.8,24.45,24.55,1013819,0
STH,D,20230714,000000,24.55,24.6,24.55,24.6,27361,0
STH,D,20230717,000000,24.6,24.6,24.5,24.6,1176100,0
STH,D,20230718,000000,24.6,24.6,24.55,24.6,8992,0
STH,D,20230719,000000,24.55,24.6,24.5,24.55,179918,0
STH,D,20230720,000000,24.55,24.6,24.55,24.6,166072,0
STH,D,20230721,000000,24.55,24.6,24.5,24.6,744850,0
STH,D,20230724,000000,24.55,24.8,24.5,24.6,472116,0
STH,D,20230725,000000,24.55,24.6,24.55,24.6,580040,0
STH,D,20230726,000000,24.65,24.65,24.55,24.6,36435,0
STH,D,20230727,000000,24.55,24.6,24.55,24.55,36983,0
STH,D,20230728,000000,24.65,24.65,24.55,24.6,19694,0
STH,D,20230731,000000,24.55,24.65,24.55,24.55,42288,0
STH,D,20230801,000000,24.6,24.65,24.55,24.65,126451,0
STH,D,20230802,000000,24.6,24.65,24.55,24.6,60032,0
STH,D,20230803,000000,24.55,24.65,24.55,24.65,221200,0
STH,D,20230804,000000,24.65,24.7,24.6,24.65,41090,0
STH,D,20230807,000000,24.6,24.7,24.6,24.6,101598,0
STH,D,20230808,000000,24.6,24.75,24.55,24.75,371255,0
STH,D,20230809,000000,24.7,24.7,24.6,24.65,13483,0
STH,D,20230810,000000,24.65,24.75,24.6,24.75,22146,0
STH,D,20230811,000000,24.7,24.8,24.6,24.65,85757,0
STH,D,20230814,000000,24.5,24.7,24.45,24.6,5063,0
STH,D,20230816,000000,24.3,24.55,23.4,23.85,54978,0
STH,D,20230817,000000,23.4,24.7,23.4,24.7,26570,0
STH,D,20230818,000000,24.75,24.75,24.3,24.7,10587,0
STH,D,20230821,000000,24.45,24.7,24.3,24.4,5297,0
STH,D,20230822,000000,24.45,24.65,24.45,24.55,22361,0
STH,D,20230823,000000,24.6,24.6,24.15,24.45,237147,0
STH,D,20230824,000000,24.45,24.5,24.4,24.5,3791,0
STH,D,20230825,000000,24.55,24.65,24.45,24.65,13712,0
STH,D,20230828,000000,24.65,24.7,24.6,24.6,8712,0
STH,D,20230829,000000,24.65,24.65,24.55,24.6,39131,0
STH,D,20230830,000000,24.6,24.65,24.55,24.6,55516,0
STH,D,20230831,000000,24.55,24.7,24.55,24.55,11428,0
STH,D,20230901,000000,24.5,24.7,24.5,24.55,61181,0
STH,D,20230904,000000,24.5,24.7,24.5,24.7,8211,0
STH,D,20230905,000000,24.7,24.7,24.6,24.65,1708,0
STH,D,20230906,000000,24.7,24.7,24.55,24.65,9932,0
STH,D,20230907,000000,24.65,24.65,24.55,24.65,8348,0
STH,D,20230908,000000,24.7,24.7,24.55,24.7,7307,0
STH,D,20230911,000000,24.6,24.75,24.55,24.75,14752,0
STH,D,20230912,000000,24.6,24.7,24.6,24.7,13772,0
STH,D,20230913,000000,24.75,24.75,24.6,24.6,4809,0
STH,D,20230914,000000,24.65,24.7,24.6,24.7,11015,0
STH,D,20230915,000000,24.75,24.75,24.65,24.7,3174,0
STH,D,20230918,000000,24.7,24.7,24.65,24.7,2036,0
STH,D,20230919,000000,24.7,24.7,24.65,24.7,1769,0
STH,D,20230920,000000,24.7,24.7,24.6,24.7,843,0
STH,D,20230921,000000,24.75,24.75,24.65,24.7,1570,0
STH,D,20230922,000000,24.65,24.7,24.65,24.7,560,0
STH,D,20230925,000000,24.6,24.7,24.55,24.7,11110,0
STH,D,20230926,000000,24.75,24.75,24.6,24.7,2574,0
STH,D,20230927,000000,24.7,24.7,24.6,24.6,6202,0
STH,D,20230928,000000,24.65,24.7,24.6,24.65,2824,0
STH,D,20230929,000000,24.65,24.7,24.65,24.65,1395,0
STH,D,20231002,000000,24.65,24.7,24.65,24.7,631,0
STH,D,20231003,000000,24.7,24.7,24.65,24.7,947,0
STH,D,20231004,000000,24.65,24.7,24.55,24.6,3271,0
