<TICKER>,<PER>,<DATE>,<TIME>,<OPEN>,<HIGH>,<LOW>,<CLOSE>,<VOL>,<OPENINT>
THG,D,20210420,000000,59.22,59.22,46.6522,47,20718.08510572,0
THG,D,20210421,000000,47,47.4606,45.59,46.6804,5812.7659572608,0
THG,D,20210422,000000,46.6569,47.7426,46.06,47.7426,4934.0425530336,0
THG,D,20210423,000000,49.7072,52.9972,48.128,49.8106,5865.9574466208,0
THG,D,20210426,000000,49.8106,55.648,49.8106,55.554,5706.3829785408,0
THG,D,20210427,000000,56.4,65.8,56.4,59.596,4625.5319147456,0
THG,D,20210428,000000,62.3972,62.3972,59.455,61.5512,1754.2553190928,0
THG,D,20210429,000000,61.5512,61.5512,58.75,60.1412,1356.38297868,0
THG,D,20210430,000000,60.1506,60.1506,58.75,59.69,686.170212744,0
THG,D,20210504,000000,60.16,62.98,60.16,62.51,1503.1914893136,0
THG,D,20210505,000000,61.5888,61.5888,59.784,61.4572,125.5319148896,0
THG,D,20210506,000000,61.4572,62.04,58.75,58.75,1052.1276595408,0
THG,D,20210507,000000,57.34,57.34,56.87,57.34,838.2978723136,0
THG,D,20210510,000000,59.22,60.63,58.28,60.536,1491.4893616544,0
THG,D,20210511,000000,62.98,64.86,58.75,61.1,3239.361702024,0
THG,D,20210512,000000,62.792,63.92,60.6488,62.04,2042.553191424,0
THG,D,20210513,000000,62.792,70.5,62.04,67.68,4378.7234041152,0
THG,D,20210514,000000,69.701,69.701,65.612,67.492,1049.9999999664,0
THG,D,20210517,000000,69.56,69.842,65.518,66.27,707.446808488,0
THG,D,20210518,000000,66.646,66.74,64.86,65.33,862.7659574192,0
THG,D,20210519,000000,65.33,65.6872,63.92,65.6872,360.6382978608,0
THG,D,20210520,000000,65.6872,65.6872,65.6872,65.6872,49.9999999984,0
THG,D,20210521,000000,65.6872,65.6872,63.074,65.0292,41.4893617008,0
THG,D,20210524,000000,65.0198,66.27,64.86,66.035,949.9999999696,0
THG,D,20210525,000000,65.565,65.565,63.92,65.189,423.4042553056,0
THG,D,20210526,000000,64.014,64.014,62.228,63.92,160.6382978672,0
THG,D,20210527,000000,63.826,63.826,62.228,62.228,111.702127656,0
THG,D,20210528,000000,62.2092,62.2092,56.588,61.57,489.361702112,0
THG,D,20210531,000000,61.1,61.5794,59.69,61.5512,505.31914892,0
THG,D,20210601,000000,61.5512,63.92,61.5418,62.51,527.6595744512,0
THG,D,20210602,000000,62.416,62.416,61.1,61.1,71.2765957424,0
THG,D,20210604,000000,60.818,65.8,60.818,65.8,1493.6170212288,0
THG,D,20210607,000000,64.8506,64.8506,61.711,64.625,581.9148935984,0
THG,D,20210608,000000,63.92,63.92,62.275,62.275,85.106382976,0
THG,D,20210609,000000,61.194,62.416,59.502,60.066,597.8723404064,0
THG,D,20210610,000000,61.664,61.664,59.22,59.22,234.042553184,0
THG,D,20210611,000000,60.8932,60.8932,59.2388,59.408,271.276595736,0
THG,D,20210614,000000,59.408,60.865,59.22,60.1412,526.595744664,0
THG,D,20210615,000000,60.489,60.536,58.28,59.22,499.999999984,0
THG,D,20210616,000000,59.22,59.22,56.4,56.4,376.5957446688,0
THG,D,20210617,000000,56.4,56.87,56.4,56.87,192.5531914832,0
THG,D,20210618,000000,57.34,58.28,55.507,57.81,121.2765957408,0
THG,D,20210621,000000,55.507,56.4,55.507,56.4,70.2127659552,0
THG,D,20210622,000000,56.4,59.596,56.4,59.596,149.9999999952,0
THG,D,20210623,000000,59.502,59.502,56.776,58.656,15.957446808,0
THG,D,20210624,000000,58.656,58.656,56.87,58.421,56.3829787216,0
THG,D,20210625,000000,58.421,58.75,56.7948,58.6748,612.7659574272,0
THG,D,20210628,000000,59.408,59.408,59.126,59.126,42.553191488,0
THG,D,20210629,000000,59.126,59.22,59.126,59.22,487.2340425376,0
THG,D,20210630,000000,59.22,59.22,59.22,59.22,1.0638297872,0
THG,D,20210701,000000,58.985,61.946,58.985,60.63,1590.425531864,0
THG,D,20210702,000000,59.3704,60.912,59.22,59.69,384.0425531792,0
THG,D,20210705,000000,59.69,60.63,58.28,60.16,52.1276595728,0
THG,D,20210706,000000,59.69,60.536,59.69,60.536,106.38297872,0
THG,D,20210707,000000,61.57,61.57,59.22,59.2576,521.276595728,0
THG,D,20210708,000000,59.69,60.066,57.34,59.69,226.5957446736,0
THG,D,20210709,000000,59.69,59.69,56.87,59.126,129.7872340384,0
THG,D,20210712,000000,59.1166,59.1166,56.5034,58.75,22.3404255312,0
THG,D,20210713,000000,56.635,59.22,56.635,58.75,570.2127659392,0
THG,D,20210714,000000,59.126,59.126,57.152,58.28,636.1702127456,0
THG,D,20210715,000000,58.28,59.22,58.28,59.22,246.8085106304,0
THG,D,20210716,000000,59.22,59.22,59.126,59.126,388.297872328,0
THG,D,20210719,000000,60.9026,60.9026,57.904,59.126,265.9574468,0
THG,D,20210720,000000,59.0696,59.0696,58.938,58.938,244.680851056,0
THG,D,20210721,000000,59.1166,59.22,59.032,59.032,447.8723404112,0
THG,D,20210722,000000,59.032,59.032,59.032,59.032,185.1063829728,0
THG,D,20210723,000000,59.032,59.032,52.6494,56.8606,512.7659574304,0
THG,D,20210726,000000,56.3906,56.4,53.58,55.366,1178.7234042176,0
THG,D,20210727,000000,54.99,54.99,53.58,54.238,475.5319148784,0
THG,D,20210728,000000,54.5106,54.52,51.7,53.9372,548.9361701952,0
THG,D,20210729,000000,53.58,54.52,53.58,53.862,122.340425528,0
THG,D,20210730,000000,54.332,54.379,52.922,54.379,68.0851063808,0
THG,D,20210802,000000,52.17,53.11,49.82,53.11,196.808510632,0
THG,D,20210803,000000,53.016,54.379,53.016,54.379,731.9148935936,0
THG,D,20210804,000000,54.52,56.682,53.204,56.588,1632.978723352,0
THG,D,20210805,000000,56.588,57.622,55.93,57.528,591.4893616832,0
THG,D,20210806,000000,57.622,60.63,56.4,60.442,596.8085106192,0
THG,D,20210809,000000,60.16,60.4326,58.28,60.16,1012.7659574144,0
THG,D,20210810,000000,60.1506,60.1506,59.22,59.22,402.1276595616,0
THG,D,20210811,000000,59.22,62.9706,59.22,61.57,1624.4680850544,0
THG,D,20210812,000000,62.04,62.04,56.4,56.87,1907.4468084496,0
THG,D,20210813,000000,56.4,57.622,53.956,55.93,1220.2127659184,0
THG,D,20210816,000000,53.768,55.93,53.58,54.52,728.723404232,0
THG,D,20210817,000000,55.836,55.836,54.426,54.99,539.3617021104,0
THG,D,20210818,000000,54.52,54.99,54.52,54.99,149.9999999952,0
THG,D,20210819,000000,53.204,55.554,53.204,54.52,519.1489361536,0
THG,D,20210820,000000,55.366,55.46,55.366,55.46,111.702127656,0
THG,D,20210823,000000,54.614,57.34,53.58,57.34,573.4042553008,0
THG,D,20210824,000000,57.34,57.34,53.58,55.46,952.127659544,0
THG,D,20210825,000000,57.152,57.34,57.152,57.34,537.234042536,0
THG,D,20210826,000000,57.34,57.34,57.3212,57.3212,225.5319148864,0
THG,D,20210827,000000,57.34,57.34,57.2366,57.246,289.3617021184,0
THG,D,20210830,000000,57.34,57.34,57.246,57.3212,308.510638288,0
THG,D,20210831,000000,57.3212,57.34,57.246,57.246,434.0425531776,0
THG,D,20210901,000000,56.494,58.28,56.494,57.434,479.7872340272,0
THG,D,20210902,000000,57.434,59.22,57.434,59.22,671.2765957232,0
THG,D,20210903,000000,59.22,59.22,59.22,59.22,10.638297872,0
THG,D,20210906,000000,59.22,59.22,54.614,56.4,524.4680850896,0
THG,D,20210907,000000,56.4,58.28,51.794,58.28,529.7872340256,0
THG,D,20210908,000000,58.75,58.75,55.93,55.93,7.4468085104,0
THG,D,20210909,000000,56.4,58.28,53.674,53.674,441.489361688,0
THG,D,20210910,000000,53.58,54.52,51.8128,54.52,303.191489352,0
THG,D,20210913,000000,53.862,56.212,53.862,56.212,184.0425531856,0
THG,D,20210914,000000,56.212,56.212,53.862,53.862,184.0425531856,0
THG,D,20210915,000000,53.768,55.883,53.768,55.836,880.8510638016,0
THG,D,20210916,000000,57.81,60.16,54.144,58.6654,1842.5531914304,0
THG,D,20210917,000000,58.6654,58.938,52.264,55.46,991.4893616704,0
THG,D,20210920,000000,55.4506,55.4506,52.64,54.52,954.2553191184,0
THG,D,20210921,000000,54.426,54.52,53.58,54.144,330.8510638192,0
THG,D,20210922,000000,54.144,54.144,52.264,52.64,425.53191488,0
THG,D,20210923,000000,52.64,52.64,51.7,51.7,460.6382978576,0
THG,D,20210924,000000,52.4614,53.298,51.794,53.298,293.6170212672,0
THG,D,20210927,000000,53.2886,57.34,53.251,55.93,563.829787216,0
THG,D,20210928,000000,56.2496,56.2496,54.708,54.99,167.0212765904,0
THG,D,20210929,000000,54.52,54.52,54.52,54.52,159.57446808,0
THG,D,20210930,000000,54.52,54.52,54.05,54.05,63.829787232,0
THG,D,20211001,000000,53.392,53.392,48.8894,51.7,985.1063829472,0
THG,D,20211004,000000,50.76,50.76,49.82,50.7506,123.4042553152,0
THG,D,20211005,000000,50.6566,50.6566,49.914,49.914,369.1489361584,0
THG,D,20211006,000000,49.82,50.2712,49.82,49.82,151.0638297824,0
THG,D,20211007,000000,49.82,50.3464,48.786,50.102,126.5957446768,0
THG,D,20211008,000000,50.29,50.29,50.102,50.102,768.0851063584,0
THG,D,20211011,000000,50.29,50.29,48.88,48.88,484.042553176,0
THG,D,20211012,000000,48.927,48.927,48.41,48.41,197.8723404192,0
THG,D,20211013,000000,48.41,48.88,48.41,48.88,323.4042553088,0
THG,D,20211014,000000,49.5192,50.29,49.5192,50.29,121.2765957408,0
THG,D,20211015,000000,49.82,49.82,48.88,48.88,165.9574468032,0
THG,D,20211018,000000,48.974,49.444,48.974,49.444,44.6808510624,0
THG,D,20211019,000000,49.538,51.9726,49.538,51.9726,134.0425531872,0
THG,D,20211020,000000,51.9726,51.9726,51.9444,51.9444,39.3617021264,0
THG,D,20211021,000000,51.9726,51.9726,51.9256,51.9256,2.1276595744,0
THG,D,20211022,000000,51.888,53.204,51.888,53.204,247.8723404176,0
THG,D,20211025,000000,50.854,54.05,50.854,54.05,113.8297872304,0
THG,D,20211026,000000,53.956,53.956,53.956,53.956,5.319148936,0
THG,D,20211027,000000,53.58,53.58,53.4766,53.4766,9.5744680848,0
THG,D,20211028,000000,52.6588,52.6588,51.982,51.982,46.8085106368,0
THG,D,20211029,000000,51.136,52.546,50.854,50.854,262.7659574384,0
THG,D,20211102,000000,51.653,51.7,50.76,50.76,340.425531904,0
THG,D,20211103,000000,50.76,51.324,50.76,51.324,54.2553191472,0
THG,D,20211104,000000,50.7224,50.7224,49.82,50.4686,257.4468085024,0
THG,D,20211105,000000,49.021,49.82,48.974,49.82,428.7234042416,0
THG,D,20211108,000000,50.5532,50.5532,50.525,50.525,43.6170212752,0
THG,D,20211109,000000,50.525,50.525,49.632,49.632,371.2765957328,0
THG,D,20211110,000000,49.82,51.7,49.632,51.653,1188.2978723024,0
THG,D,20211112,000000,51.1736,51.1736,49.585,50.9386,158.5106382928,0
THG,D,20211115,000000,49.162,50.7412,41.36,49.726,412.7659574336,0
THG,D,20211116,000000,49.726,49.726,48.8612,48.8612,540.4255318976,0
THG,D,20211117,000000,48.692,48.692,47,47.752,1236.1702127264,0
THG,D,20211118,000000,47,47,45.872,45.966,1539.3617020784,0
THG,D,20211119,000000,45.308,45.59,42.77,43.24,1486.1702127184,0
THG,D,20211122,000000,43.804,45.966,43.804,45.966,121.2765957408,0
THG,D,20211123,000000,46.06,46.06,45.12,45.59,149.9999999952,0
THG,D,20211124,000000,45.872,45.872,45.12,45.825,139.3617021232,0
THG,D,20211125,000000,46.013,47.282,44.932,47.282,179.7872340368,0
THG,D,20211126,000000,47.376,49.35,46.06,47,81.9148936144,0
THG,D,20211129,000000,47.94,47.94,46.906,46.906,28.7234042544,0
THG,D,20211130,000000,46.812,46.906,46.765,46.765,79.78723404,0
THG,D,20211201,000000,47,48.41,44.18,47.9306,3314.8936169152,0
THG,D,20211202,000000,47.752,47.752,45.12,47.6486,43.6170212752,0
THG,D,20211203,000000,47.564,47.564,46.53,46.9906,128.7234042512,0
THG,D,20211206,000000,47.47,47.47,47.47,47.47,10.638297872,0
THG,D,20211207,000000,47.47,51.5872,47.4512,49.82,781.914893592,0
THG,D,20211208,000000,50.29,50.76,50.29,50.76,63.829787232,0
THG,D,20211209,000000,50.7506,50.7506,50.7318,50.7318,39.3617021264,0
THG,D,20211210,000000,50.7318,51.606,50.713,51.606,342.5531914784,0
THG,D,20211213,000000,51.606,51.606,50.76,51.5026,106.38297872,0
THG,D,20211214,000000,51.5026,51.606,51.5026,51.606,34.0425531904,0
THG,D,20211215,000000,51.606,51.606,46.06,49.82,345.74468084,0
THG,D,20211216,000000,47.94,50.29,47,49.35,368.0851063712,0
THG,D,20211217,000000,49.82,49.82,49.35,49.35,109.5744680816,0
THG,D,20211220,000000,48.88,50.29,48.034,50.29,180.851063824,0
THG,D,20211221,000000,49.82,49.82,48.41,48.41,69.148936168,0
THG,D,20211222,000000,48.41,50.196,48.41,50.196,341.4893616912,0
THG,D,20211223,000000,50.384,51.606,50.384,51.606,255.319148928,0
THG,D,20211227,000000,51.23,59.22,51.23,56.4,3165.9574467072,0
THG,D,20211228,000000,56.3906,62.98,56.3906,61.1,2351.063829712,0
THG,D,20211229,000000,60.536,65.8,60.16,65.706,5168.0851062176,0
THG,D,20211230,000000,63.92,63.92,58.468,58.562,1009.5744680528,0
THG,D,20220103,000000,58.562,58.562,56.4094,56.4094,311.7021276496,0
THG,D,20220104,000000,57.434,58.4586,51.794,54.4166,1048.9361701792,0
THG,D,20220105,000000,55.7326,55.7326,51.794,53.58,191.489361696,0
THG,D,20220107,000000,53.486,53.58,53.486,53.58,244.680851056,0
THG,D,20220110,000000,53.58,57.3306,50.76,50.7788,1086.1702127312,0
THG,D,20220111,000000,50.7788,53.0536,50.7788,51.7,311.7021276496,0
THG,D,20220112,000000,51.7,53.016,51.7,51.7,253.1914893536,0
THG,D,20220117,000000,51.747,57.34,51.7,56.588,29136.170211834,0
THG,D,20220118,000000,56.4,58.28,56.4,58.28,705.3191489136,0
THG,D,20220119,000000,59.22,60.16,57.34,60.16,1936.170212704,0
THG,D,20220120,000000,60.16,61.1,59.22,61.1,3926.5957445552,0
THG,D,20220121,000000,60.16,60.16,58.468,60.16,1409.57446804,0
THG,D,20220124,000000,61.1,61.1,57.34,60.066,1285.1063829376,0
THG,D,20220125,000000,60.066,62.98,59.6618,62.98,8463.8297869632,0
THG,D,20220126,000000,62.98,65.612,62.933,65.612,38667.021275358,0
THG,D,20220127,000000,65.612,65.612,57.34,64.86,7223.404255088,0
THG,D,20220128,000000,64.484,64.86,61.1,64.86,1118.0851063472,0
THG,D,20220131,000000,64.8506,64.86,62.0494,64.86,1352.1276595312,0
THG,D,20220201,000000,64.8412,64.8412,59.784,64.766,647.8723404048,0
THG,D,20220202,000000,64.766,64.766,58.2894,64.766,696.808510616,0
THG,D,20220203,000000,61.1,63.92,61.1,63.92,223.404255312,0
THG,D,20220207,000000,63.92,63.92,61.1,63.92,445.7446808368,0
THG,D,20220208,000000,63.92,63.92,61.1,63.92,219.1489361632,0
THG,D,20220209,000000,63.92,63.92,60.16,63.92,224.4680850992,0
THG,D,20220210,000000,63.732,63.92,60.16,63.92,278.7234042464,0
THG,D,20220211,000000,63.9106,63.92,60.254,63.92,161.7021276544,0
THG,D,20220214,000000,62.98,63.45,60.16,63.45,260.638297864,0
THG,D,20220215,000000,62.04,62.98,62.04,62.98,382.978723392,0
THG,D,20220216,000000,62.98,62.98,61.1,62.98,252.1276595664,0
THG,D,20220217,000000,62.886,62.98,62.886,62.98,430.851063816,0
THG,D,20220218,000000,60.63,62.98,60.63,62.98,70.2127659552,0
THG,D,20220221,000000,60.63,62.886,60.16,62.886,227.6595744608,0
THG,D,20220222,000000,59.314,62.886,59.22,61.946,404.255319136,0
THG,D,20220223,000000,62.04,62.98,61.1,62.98,2084.0425531248,0
THG,D,20220224,000000,51.7,62.98,51.7,62.04,324.468085096,0
THG,D,20220225,000000,59.22,62.98,59.22,62.98,561.7021276416,0
THG,D,20220228,000000,62.98,62.98,62.98,62.98,373.4042553072,0
THG,D,20220301,000000,61.1,61.1,59.22,59.22,72.3404255296,0
THG,D,20220302,000000,59.22,59.22,54.52,54.5294,120.2127659536,0
THG,D,20220303,000000,58.28,58.28,56.4,56.4,82.9787234016,0
THG,D,20220304,000000,56.4,56.4,56.4,56.4,8.5106382976,0
THG,D,20220307,000000,55.46,56.4,55.46,56.4,37.234042552,0
THG,D,20220308,000000,55.789,55.789,55.789,55.789,10.638297872,0
THG,D,20220309,000000,56.4,56.4,55.93,56.353,64.8936170192,0
THG,D,20220310,000000,56.4,56.4,56.4,56.4,1.0638297872,0
THG,D,20220311,000000,56.4,56.4,56.4,56.4,464.8936170064,0
THG,D,20220314,000000,55.5728,55.5728,55.5728,55.5728,10.638297872,0
THG,D,20220315,000000,56.4,56.964,56.212,56.212,110.6382978688,0
THG,D,20220316,000000,56.212,56.212,55.46,55.46,59.5744680832,0
THG,D,20220317,000000,55.46,55.46,55.46,55.46,5.319148936,0
THG,D,20220318,000000,56.118,56.87,56.118,56.87,37.234042552,0
THG,D,20220321,000000,56.4,56.4,55.178,55.178,179.7872340368,0
THG,D,20220322,000000,56.306,56.306,52.64,52.64,53.19148936,0
THG,D,20220323,000000,52.64,55.46,52.64,55.46,3.1914893616,0
THG,D,20220324,000000,53.58,53.58,53.204,53.204,11.7021276592,0
THG,D,20220325,000000,53.674,53.674,53.674,53.674,5.319148936,0
THG,D,20220328,000000,54.05,59.408,54.05,59.408,98.9361702096,0
THG,D,20220329,000000,57.34,58.28,57.34,58.28,63.829787232,0
THG,D,20220330,000000,59.408,61.1,59.408,61.1,121.2765957408,0
THG,D,20220331,000000,61.1,67.68,61.1,67.022,967.0212765648,0
THG,D,20220401,000000,67.022,67.022,62.04,62.04,714.8936169984,0
THG,D,20220404,000000,62.51,68.62,61.1,68.62,2728.723404168,0
THG,D,20220405,000000,68.62,68.62,65.8,65.8,54.2553191472,0
THG,D,20220406,000000,65.8,67.116,64.86,64.86,239.36170212,0
THG,D,20220407,000000,64.86,67.68,64.86,65.8,211.7021276528,0
THG,D,20220408,000000,67.21,68.6106,65.988,68.6106,292.55319148,0
THG,D,20220411,000000,68.6012,71.44,66.176,66.27,1120.2127659216,0
THG,D,20220414,000000,66.552,66.552,66.364,66.364,54.2553191472,0
THG,D,20220421,000000,66.74,66.74,66.74,66.74,1.0638297872,0
THG,D,20220422,000000,66.74,66.74,65.8,65.8,35.1063829776,0
THG,D,20220426,000000,65.8,65.8,65.612,65.8,22.3404255312,0
THG,D,20220427,000000,65.8,65.8,64.86,64.86,11.7021276592,0
THG,D,20220428,000000,63.92,63.92,62.04,62.04,85.106382976,0
THG,D,20220429,000000,62.04,62.04,59.22,59.22,1921.2765956832,0
THG,D,20220502,000000,61.1,61.1,59.22,59.22,648.936170192,0
THG,D,20220504,000000,58.656,58.656,57.152,57.152,2391.4893616256,0
THG,D,20220505,000000,55.46,62.98,55.46,62.98,1202.127659536,0
THG,D,20220506,000000,59.22,59.22,58.28,58.28,898.936170184,0
THG,D,20220509,000000,58.28,65.8,58.28,61.664,595.744680832,0
THG,D,20220510,000000,61.664,61.664,61.664,61.664,2.1276595744,0
THG,D,20220511,000000,61.852,61.852,61.852,61.852,1.0638297872,0
THG,D,20220512,000000,61.1,61.1,59.032,59.032,57.4468085088,0
THG,D,20220516,000000,59.784,59.784,59.784,59.784,10.638297872,0
THG,D,20220517,000000,60.16,60.348,60.16,60.348,58.510638296,0
THG,D,20220518,000000,59.596,59.596,59.596,59.596,4.2553191488,0
THG,D,20220519,000000,59.22,59.22,59.22,59.22,6.3829787232,0
THG,D,20220520,000000,59.032,59.032,58.28,58.28,312.7659574368,0
THG,D,20220523,000000,57.152,58.656,57.152,58.656,65.9574468064,0
THG,D,20220524,000000,58.656,58.656,58.656,58.656,159.57446808,0
THG,D,20220525,000000,58.468,58.468,57.152,57.152,86.1702127632,0
THG,D,20220526,000000,57.152,57.34,57.152,57.34,11.7021276592,0
THG,D,20220527,000000,57.152,57.152,57.152,57.152,38.2978723392,0
THG,D,20220601,000000,58.28,58.28,58.28,58.28,2.1276595744,0
THG,D,20220602,000000,57.34,57.34,57.34,57.34,32.9787234032,0
THG,D,20220603,000000,57.34,57.34,56.588,56.588,11.7021276592,0
THG,D,20220606,000000,56.212,56.212,56.212,56.212,6.3829787232,0
THG,D,20220607,000000,55.836,55.836,55.272,55.272,47.872340424,0
THG,D,20220608,000000,55.272,55.272,55.272,55.272,1.0638297872,0
THG,D,20220609,000000,55.272,55.272,54.708,54.708,34.0425531904,0
THG,D,20220610,000000,54.52,54.52,52.076,52.076,282.9787233952,0
THG,D,20220613,000000,52.076,54.52,50.76,54.52,365.9574467968,0
THG,D,20220614,000000,54.52,54.52,54.52,54.52,1.0638297872,0
THG,D,20220615,000000,54.52,54.52,54.52,54.52,1.0638297872,0
THG,D,20220617,000000,51.7,51.7,50.76,50.76,122.340425528,0
THG,D,20220621,000000,50.76,50.76,50.76,50.76,1.0638297872,0
THG,D,20220622,000000,50.76,51.7,50.76,51.7,24.4680851056,0
THG,D,20220623,000000,50.76,50.76,47,47,112.7659574432,0
THG,D,20220624,000000,47,47,47,47,1.0638297872,0
THG,D,20220627,000000,47,47,47,47,1.0638297872,0
THG,D,20220628,000000,54.52,54.52,51.7,51.7,130.8510638256,0
THG,D,20220629,000000,53.58,56.212,53.58,56.212,80.8510638272,0
THG,D,20220630,000000,53.58,56.212,53.58,56.212,178.7234042496,0
THG,D,20220701,000000,56.024,56.024,53.016,53.016,49.9999999984,0
THG,D,20220704,000000,53.016,53.016,50.76,50.76,61.7021276576,0
THG,D,20220705,000000,50.76,50.76,47.752,47.752,282.9787233952,0
THG,D,20220706,000000,47.752,47.752,47.752,47.752,1.0638297872,0
THG,D,20220707,000000,47.564,47.564,44.462,44.462,80.8510638272,0
THG,D,20220708,000000,46.624,46.624,46.624,46.624,26.59574468,0
THG,D,20220711,000000,46.624,46.624,46.624,46.624,1.0638297872,0
THG,D,20220712,000000,46.624,47.752,44.65,47.752,181.9148936112,0
THG,D,20220713,000000,47.564,47.94,47.564,47.94,74.468085104,0
THG,D,20220714,000000,47.94,47.94,47.94,47.94,1.0638297872,0
THG,D,20220719,000000,47.752,47.752,42.3,44.18,532.9787233872,0
THG,D,20220721,000000,47,47.94,47,47.94,120.2127659536,0
THG,D,20220722,000000,47.94,47.94,47.94,47.94,1.0638297872,0
THG,D,20220725,000000,47.376,47.376,47.376,47.376,2.1276595744,0
THG,D,20220726,000000,47.376,47.376,47.376,47.376,1.0638297872,0
THG,D,20220727,000000,47.376,47.376,47.376,47.376,1.0638297872,0
THG,D,20220728,000000,47.376,47.376,47.376,47.376,1.0638297872,0
THG,D,20220729,000000,47.376,47.376,47.376,47.376,1.0638297872,0
THG,D,20220801,000000,47.376,47.376,47.376,47.376,5.319148936,0
THG,D,20220802,000000,46.812,46.812,46.812,46.812,21.276595744,0
THG,D,20220803,000000,46.812,46.812,46.812,46.812,31.914893616,0
THG,D,20220805,000000,45.872,47.188,45.872,47.188,153.1914893568,0
THG,D,20220808,000000,47.376,47.376,45.496,45.496,51.0638297856,0
THG,D,20220816,000000,45.496,45.496,42.3,43.71,456.3829787088,0
THG,D,20220817,000000,44.368,45.496,44.368,45.496,132.9787234,0
THG,D,20220818,000000,45.026,45.026,43.71,43.71,51.0638297856,0
THG,D,20220819,000000,44.368,45.684,44.368,45.684,134.0425531872,0
THG,D,20220822,000000,43.992,43.992,43.24,43.24,159.57446808,0
THG,D,20220824,000000,43.334,43.428,43.334,43.334,13.8297872336,0
THG,D,20220825,000000,43.334,43.334,38.54,40.608,1755.31914888,0
THG,D,20220826,000000,40.89,40.89,40.89,40.89,2.1276595744,0
THG,D,20220829,000000,40.89,40.89,40.89,40.89,1.0638297872,0
THG,D,20220830,000000,40.42,40.42,37.6,40.42,1175.531914856,0
THG,D,20220831,000000,38.446,38.446,37.13,37.224,231.9148936096,0
THG,D,20220901,000000,37.224,37.224,37.224,37.224,49.9999999984,0
THG,D,20220902,000000,37.224,37.224,35.72,37.224,459.5744680704,0
THG,D,20220906,000000,37.318,37.6,36.378,37.6,505.31914892,0
THG,D,20220907,000000,36.754,39.48,35.72,39.48,699.9999999776,0
THG,D,20220908,000000,38.54,41.36,38.54,41.36,106.38297872,0
THG,D,20220909,000000,39.48,39.48,39.48,39.48,32.9787234032,0
THG,D,20220912,000000,38.446,38.446,38.446,38.446,112.7659574432,0
THG,D,20220914,000000,39.198,39.668,39.198,39.668,168.0851063776,0
THG,D,20220915,000000,39.104,39.95,39.104,39.95,87.2340425504,0
THG,D,20220916,000000,39.668,41.83,39.01,41.83,477.6595744528,0
THG,D,20220919,000000,41.83,41.83,41.83,41.83,98.9361702096,0
THG,D,20220920,000000,41.36,41.36,40.232,40.232,11.7021276592,0
THG,D,20220921,000000,40.232,40.232,40.232,40.232,1.0638297872,0
THG,D,20220922,000000,40.044,40.044,40.044,40.044,1.0638297872,0
THG,D,20220923,000000,40.232,40.232,39.95,40.232,203.1914893552,0
THG,D,20220926,000000,40.232,40.232,40.232,40.232,7.4468085104,0
THG,D,20220927,000000,41.36,41.36,41.36,41.36,1.0638297872,0
THG,D,20220928,000000,40.044,40.044,37.6,37.6,164.893617016,0
THG,D,20220929,000000,37.036,37.036,33.84,35.72,373.4042553072,0
THG,D,20220930,000000,36.566,36.566,36.566,36.566,26.59574468,0
THG,D,20221004,000000,35.908,35.908,35.908,35.908,15.957446808,0
THG,D,20221005,000000,35.72,37.036,35.72,37.036,10.638297872,0
THG,D,20221006,000000,37.6,37.6,37.6,37.6,6.3829787232,0
THG,D,20221007,000000,37.506,37.506,30.08,34.78,512.7659574304,0
THG,D,20221010,000000,34.78,34.78,34.78,34.78,10.638297872,0
THG,D,20221011,000000,34.31,34.31,34.31,34.31,10.638297872,0
THG,D,20221012,000000,35.344,37.882,35.344,37.882,161.7021276544,0
THG,D,20221014,000000,37.882,40.232,35.908,35.908,538.2978723232,0
THG,D,20221017,000000,35.908,35.908,35.908,35.908,26.59574468,0
THG,D,20221018,000000,35.908,35.908,35.72,35.908,47.872340424,0
THG,D,20221019,000000,35.908,35.908,35.908,35.908,15.957446808,0
THG,D,20221020,000000,35.908,35.908,35.908,35.908,10.638297872,0
THG,D,20221021,000000,35.908,37.506,35.532,37.506,134.0425531872,0
THG,D,20221024,000000,37.506,37.506,37.506,37.506,5.319148936,0
THG,D,20221025,000000,36.566,36.566,36.566,36.566,2.1276595744,0
THG,D,20221026,000000,36.566,36.566,35.814,36.566,68.0851063808,0
THG,D,20221027,000000,36.566,36.66,36.472,36.66,129.7872340384,0
THG,D,20221028,000000,36.66,36.66,36.66,36.66,11.7021276592,0
THG,D,20221031,000000,36.66,36.66,36.66,36.66,10.638297872,0
THG,D,20221102,000000,36.66,36.66,36.66,36.66,21.276595744,0
THG,D,20221103,000000,36.66,37.6,36.096,36.096,234.042553184,0
THG,D,20221104,000000,35.72,35.814,35.438,35.438,546.8085106208,0
THG,D,20221107,000000,36.754,37.6,36.754,37.13,223.404255312,0
THG,D,20221108,000000,37.224,37.412,37.224,37.224,246.8085106304,0
THG,D,20221109,000000,37.6,41.36,37.506,41.36,203.1914893552,0
THG,D,20221110,000000,41.36,42.77,36.378,38.54,1929.7872339808,0
THG,D,20221114,000000,38.916,38.916,38.07,38.07,205.3191489296,0
THG,D,20221115,000000,38.07,38.164,37.694,38.164,157.4468085056,0
THG,D,20221116,000000,38.54,39.48,38.352,39.48,286.1702127568,0
THG,D,20221117,000000,39.856,39.856,38.54,38.54,322.3404255216,0
THG,D,20221118,000000,39.198,39.198,39.198,39.198,10.638297872,0
THG,D,20221121,000000,39.48,39.48,39.48,39.48,1.0638297872,0
THG,D,20221122,000000,39.292,39.292,39.292,39.292,10.638297872,0
THG,D,20221123,000000,38.164,39.01,37.6,37.6,271.276595736,0
THG,D,20221124,000000,38.164,38.728,37.788,38.54,319.14893616,0
THG,D,20221125,000000,38.728,39.762,38.728,39.762,212.76595744,0
THG,D,20221128,000000,39.762,39.95,39.668,39.95,172.3404255264,0
THG,D,20221129,000000,39.48,39.95,38.54,38.54,410.6382978592,0
THG,D,20221130,000000,36.002,38.07,32.43,33.84,2459.5744680064,0
THG,D,20221201,000000,34.592,37.976,34.592,37.976,980.8510637984,0
THG,D,20221202,000000,37.788,37.788,35.72,37.412,96.8085106352,0
THG,D,20221205,000000,35.532,38.728,35.532,38.728,356.382978712,0
THG,D,20221206,000000,38.728,38.728,38.728,38.728,1.0638297872,0
THG,D,20221207,000000,37.976,37.976,37.6,37.6,31.914893616,0
THG,D,20221208,000000,37.036,37.13,36.66,36.848,122.340425528,0
THG,D,20221209,000000,37.224,37.224,36.284,36.284,56.3829787216,0
THG,D,20221212,000000,35.72,36.096,33.464,35.532,399.9999999872,0
THG,D,20221213,000000,35.532,35.532,34.028,34.216,384.0425531792,0
THG,D,20221214,000000,35.156,35.72,35.156,35.72,42.553191488,0
THG,D,20221215,000000,35.72,36.66,35.626,36.66,296.8085106288,0
THG,D,20221216,000000,36.66,36.66,36.66,36.66,11.7021276592,0
THG,D,20221219,000000,36.66,36.66,35.532,35.532,11.7021276592,0
THG,D,20221220,000000,34.968,34.968,32.9,33.84,487.2340425376,0
THG,D,20221221,000000,34.686,34.78,33.84,34.78,135.1063829744,0
THG,D,20221222,000000,34.78,34.78,34.78,34.78,143.617021272,0
THG,D,20221223,000000,35.062,35.062,35.062,35.062,10.638297872,0
THG,D,20221227,000000,34.78,35.156,33.84,34.78,128.7234042512,0
THG,D,20221228,000000,34.78,34.78,34.78,34.78,339.3617021168,0
THG,D,20221229,000000,34.78,36.566,34.78,36.472,476.5957446656,0
THG,D,20221230,000000,34.968,34.968,34.78,34.78,345.74468084,0
THG,D,20230102,000000,34.78,35.532,34.78,34.78,962.765957416,0
THG,D,20230103,000000,34.874,36.096,34.78,36.096,106.38297872,0
THG,D,20230104,000000,35.72,35.72,34.404,34.498,191.489361696,0
THG,D,20230105,000000,34.498,35.156,34.498,35.156,371.2765957328,0
THG,D,20230109,000000,35.062,35.626,34.78,35.626,248.9361702048,0
THG,D,20230110,000000,35.156,35.156,34.78,34.78,53.19148936,0
THG,D,20230111,000000,34.78,41.078,34.78,38.258,595.744680832,0
THG,D,20230112,000000,39.48,39.48,38.54,39.198,358.5106382864,0
THG,D,20230113,000000,39.856,43.24,39.856,39.95,555.3191489184,0
THG,D,20230116,000000,39.95,41.736,39.48,39.48,236.1702127584,0
THG,D,20230117,000000,39.292,39.292,37.412,37.412,407.4468084976,0
THG,D,20230118,000000,38.352,42.112,38.352,42.018,1252.1276595344,0
THG,D,20230119,000000,42.018,42.018,40.044,40.608,359.5744680736,0
THG,D,20230120,000000,38.54,40.42,36.942,39.574,1440.4255318688,0
THG,D,20230123,000000,39.48,39.668,39.48,39.668,99.9999999968,0
THG,D,20230124,000000,39.48,39.48,39.48,39.48,1.0638297872,0
THG,D,20230125,000000,39.668,39.668,39.48,39.48,26.59574468,0
THG,D,20230126,000000,39.48,39.48,38.54,38.54,12.7659574464,0
THG,D,20230127,000000,39.386,39.856,39.386,39.856,106.38297872,0
THG,D,20230130,000000,38.54,38.54,38.54,38.54,56.3829787216,0
THG,D,20230131,000000,38.916,39.856,38.916,39.48,180.851063824,0
THG,D,20230201,000000,39.48,39.48,39.48,39.48,358.5106382864,0
THG,D,20230202,000000,39.574,40.796,39.574,40.044,222.3404255248,0
THG,D,20230203,000000,40.984,41.548,40.984,41.548,96.8085106352,0
THG,D,20230206,000000,41.548,43.804,39.668,40.608,1487.2340425056,0
THG,D,20230207,000000,40.42,41.36,38.728,38.728,520.2127659408,0
THG,D,20230208,000000,38.54,38.54,36.66,36.754,621.2765957248,0
THG,D,20230209,000000,36.754,37.6,36.754,37.6,84.0425531888,0
THG,D,20230210,000000,37.976,40.42,37.976,38.916,1803.191489304,0
THG,D,20230213,000000,38.352,38.352,38.164,38.164,3.1914893616,0
THG,D,20230214,000000,38.164,39.01,38.164,38.916,657.4468084896,0
THG,D,20230215,000000,38.916,38.916,38.258,38.258,163.8297872288,0
THG,D,20230216,000000,38.728,38.728,38.728,38.728,95.744680848,0
THG,D,20230220,000000,38.728,38.728,38.728,38.728,106.38297872,0
THG,D,20230221,000000,38.728,38.728,38.728,38.728,1.0638297872,0
THG,D,20230222,000000,38.258,38.258,38.258,38.258,7.4468085104,0
THG,D,20230223,000000,37.6,37.6,37.412,37.412,223.404255312,0
THG,D,20230224,000000,37.412,37.412,36.848,36.848,11.7021276592,0
THG,D,20230227,000000,36.942,37.6,36.942,37.6,122.340425528,0
THG,D,20230228,000000,37.788,37.788,37.788,37.788,420.212765944,0
THG,D,20230301,000000,37.788,38.164,37.506,37.694,622.340425512,0
THG,D,20230302,000000,37.694,37.694,37.694,37.694,2.1276595744,0
THG,D,20230303,000000,37.694,37.694,36.566,37.318,922.3404255024,0
THG,D,20230307,000000,37.6,38.352,37.6,37.976,901.0638297584,0
THG,D,20230308,000000,37.976,37.976,37.976,37.976,77.6595744656,0
THG,D,20230309,000000,37.976,37.976,37.976,37.976,548.9361701952,0
THG,D,20230310,000000,37.976,38.54,37.976,38.54,361.702127648,0
THG,D,20230313,000000,38.54,38.54,37.976,37.976,307.4468085008,0
THG,D,20230314,000000,39.01,39.01,38.258,38.54,218.085106376,0
THG,D,20230315,000000,38.446,38.446,37.036,37.6,1077.6595744336,0
THG,D,20230316,000000,37.6,37.6,37.6,37.6,9.5744680848,0
THG,D,20230317,000000,37.6,37.6,37.6,37.6,106.38297872,0
THG,D,20230320,000000,37.6,37.6,37.6,37.6,1.0638297872,0
THG,D,20230321,000000,37.6,37.6,37.6,37.6,5.319148936,0
THG,D,20230322,000000,37.6,37.6,36.284,36.378,298.9361702032,0
THG,D,20230323,000000,37.036,37.412,37.036,37.412,106.38297872,0
THG,D,20230324,000000,37.6,37.6,37.6,37.6,5.319148936,0
THG,D,20230327,000000,37.6,37.6,37.6,37.6,107.4468085072,0
THG,D,20230328,000000,37.6,37.6,37.6,37.6,1.0638297872,0
THG,D,20230329,000000,37.318,37.318,36.284,36.472,249.999999992,0
THG,D,20230330,000000,36.284,36.284,35.062,35.344,425.53191488,0
THG,D,20230331,000000,34.968,35.156,34.498,35.156,138.297872336,0
THG,D,20230403,000000,33.088,35.156,33.088,34.874,423.4042553056,0
THG,D,20230404,000000,34.874,34.874,34.874,34.874,1.0638297872,0
THG,D,20230405,000000,34.874,34.874,33.088,33.464,455.3191489216,0
THG,D,20230406,000000,34.31,34.31,33.088,33.088,376.5957446688,0
THG,D,20230411,000000,33.088,33.84,33.088,33.84,97.8723404224,0
THG,D,20230412,000000,33.84,33.84,33.84,33.84,5.319148936,0
THG,D,20230413,000000,33.84,33.84,33.088,33.088,95.744680848,0
THG,D,20230414,000000,33.088,33.558,32.994,33.558,364.8936170096,0
THG,D,20230417,000000,33.84,33.84,33.84,33.84,15.957446808,0
THG,D,20230418,000000,33.37,33.37,33.182,33.182,64.8936170192,0
THG,D,20230419,000000,33.182,33.182,32.9,33.088,602.1276595552,0
THG,D,20230420,000000,32.9,32.9,32.9,32.9,339.3617021168,0
THG,D,20230421,000000,32.9,32.9,31.96,31.96,68.0851063808,0
THG,D,20230424,000000,31.96,31.96,31.96,31.96,5.319148936,0
THG,D,20230425,000000,31.96,31.96,31.96,31.96,5.319148936,0
THG,D,20230426,000000,31.96,32.148,31.96,32.148,15.957446808,0
THG,D,20230427,000000,31.96,32.148,31.96,31.96,898.936170184,0
THG,D,20230502,000000,29.328,31.96,29.328,30.268,3957.446808384,0
THG,D,20230504,000000,30.456,30.644,30.08,30.08,642.5531914688,0
THG,D,20230505,000000,30.644,30.832,30.08,30.08,170.212765952,0
THG,D,20230508,000000,29.516,29.516,27.26,27.26,1260.638297832,0
THG,D,20230509,000000,26.508,28.764,24.628,25.004,2676.5957445952,0
THG,D,20230510,000000,25.38,28.388,25.38,27.072,1565.9574467584,0
THG,D,20230511,000000,26.884,26.884,26.32,26.508,244.680851056,0
THG,D,20230512,000000,26.508,26.508,25.004,25.004,525.5319148768,0
THG,D,20230515,000000,25.004,25.004,24.628,24.628,82.9787234016,0
THG,D,20230516,000000,22.184,23.5,22.184,22.748,2724.4680850192,0
THG,D,20230517,000000,22.56,22.56,20.492,21.244,3586.1702126512,0
THG,D,20230518,000000,21.244,21.62,21.244,21.62,319.14893616,0
THG,D,20230519,000000,21.808,23.876,21.808,23.876,1230.8510637904,0
THG,D,20230522,000000,23.312,23.312,22.748,23.124,222.3404255248,0
THG,D,20230523,000000,22.748,22.748,20.68,21.62,4296.8085105008,0
THG,D,20230524,000000,21.056,21.056,18.8,19.74,2978.72340416,0
THG,D,20230525,000000,14.288,17.202,14.194,16.356,11520.212765589,0
THG,D,20230526,000000,17.202,18.424,17.202,18.236,2697.8723403392,0
THG,D,20230529,000000,18.236,19.552,16.732,18.706,1656.3829786704,0
THG,D,20230530,000000,17.39,17.578,16.826,16.92,745.7446808272,0
THG,D,20230531,000000,16.826,16.826,15.228,15.604,4803.191489208,0
THG,D,20230601,000000,15.604,15.604,14.758,15.04,467.0212765808,0
THG,D,20230602,000000,14.758,15.51,14.476,15.416,1191.489361664,0
THG,D,20230605,000000,15.792,15.792,15.134,15.134,1174.4680850688,0
THG,D,20230606,000000,14.664,15.322,14.664,15.04,654.255319128,0
THG,D,20230607,000000,15.04,16.544,15.04,15.98,507.4468084944,0
THG,D,20230609,000000,15.98,16.544,15.98,15.98,44.6808510624,0
THG,D,20230612,000000,15.98,19.176,15.98,18.612,1874.4680850464,0
THG,D,20230613,000000,18.612,18.706,18.612,18.612,432.9787233904,0
THG,D,20230614,000000,18.048,18.424,16.92,18.424,601.063829768,0
THG,D,20230615,000000,18.236,18.236,17.672,17.86,222.3404255248,0
THG,D,20230616,000000,17.484,17.484,17.202,17.202,170.212765952,0
THG,D,20230619,000000,17.296,17.296,17.202,17.202,35.1063829776,0
THG,D,20230620,000000,18.048,18.048,17.108,17.108,140.4255319104,0
THG,D,20230621,000000,17.484,18.142,17.39,17.39,372.34042552,0
THG,D,20230622,000000,17.578,18.612,17.578,18.33,275.5319148848,0
THG,D,20230623,000000,17.484,17.954,17.014,17.766,445.7446808368,0
THG,D,20230626,000000,17.766,17.766,16.92,16.92,441.489361688,0
THG,D,20230627,000000,17.202,17.202,17.202,17.202,36.1702127648,0
THG,D,20230628,000000,17.014,17.672,16.92,16.92,403.1914893488,0
THG,D,20230629,000000,16.826,16.826,15.228,15.51,520.2127659408,0
THG,D,20230630,000000,15.698,17.202,15.698,17.202,845.744680824,0
THG,D,20230703,000000,16.638,16.638,16.544,16.544,57.4468085088,0
THG,D,20230704,000000,15.792,16.168,15.51,15.51,1458.5106382512,0
THG,D,20230705,000000,15.604,15.886,15.51,15.51,468.085106368,0
THG,D,20230706,000000,15.698,15.98,15.04,15.98,720.2127659344,0
THG,D,20230707,000000,15.604,16.168,15.604,16.168,248.9361702048,0
THG,D,20230710,000000,16.168,16.168,14.57,15.322,2331.9148935424,0
THG,D,20230711,000000,15.604,15.698,15.04,15.416,1197.8723403872,0
THG,D,20230712,000000,15.416,15.416,15.04,15.04,202.127659568,0
THG,D,20230713,000000,14.852,15.322,14.57,15.04,1887.2340424928,0
THG,D,20230714,000000,15.134,15.134,13.724,15.04,1217.0212765568,0
THG,D,20230717,000000,15.04,15.322,15.04,15.04,60.6382978704,0
THG,D,20230718,000000,15.04,15.04,14.288,14.288,219.1489361632,0
THG,D,20230719,000000,14.288,14.852,14.288,14.852,76.5957446784,0
THG,D,20230720,000000,14.57,14.758,14.006,14.758,729.7872340192,0
THG,D,20230724,000000,14.758,14.758,14.1,14.1,226.5957446736,0
THG,D,20230725,000000,14.664,14.664,13.066,13.442,5858.5106381104,0
THG,D,20230726,000000,13.442,13.442,12.972,12.972,132.9787234,0
THG,D,20230727,000000,12.972,13.16,12.314,12.878,2349.9999999248,0
THG,D,20230728,000000,12.972,12.972,12.314,12.596,622.340425512,0
THG,D,20230731,000000,12.408,13.254,12.032,13.254,1826.5957446224,0
THG,D,20230801,000000,13.348,15.134,13.348,15.134,2757.4468084224,0
THG,D,20230802,000000,15.04,15.04,13.818,14.006,1455.3191488896,0
THG,D,20230803,000000,13.912,13.912,13.16,13.912,1102.1276595392,0
THG,D,20230804,000000,13.818,14.1,13.818,14.1,1381.9148935728,0
THG,D,20230807,000000,14.194,14.288,14.1,14.1,327.6595744576,0
THG,D,20230808,000000,14.288,14.288,14.1,14.1,187.2340425472,0
THG,D,20230809,000000,14.382,14.382,14.1,14.1,480.8510638144,0
THG,D,20230810,000000,14.1,14.476,14.006,14.476,1127.659574432,0
THG,D,20230811,000000,14.476,14.476,14.476,14.476,1.0638297872,0
THG,D,20230814,000000,14.57,14.57,14.1,14.1,367.021276584,0
THG,D,20230816,000000,13.912,13.912,13.818,13.818,206.3829787168,0
THG,D,20230817,000000,14.1,14.1,14.1,14.1,5.319148936,0
THG,D,20230818,000000,14.1,14.1,13.16,13.16,79.78723404,0
THG,D,20230821,000000,13.348,13.348,13.348,13.348,10.638297872,0
THG,D,20230822,000000,13.348,13.818,13.348,13.348,55.3191489344,0
THG,D,20230823,000000,13.818,13.818,13.818,13.818,104.2553191456,0
THG,D,20230824,000000,13.818,13.818,13.818,13.818,7.4468085104,0
THG,D,20230825,000000,13.442,13.442,12.408,12.972,4334.0425530528,0
THG,D,20230828,000000,12.596,12.69,12.596,12.596,357.4468084992,0
THG,D,20230829,000000,12.22,13.16,12.22,13.066,1093.6170212416,0
THG,D,20230830,000000,13.066,13.348,13.066,13.348,26.59574468,0
THG,D,20230831,000000,13.348,13.348,13.348,13.348,5.319148936,0
THG,D,20230901,000000,13.16,13.442,13.16,13.442,39.3617021264,0
THG,D,20230904,000000,13.254,13.818,13.066,13.536,1318.0851063408,0
THG,D,20230905,000000,13.724,13.724,13.724,13.724,1.0638297872,0
THG,D,20230906,000000,13.254,13.724,13.254,13.724,5.319148936,0
THG,D,20230907,000000,13.724,13.724,13.724,13.724,1.0638297872,0
THG,D,20230908,000000,13.536,13.724,13.536,13.724,15.957446808,0
THG,D,20230911,000000,13.724,13.724,13.724,13.724,1.0638297872,0
THG,D,20230912,000000,13.818,13.818,13.818,13.818,159.57446808,0
THG,D,20230913,000000,13.348,13.912,13.348,13.912,4.2553191488,0
THG,D,20230914,000000,13.912,13.912,13.912,13.912,163.8297872288,0
THG,D,20230915,000000,13.912,14.006,13.63,13.63,557.4468084928,0
THG,D,20230918,000000,13.536,14.006,13.536,14.006,7.4468085104,0
THG,D,20230919,000000,14.006,14.006,14.006,14.006,21.276595744,0
THG,D,20230920,000000,13.63,13.63,13.63,13.63,21.276595744,0
THG,D,20230921,000000,13.16,13.16,13.16,13.16,263.8297872256,0
THG,D,20230925,000000,12.878,12.972,12.408,12.972,1117.02127656,0
THG,D,20230927,000000,12.972,12.972,12.22,12.22,585.10638296,0
THG,D,20230928,000000,12.596,12.69,12.032,12.032,1063.8297872,0
THG,D,20230929,000000,12.126,12.596,12.126,12.408,1804.2553190912,0
THG,D,20231002,000000,12.408,12.408,11.844,11.844,221.2765957376,0
THG,D,20231003,000000,12.126,12.126,10.998,11.374,990.4255318832,0
THG,D,20231004,000000,11.656,11.844,10.622,11.844,354.2553191376,0
THG,D,20231005,000000,11.844,11.844,11.844,11.844,53.19148936,0
THG,D,20231006,000000,11.468,12.596,10.716,12.502,1926.5957446192,0
THG,D,20231009,000000,12.502,12.502,11.28,11.28,648.936170192,0
THG,D,20231010,000000,11.374,11.374,11.374,11.374,1.0638297872,0
THG,D,20231011,000000,11.656,11.656,11.186,11.186,229.7872340352,0
THG,D,20231012,000000,11.186,11.468,11.092,11.468,515.957446792,0
THG,D,20231016,000000,11.468,11.844,11.468,11.844,174.4680851008,0
THG,D,20231017,000000,11.938,12.596,11.938,12.408,1310.6382978304,0
THG,D,20231018,000000,12.69,13.066,12.22,12.69,319.14893616,0
THG,D,20231020,000000,13.066,14.1,12.314,14.006,1301.0638297456,0
THG,D,20231023,000000,13.724,13.724,13.724,13.724,21.276595744,0
THG,D,20231024,000000,13.442,13.442,11.28,11.562,3131.9148935168,0
THG,D,20231025,000000,11.562,12.408,11.562,12.126,122.340425528,0
THG,D,20231026,000000,11.656,12.784,11.656,12.126,448.9361701984,0
THG,D,20231027,000000,12.596,12.69,12.596,12.69,78.7234042528,0
THG,D,20231030,000000,12.69,12.69,12.69,12.69,1.0638297872,0
THG,D,20231031,000000,12.126,12.126,11.656,12.126,854.2553191216,0
THG,D,20231102,000000,11.75,12.22,11.468,12.22,310.6382978624,0
THG,D,20231106,000000,11.656,12.032,11.656,12.032,213.8297872272,0
THG,D,20231107,000000,11.844,11.844,11.844,11.844,694.6808510416,0
THG,D,20231108,000000,12.032,12.032,11.374,11.374,89.3617021248,0
THG,D,20231109,000000,11.468,11.844,11.468,11.844,2.1276595744,0
THG,D,20231110,000000,11.75,11.844,11.656,11.656,175.531914888,0
THG,D,20231113,000000,11.656,11.656,11.468,11.468,43.6170212752,0
THG,D,20231114,000000,11.468,11.468,11.374,11.374,7.4468085104,0
THG,D,20231115,000000,11.092,11.28,11.092,11.28,55.3191489344,0
THG,D,20231116,000000,11.28,11.28,11.28,11.28,34.0425531904,0
THG,D,20231117,000000,11.28,11.374,11.28,11.28,389.3617021152,0
THG,D,20231120,000000,11.28,11.28,10.246,11.186,2831.9148935264,0
THG,D,20231121,000000,10.998,10.998,10.998,10.998,68.0851063808,0
THG,D,20231122,000000,10.81,10.81,10.434,10.716,162.7659574416,0
THG,D,20231123,000000,9.87,11.186,9.87,10.904,1256.3829786832,0
THG,D,20231124,000000,10.904,10.904,10.904,10.904,1.0638297872,0
THG,D,20231127,000000,10.998,10.998,9.87,10.34,926.5957446512,0
THG,D,20231128,000000,10.34,10.34,9.588,9.87,1486.1702127184,0
THG,D,20231130,000000,9.87,9.964,9.682,9.776,418.0851063696,0
THG,D,20231201,000000,9.776,9.776,9.4,9.494,3952.127659448,0
THG,D,20231204,000000,9.494,9.494,8.272,8.601,4180.851063696,0
THG,D,20231205,000000,8.601,8.601,8.554,8.601,559.5744680672,0
THG,D,20231206,000000,8.554,8.601,8.507,8.601,667.0212765744,0
THG,D,20231207,000000,8.507,8.601,8.46,8.601,575.5319148752,0
THG,D,20231208,000000,8.601,8.601,8.601,8.601,21.276595744,0
THG,D,20231211,000000,8.742,8.742,8.601,8.601,119.1489361664,0
THG,D,20231212,000000,8.601,8.601,8.601,8.601,7.4468085104,0
THG,D,20231213,000000,8.742,8.742,8.601,8.601,423.4042553056,0
THG,D,20231214,000000,8.554,8.554,8.507,8.554,53.19148936,0
THG,D,20231215,000000,8.507,8.507,8.319,8.46,2470.2127658784,0
THG,D,20231218,000000,8.695,8.695,8.366,8.366,1137.2340425168,0
THG,D,20231219,000000,8.46,8.507,8.46,8.46,488.2978723248,0
THG,D,20231220,000000,8.648,8.789,8.648,8.789,523.4042553024,0
THG,D,20231221,000000,8.789,8.789,7.99,8.131,827.6595744416,0
THG,D,20231222,000000,8.46,8.554,8.178,8.554,19.1489361696,0
THG,D,20231227,000000,8.178,8.601,7.943,8.178,1037.23404252,0
THG,D,20231228,000000,7.99,8.46,7.99,8.084,771.27659572,0
THG,D,20231229,000000,8.037,8.319,7.943,8.319,343.6170212656,0
THG,D,20240102,000000,8.319,8.836,8.178,8.319,598.9361701936,0
THG,D,20240103,000000,8.554,8.742,7.99,7.99,101.063829784,0
THG,D,20240104,000000,8.366,8.366,7.708,7.708,1385.1063829344,0
THG,D,20240105,000000,8.648,9.306,8.601,9.165,852.1276595472,0
THG,D,20240108,000000,9.165,9.259,9.024,9.024,592.5531914704,0
THG,D,20240109,000000,9.165,9.165,8.883,9.071,179.7872340368,0
THG,D,20240110,000000,9.118,9.4,9.118,9.4,1076.5957446464,0
THG,D,20240111,000000,9.4,9.494,9.4,9.494,73.4042553168,0
THG,D,20240112,000000,9.024,9.024,9.024,9.024,76.5957446784,0
THG,D,20240115,000000,9.024,9.494,9.024,9.494,1085.106382944,0
THG,D,20240116,000000,9.494,9.588,9.494,9.588,203.1914893552,0
THG,D,20240117,000000,9.588,9.588,9.4,9.494,181.9148936112,0
THG,D,20240118,000000,9.494,10.058,9.494,10.058,264.8936170128,0
THG,D,20240119,000000,10.716,11.092,9.776,9.87,356.382978712,0
THG,D,20240122,000000,10.34,10.34,10.34,10.34,799.9999999744,0
THG,D,20240124,000000,10.152,11.092,9.87,11.092,676.5957446592,0
THG,D,20240125,000000,11.186,14.1,11.186,14.1,5457.446808336,0
THG,D,20240126,000000,14.9,16.2,14.2,15.1,5620,0
THG,D,20240129,000000,15.8,15.8,13,13.7,1269,0
THG,D,20240130,000000,13.7,13.9,13.7,13.8,281,0
THG,D,20240131,000000,13.8,14.5,13.2,14.5,1188,0
THG,D,20240201,000000,14.5,14.5,14,14.4,75,0
THG,D,20240202,000000,14.5,14.5,13.8,14.3,212,0
THG,D,20240205,000000,14.3,14.3,13,13.8,85,0
THG,D,20240207,000000,13.3,13.3,11.7,12.1,2191,0
THG,D,20240208,000000,11.8,13,11.8,12,1039,0
THG,D,20240209,000000,12,12.5,11.3,12,322,0
THG,D,20240212,000000,12.3,13.3,12.2,12.4,474,0
THG,D,20240213,000000,11.9,12,11.6,11.6,607,0
THG,D,20240215,000000,12.2,13.4,12.2,13.4,1125,0
THG,D,20240216,000000,13.4,13.4,12.6,12.6,397,0
THG,D,20240220,000000,12.1,12.1,12,12,336,0
THG,D,20240221,000000,11.9,12.3,11.7,12.3,160,0
THG,D,20240223,000000,11.9,12,11.5,11.9,583,0
THG,D,20240226,000000,11.9,11.9,10.8,11.4,649,0
THG,D,20240227,000000,11.2,11.2,11,11,119,0
THG,D,20240228,000000,11.6,12.1,11.6,12,270,0
THG,D,20240301,000000,11.2,11.4,11.2,11.4,120,0
THG,D,20240304,000000,11,12,11,12,313,0
THG,D,20240305,000000,12,12,10.8,10.8,285,0
THG,D,20240306,000000,11.4,11.4,11,11,36,0
THG,D,20240307,000000,10.6,10.6,9.5,9.5,784,0
THG,D,20240308,000000,9.5,9.5,9.4,9.4,635,0
THG,D,20240311,000000,9.4,9.4,8.65,9.2,1050,0
THG,D,20240312,000000,8.9,9.2,8.9,9.2,23,0
THG,D,20240313,000000,9.25,9.25,9,9.2,1055,0
THG,D,20240314,000000,9.3,9.3,8.7,8.95,167,0
THG,D,20240315,000000,8.95,9.45,8.95,9.35,1120,0
