<TICKER>,<PER>,<DATE>,<TIME>,<OPEN>,<HIGH>,<LOW>,<CLOSE>,<VOL>,<OPENINT>
VRC,D,20210506,000000,53.04,56.7535,50.5938,51.478,21509.4656724618,0
VRC,D,20210507,000000,51.5762,53.0499,50.1026,51.6745,31134.826866858602,0
VRC,D,20210510,000000,52.9418,52.9516,51.478,51.6745,124314.34925847061,0
VRC,D,20210511,000000,52.9516,52.9516,50.5938,50.6037,924.2626866024001,0
VRC,D,20210512,000000,50.6037,51.085,50.5938,51.085,1309.0328358708,0
VRC,D,20210513,000000,52.0674,52.0674,51.085,51.085,289.0865671752,0
VRC,D,20210514,000000,50.5938,51.085,49.9062,50.1223,463.149253749,0
VRC,D,20210517,000000,50.1223,50.1812,50.0044,50.1714,659.6059701744,0
VRC,D,20210518,000000,49.9651,51.1931,49.8276,49.9258,1268.3164179588,0
VRC,D,20210519,000000,50.2991,51.085,50.2991,51.085,121.13134328820001,0
VRC,D,20210520,000000,50.1125,51.7727,50.1026,51.7727,525.2417910648,0
VRC,D,20210521,000000,51.7727,53.0499,51.5762,53.0499,339.9820895652,0
VRC,D,20210524,000000,53.0499,53.6393,51.085,53.0499,549.6716418120001,0
VRC,D,20210525,000000,50.2893,51.871,50.2893,50.7707,1206.223880643,0
VRC,D,20210526,000000,51.7727,51.7727,50.2205,51.0752,1247.9582090028,0
VRC,D,20210527,000000,51.0752,51.085,50.5938,50.5938,1579.7970149856,0
VRC,D,20210528,000000,51.0457,51.0752,50.2598,50.2598,401.05671643320005,0
VRC,D,20210531,000000,50.2598,50.9279,49.1202,50.9279,334.8925373262,0
VRC,D,20210601,000000,51.0752,51.0752,50.0044,51.0654,451.95223882320005,0
VRC,D,20210602,000000,51.0654,51.0654,51.0654,51.0654,12.2149253736,0
VRC,D,20210604,000000,50.7903,51.085,50.2991,51.085,544.5820895730001,0
VRC,D,20210607,000000,51.085,51.085,50.1125,50.6921,760.3791045066,0
VRC,D,20210608,000000,51.085,51.085,50.9868,50.9868,352.1970149388,0
VRC,D,20210609,000000,52.6569,52.6569,51.085,51.085,77.3611940328,0
VRC,D,20210610,000000,51.085,51.871,50.9868,51.085,2747.3402986122,0
VRC,D,20210611,000000,52.7551,52.7551,52.6569,52.6569,88.5582089586,0
VRC,D,20210614,000000,52.8043,52.8043,51.5762,52.0674,1126.8268657146,0
VRC,D,20210615,000000,52.8043,52.8043,52.0773,52.0773,380.6985074772,0
VRC,D,20210616,000000,52.0674,52.2639,51.5762,51.6254,354.2328358344,0
VRC,D,20210617,000000,52.8043,52.8043,51.5762,52.5587,386.80597016400003,0
VRC,D,20210618,000000,52.5587,52.5587,52.0674,52.0674,254.47761195,0
VRC,D,20210621,000000,51.085,51.2815,50.8886,50.8886,755.2895522676,0
VRC,D,20210622,000000,51.085,51.1047,51.085,51.085,122.149253736,0
VRC,D,20210623,000000,51.1833,52.5685,50.417,52.5685,1064.7343283988,0
VRC,D,20210624,000000,52.539,52.539,51.085,51.5762,11713.095522834601,0
VRC,D,20210625,000000,51.5762,52.0674,50.9868,51.9299,2030.7313433610002,0
VRC,D,20210628,000000,51.2913,51.3012,51.085,51.085,879.4746268992001,0
VRC,D,20210629,000000,50.9279,51.2815,50.1518,50.1518,4421.8029852432,0
VRC,D,20210630,000000,51.085,51.085,50.1518,50.7903,1228.6179104946,0
VRC,D,20210701,000000,50.25,51.7727,50.25,51.5762,1911.6358209684001,0
VRC,D,20210702,000000,51.085,51.9692,51.085,51.9692,2748.3582090600003,0
VRC,D,20210705,000000,51.9692,52.5095,51.2815,52.0674,2653.6925374146003,0
VRC,D,20210706,000000,52.0674,52.9516,52.0674,52.5587,4387.194030018,0
VRC,D,20210707,000000,52.9516,54.0224,52.5587,53.7179,16181.7223886766,0
VRC,D,20210708,000000,53.7375,53.7474,53.0499,53.2463,4494.074627037,0
VRC,D,20210709,000000,53.5411,53.6295,52.5587,53.1088,4880.8805972010005,0
VRC,D,20210712,000000,53.1088,53.8358,53.099,53.7375,2105.0388060504,0
VRC,D,20210713,000000,53.7277,54.5726,53.2562,53.266,35628.9014938956,0
VRC,D,20210714,000000,53.7375,53.8849,50.2402,53.0499,4719.032836000801,0
VRC,D,20210715,000000,53.5411,53.7867,52.873,53.5607,453.9880597188,0
VRC,D,20210716,000000,53.3937,53.3937,52.9123,53.2955,700.3223880864,0
VRC,D,20210719,000000,53.2463,53.2463,52.0183,52.0674,3959.6716419420004,0
VRC,D,20210720,000000,51.9692,52.8043,51.9692,52.0674,1185.865671687,0
VRC,D,20210721,000000,52.1657,52.7257,51.7727,52.7257,1821.0417911142001,0
VRC,D,20210722,000000,53.0007,53.0106,51.7727,52.5488,831.6328358526,0
VRC,D,20210723,000000,52.5488,52.9811,51.7727,52.0085,12321.805970619002,0
VRC,D,20210726,000000,52.4899,52.4899,51.7727,51.7727,414.28955225460004,0
VRC,D,20210727,000000,51.7826,51.871,51.5959,51.8218,1555.3671642384002,0
VRC,D,20210728,000000,52.0478,52.0478,51.6057,51.6057,687.0895522650001,0
VRC,D,20210729,000000,51.8611,52.2541,51.5959,51.7727,7806.355224178201,0
VRC,D,20210730,000000,52.0478,52.0674,51.5762,51.8218,9300.6477615486,0
VRC,D,20210802,000000,52.0576,52.1657,52.0576,52.1657,357.2865671778,0
VRC,D,20210803,000000,52.9516,53.099,52.5587,52.7551,5781.7313435040005,0
VRC,D,20210804,000000,53.0499,53.0499,52.7551,53.0499,2494.8985075578003,0
VRC,D,20210805,000000,52.1657,53.0499,52.1657,52.5587,2140.6656717234,0
VRC,D,20210806,000000,52.6372,52.6372,52.0576,52.6372,3205.4000001222003,0
VRC,D,20210809,000000,52.5587,54.4154,52.5587,54.0126,16102.325373748201,0
VRC,D,20210810,000000,54.0323,54.0323,52.8043,53.8358,4706.8179106272,0
VRC,D,20210811,000000,54.0126,54.0126,53.2463,53.5411,667.7492537568,0
VRC,D,20210812,000000,53.5411,53.5607,52.5587,52.5587,1774.2179105154,0
VRC,D,20210813,000000,53.04,53.4625,52.6078,53.0499,457.04179106220005,0
VRC,D,20210816,000000,53.4428,53.8947,53.0597,53.0793,1338.552238857,0
VRC,D,20210817,000000,53.5411,53.5411,52.5783,52.9025,1064.7343283988,0
VRC,D,20210818,000000,52.9516,52.9516,52.5587,52.6078,805.1671642098,0
VRC,D,20210819,000000,52.6569,52.8534,52.5587,52.8534,2475.5582090496,0
VRC,D,20210820,000000,52.8534,52.8534,52.6078,52.6667,507.93731345220004,0
VRC,D,20210823,000000,52.9025,54.2287,52.5587,53.8358,2473.522388154,0
VRC,D,20210824,000000,53.934,54.2189,53.3151,54.1109,342.0179104608,0
VRC,D,20210825,000000,54.0224,54.0323,53.3544,53.7375,3720.462686709,0
VRC,D,20210826,000000,53.5411,53.8358,53.3937,53.7867,4123.5552240378,0
VRC,D,20210827,000000,53.934,53.934,53.5312,53.5411,3937.2776120904005,0
VRC,D,20210830,000000,53.6884,53.6884,53.2463,53.4919,2014.4447761962,0
VRC,D,20210831,000000,53.0597,53.4919,53.0499,53.4919,1245.9223881072,0
VRC,D,20210901,000000,53.1383,53.4428,52.0674,53.0499,3097.5014926554004,0
VRC,D,20210902,000000,53.4428,53.4428,52.4702,53.04,950.7283582452001,0
VRC,D,20210903,000000,53.0499,53.4723,52.5587,53.2267,2583.4567165164003,0
VRC,D,20210906,000000,53.4919,53.4919,52.6176,52.9516,2517.2925374094,0
VRC,D,20210907,000000,52.6667,52.9516,52.4801,52.8534,6620.489552491201,0
VRC,D,20210908,000000,52.8534,52.9516,52.4899,52.8534,600.5671642020001,0
VRC,D,20210909,000000,53.0499,53.0499,52.5587,52.5587,2416.5194030772,0
VRC,D,20210910,000000,52.4899,52.8534,52.4899,52.7551,2866.4358210048003,0
VRC,D,20210913,000000,53.0499,53.0499,52.5194,52.5587,1175.686567209,0
VRC,D,20210914,000000,52.8534,52.8534,52.2738,52.2738,1691.7671642436,0
VRC,D,20210915,000000,52.2738,53.0499,52.2738,52.6569,995.5164179484001,0
VRC,D,20210916,000000,52.8534,53.0499,52.3622,52.9516,1040.3044776516,0
VRC,D,20210917,000000,53.04,53.5411,52.2639,53.0499,5493.6626867766,0
VRC,D,20210920,000000,53.433,53.433,52.0576,52.0576,8802.889552574401,0
VRC,D,20210921,000000,52.0576,52.5488,51.5762,51.6057,930.3701492892001,0
VRC,D,20210922,000000,51.6057,52.0773,51.5959,52.0674,2089.7701493334002,0
VRC,D,20210923,000000,52.0674,52.0674,51.5959,51.6745,1092.2179104894,0
VRC,D,20210924,000000,51.6155,51.9692,51.5959,51.9692,3382.5164180394004,0
VRC,D,20210927,000000,51.979,53.934,51.5762,53.6884,5509.9492539414005,0
VRC,D,20210928,000000,53.7081,53.7081,51.812,52.0871,139.4537313486,0
VRC,D,20210929,000000,51.9299,53.4821,51.5959,53.4821,6109.4985076956,0
VRC,D,20210930,000000,52.0773,53.5902,52.0773,53.5902,7972.2746271696005,0
VRC,D,20211001,000000,52.7846,53.4428,52.7846,53.4428,6263.2029853134,0
VRC,D,20211004,000000,53.4428,53.4428,52.5587,53.0499,1223.5283582556,0
VRC,D,20211005,000000,53.0499,53.0499,52.1657,52.2934,5859.092537536801,0
VRC,D,20211006,000000,52.5587,53.5411,52.1657,52.1657,2346.283582179,0
VRC,D,20211007,000000,52.1853,52.3425,52.0674,52.2639,736.9671642072001,0
VRC,D,20211008,000000,52.0773,52.3425,51.9692,52.3425,1196.044776165,0
VRC,D,20211011,000000,52.3622,53.04,52.3523,52.3523,212.7432835902,0
VRC,D,20211012,000000,52.3622,52.5587,52.0871,52.0969,1158.3820895964,0
VRC,D,20211013,000000,53.0302,53.0302,52.1559,52.1559,480.45373136160003,0
VRC,D,20211014,000000,52.5488,52.8435,52.0969,52.6569,438.7194030018,0
VRC,D,20211015,000000,52.5587,52.5587,52.1067,52.1067,772.5940298802001,0
VRC,D,20211018,000000,52.0969,52.6569,52.0969,52.5587,13894.47761247,0
VRC,D,20211019,000000,52.5488,53.0499,52.1853,53.0499,2334.0686568054,0
VRC,D,20211020,000000,52.9516,52.9516,52.2639,52.2639,677.9283582348,0
VRC,D,20211021,000000,52.5587,53.0499,52.313,52.5587,1159.4000000442002,0
VRC,D,20211022,000000,53.0499,53.3446,52.1166,53.0499,32209.7402997354,0
VRC,D,20211025,000000,52.0871,53.2955,52.0871,52.5587,3137.2000001196,0
VRC,D,20211026,000000,52.5587,53.0499,52.4604,53.04,649.4268656964,0
VRC,D,20211027,000000,53.0499,53.0499,52.205,52.205,220.88656717260002,0
VRC,D,20211028,000000,52.8534,52.8534,52.205,52.205,139.4537313486,0
VRC,D,20211029,000000,52.205,52.2639,52.1853,52.1853,184.24179105180002,0
VRC,D,20211102,000000,52.2639,52.2639,52.0773,52.0969,2207.8477612782003,0
VRC,D,20211103,000000,52.2836,52.2836,51.7236,52.0674,10592.3761198068,0
VRC,D,20211104,000000,51.6843,52.8435,51.5959,52.5783,7371.707462967601,0
VRC,D,20211105,000000,52.6569,52.8534,51.6057,52.7551,1245.9223881072,0
VRC,D,20211108,000000,52.7453,52.7453,51.7433,52.3523,8074.0656719496,0
VRC,D,20211109,000000,52.0674,52.0674,51.7727,52.038,1702.9641791694,0
VRC,D,20211110,000000,51.7826,51.8808,51.7826,51.8808,657.5701492788,0
VRC,D,20211112,000000,51.8808,52.5587,51.5959,52.5587,2118.2716418718,0
VRC,D,20211115,000000,52.0674,52.2148,51.6647,52.0674,725.7701492814,0
VRC,D,20211116,000000,52.0674,52.6569,52.0674,52.6471,757.3253731632001,0
VRC,D,20211117,000000,51.5762,52.0773,48.2361,51.5762,12343.182090022801,0
VRC,D,20211118,000000,51.3798,51.3798,49.1202,50.8886,2681.1761195052,0
VRC,D,20211119,000000,51.2815,51.2815,49.3658,50.0044,1962.5313433584001,0
VRC,D,20211122,000000,50.0044,50.0044,48.8255,49.2185,4516.4686568886,0
VRC,D,20211123,000000,49.2185,49.7097,48.1477,48.9238,2579.3850747252,0
VRC,D,20211124,000000,49.1202,49.1202,48.1477,48.629,939.5313433194001,0
VRC,D,20211125,000000,48.629,48.8255,48.3343,48.8255,362.3761194168,0
VRC,D,20211126,000000,48.8255,48.8255,47.2537,47.2733,1733.5014926034,0
VRC,D,20211129,000000,47.1554,47.8087,47.1554,47.6466,3450.716418042,0
VRC,D,20211130,000000,47.8431,47.8431,47.1652,47.1702,845.8835821218,0
VRC,D,20211201,000000,47.8431,47.8431,47.2537,47.6466,342.0179104608,0
VRC,D,20211202,000000,47.8431,47.8824,47.3519,47.8824,139.4537313486,0
VRC,D,20211203,000000,47.6466,47.6466,47.1554,47.6466,2911.2238807080003,0
VRC,D,20211206,000000,47.3028,48.4276,47.1554,48.0396,3206.41791057,0
VRC,D,20211207,000000,47.1603,48.2361,47.1603,47.6466,896.7791045118,0
VRC,D,20211208,000000,48.4326,48.4326,47.1603,47.1652,2411.4298508382003,0
VRC,D,20211209,000000,47.6417,47.6466,46.8607,47.4501,5127.2149255686,0
VRC,D,20211210,000000,47.5975,47.5975,46.8607,47.5926,3709.2656717832,0
VRC,D,20211213,000000,47.5975,48.0298,47.0572,47.4501,2007.3194030616,0
VRC,D,20211214,000000,47.6466,47.6466,46.6642,47.4501,1550.2776119994,0
VRC,D,20211215,000000,47.6466,47.8628,46.6642,46.8607,5129.2507464642,0
VRC,D,20211216,000000,47.347,47.347,46.7281,46.7674,1536.0268657302001,0
VRC,D,20211217,000000,46.7625,48.0347,46.7625,47.8431,4782.143283764401,0
VRC,D,20211220,000000,48.0396,49.6114,47.6466,49.6114,2369.6955224784,0
VRC,D,20211221,000000,49.6016,50.1026,48.629,49.3167,2149.8268657536,0
VRC,D,20211222,000000,49.1202,49.2185,47.9413,48.8255,816.3641791356,0
VRC,D,20211223,000000,49.0711,49.5132,47.9413,49.5132,5871.3074629104,0
VRC,D,20211227,000000,49.5132,49.5132,48.629,48.629,465.18507464460004,0
VRC,D,20211228,000000,48.629,48.629,47.6466,47.9315,4811.6626867506,0
VRC,D,20211229,000000,47.9315,49.1202,47.6466,48.7273,6438.283582335001,0
VRC,D,20211230,000000,48.7273,48.7273,47.6466,48.128,7342.1880599814,0
VRC,D,20220103,000000,48.128,49.5132,48.0396,49.5132,934.4417910804001,0
VRC,D,20220104,000000,49.4641,49.6114,48.629,49.6114,2309.6388060582003,0
VRC,D,20220105,000000,49.3658,49.6114,48.2459,49.2676,1667.3373134964002,0
VRC,D,20220107,000000,49.2676,49.2676,48.2557,49.0908,988.3910448138,0
VRC,D,20220110,000000,49.6114,49.6114,48.5406,48.5406,1100.3611940718001,0
VRC,D,20220111,000000,48.8255,48.8255,47.9413,47.9856,4736.3373136134005,0
VRC,D,20220112,000000,48.629,49.2774,48.0396,48.2164,1638.835820958,0
VRC,D,20220113,000000,49.2087,49.2087,47.8922,47.9413,2752.4298508512,0
VRC,D,20220114,000000,47.9413,47.9413,47.7449,47.9413,2845.059701601,0
VRC,D,20220117,000000,47.9413,47.9413,47.6466,47.8431,2561.0626866648004,0
VRC,D,20220118,000000,47.8431,49.0122,47.6466,49.0122,3137.2000001196,0
VRC,D,20220119,000000,49.022,49.022,47.6515,48.9139,993.4805970528,0
VRC,D,20220120,000000,48.9238,48.9238,47.9413,48.9188,1140.0597015360001,0
VRC,D,20220121,000000,48.9188,48.9188,46.9589,47.6368,8902.644776458801,0
VRC,D,20220124,000000,48.0298,48.0298,43.4272,44.7829,5515.038806180401,0
VRC,D,20220125,000000,42.7886,44.6896,39.2962,44.6699,3880.2746270136004,0
VRC,D,20220126,000000,44.6012,44.6012,44.2033,44.6012,566.9761194246,0
VRC,D,20220127,000000,44.2082,44.2082,42.3416,44.051,2471.4865672584,0
VRC,D,20220128,000000,44.11,44.11,42.8328,43.6679,21638.740299332403,0
VRC,D,20220131,000000,43.6679,43.6679,42.5479,42.7297,1133.9522388492,0
VRC,D,20220201,000000,42.7346,43.717,42.7346,42.9311,796.0059701796,0
VRC,D,20220202,000000,43.2258,43.717,43.0686,43.7121,1026.0537313824,0
VRC,D,20220203,000000,45.0924,45.0924,42.9114,43.6188,543.5641791252,0
VRC,D,20220204,000000,43.2258,43.717,42.8574,43.2209,489.61492539180006,0
VRC,D,20220207,000000,43.2258,43.2258,42.7297,42.7297,870.313432869,0
VRC,D,20220208,000000,43.2209,43.2258,43.216,43.2258,499.79402986980006,0
VRC,D,20220209,000000,45.0924,45.0924,43.1276,43.2258,548.6537313642,0
VRC,D,20220210,000000,42.7837,44.2082,42.7837,43.2258,32.5731343296,0
VRC,D,20220211,000000,43.2258,44.2082,42.7788,43.2258,207.6537313512,0
VRC,D,20220214,000000,42.2434,42.8328,41.3101,41.7473,2561.0626866648004,0
VRC,D,20220215,000000,41.7424,41.7522,40.7698,41.4575,2354.4268657614,0
VRC,D,20220216,000000,42.7346,42.7346,41.261,42.2434,6354.8149256154,0
VRC,D,20220217,000000,40.3768,42.7346,39.9348,40.2786,4548.0238807704,0
VRC,D,20220218,000000,40.2835,44.11,40.2786,44.0117,5525.2179106584,0
VRC,D,20220221,000000,45.0875,45.0875,40.6716,42.2385,2589.5641792032,0
VRC,D,20220222,000000,41.1628,41.7522,41.1529,41.7424,1261.1910448242002,0
VRC,D,20220223,000000,44.1984,44.1984,42.1501,43.5205,18911.7582096762,0
VRC,D,20220224,000000,41.261,42.2434,36.5553,41.261,5951.7223882866,0
VRC,D,20220225,000000,41.261,41.9487,40.2835,40.868,3824.2895523846,0
VRC,D,20220228,000000,40.868,40.868,40.2786,40.7698,2282.1552239676003,0
VRC,D,20220301,000000,40.3768,40.8189,39.2962,39.2962,1426.0925373678,0
VRC,D,20220302,000000,40.2786,40.2786,39.3502,40.1607,195.4388059776,0
VRC,D,20220303,000000,40.1656,40.7698,39.3453,40.6224,362.3761194168,0
VRC,D,20220304,000000,40.7698,40.7698,38.7067,39.5909,46293.549255496204,0
VRC,D,20220307,000000,37.1349,38.6871,37.017,38.6871,2161.0238806794,0
VRC,D,20220308,000000,39.2962,39.2962,37.8226,39.2962,967.01492541,0
VRC,D,20220309,000000,39.2471,39.5909,39.2471,39.5909,1720.268656782,0
VRC,D,20220310,000000,39.5909,42.2434,39.5909,42.2434,389.8597015074,0
VRC,D,20220311,000000,43.216,43.216,41.4624,42.7346,589.3701492762,0
VRC,D,20220314,000000,43.2258,43.5156,41.8357,41.9487,158.79402985680002,0
VRC,D,20220315,000000,43.2258,43.2258,41.5557,43.2258,699.3044776386,0
VRC,D,20220316,000000,43.2258,43.2258,42.7543,43.1177,270.7641791148,0
VRC,D,20220317,000000,43.1177,43.1177,42.2532,42.2532,551.7074627076,0
VRC,D,20220318,000000,43.2258,43.2258,42.2483,43.2209,4241.6328359826,0
VRC,D,20220321,000000,43.2209,43.2209,42.2483,43.0883,1080.0029851158001,0
VRC,D,20220322,000000,42.3023,43.1914,42.2581,43.1914,80.4149253762,0
VRC,D,20220323,000000,43.1914,43.1914,42.2385,42.4399,1511.597014983,0
VRC,D,20220324,000000,42.6658,43.1276,42.2434,42.9262,1651.0507463316,0
VRC,D,20220325,000000,42.8328,42.8328,40.7698,41.5557,5900.826865896601,0
VRC,D,20220328,000000,41.5557,43.2258,41.5557,42.8034,2162.0417911272,0
VRC,D,20220329,000000,42.8328,42.8328,41.9487,42.5872,1147.1850746706,0
VRC,D,20220330,000000,42.8328,42.8328,42.3613,42.8328,2156.9522388882,0
VRC,D,20220331,000000,42.8328,42.8328,41.5557,41.5557,3608.4925374510003,0
VRC,D,20220401,000000,41.7522,41.7522,41.261,41.261,1779.3074627544001,0
VRC,D,20220404,000000,41.261,41.7522,41.094,41.7522,1458.6656716974,0
VRC,D,20220405,000000,42.2434,42.2434,41.1726,41.649,1330.4089552746,0
VRC,D,20220406,000000,41.6294,42.2434,41.1185,41.1284,1574.7074627466002,0
VRC,D,20220407,000000,42.0273,42.2434,41.2856,41.9831,1851.5791045482001,0
VRC,D,20220408,000000,41.9831,42.2434,41.4624,42.2434,136017.2656768272,0
VRC,D,20220411,000000,42.2434,43.1227,41.8504,42.7346,26306.8776129432,0
VRC,D,20220412,000000,42.7346,43.2258,42.1452,43.2258,2405.3223881514,0
VRC,D,20220413,000000,44.0117,45.1906,43.6188,44.6994,2773.8059702550004,0
VRC,D,20220414,000000,45.0924,45.0924,43.6188,44.6994,576.1373134548,0
VRC,D,20220419,000000,44.6994,44.9941,44.2082,44.4047,1812.8985075318,0
VRC,D,20220420,000000,44.4047,44.4047,43.324,43.8152,516.0805970346,0
VRC,D,20220421,000000,43.4223,44.3065,43.2258,44.0117,851.9910448086,0
VRC,D,20220422,000000,44.2082,44.4047,43.8152,43.8152,5374.5671643840005,0
VRC,D,20220425,000000,44.0117,44.11,43.2258,43.9135,2005.283582166,0
VRC,D,20220426,000000,44.0117,48.2361,43.8152,44.5029,18742.785075341402,0
VRC,D,20220427,000000,44.7977,44.7977,40.868,41.261,209767.93135128063,0
VRC,D,20220428,000000,41.261,43.0293,40.4751,41.654,3069.000000117,0
VRC,D,20220429,000000,41.7522,41.7522,40.4751,40.4751,2043.9641791824001,0
VRC,D,20220502,000000,40.9663,40.9663,38.805,38.805,2517.2925374094,0
VRC,D,20220504,000000,38.805,40.2786,38.805,40.2786,1929.9582090288002,0
VRC,D,20220505,000000,42.2434,42.2434,39.9839,39.9839,2140.6656717234,0
VRC,D,20220506,000000,40.2786,40.3768,39.1979,40.3768,1902.4746269382001,0
VRC,D,20220509,000000,41.261,41.261,39.1979,40.1804,916.11940302,0
VRC,D,20220510,000000,39.2962,39.8856,38.805,39.2962,1529.9194030434,0
VRC,D,20220511,000000,39.7874,40.1804,39.1979,39.7874,844.865671674,0
VRC,D,20220512,000000,38.412,39.0997,37.6261,37.6261,883.5462686904001,0
VRC,D,20220513,000000,37.6261,38.3138,37.3314,38.3138,1008.7492537698,0
VRC,D,20220516,000000,38.2155,38.3138,37.4296,38.3138,1860.7402985784001,0
VRC,D,20220517,000000,39.1979,39.1979,38.412,39.0015,682.0000000260001,0
VRC,D,20220518,000000,39.8856,39.8856,37.3314,37.3314,7507.089552525001,0
VRC,D,20220519,000000,38.2155,38.2155,36.4472,36.5455,1747.7522388726002,0
VRC,D,20220520,000000,36.5455,37.3314,36.5455,37.1349,1966.6029851496,0
VRC,D,20220523,000000,37.2331,37.3314,36.349,36.349,2212.9373135172,0
VRC,D,20220524,000000,36.349,36.7419,36.349,36.7419,482.48955225720005,0
VRC,D,20220525,000000,37.3314,37.3314,35.956,35.956,1452.5582090106002,0
VRC,D,20220526,000000,35.956,36.7419,35.8578,36.6437,6678.510448015801,0
VRC,D,20220527,000000,36.5455,36.5455,35.8578,36.5455,1170.5970149700001,0
VRC,D,20220530,000000,36.6437,36.6437,35.3666,35.7595,4721.0686568964,0
VRC,D,20220531,000000,36.0543,36.0543,34.6789,35.3666,2156.9522388882,0
VRC,D,20220601,000000,34.3842,34.3842,32.5176,34.1877,12870.4597019832,0
VRC,D,20220602,000000,33.7947,34.1877,33.5982,33.7947,692.1791045040001,0
VRC,D,20220603,000000,34.0894,34.1877,32.7141,32.7141,74202.6179132766,0
VRC,D,20220606,000000,32.7141,34.9736,32.7141,34.2859,2294.3701493412,0
VRC,D,20220607,000000,34.8754,34.8754,33.7947,33.7947,4111.3402986642,0
VRC,D,20220608,000000,34.2859,34.2859,33.107,33.5982,991.4447761572001,0
VRC,D,20220609,000000,33.5982,33.7947,33.107,33.107,299.2656716532,0
VRC,D,20220610,000000,33.107,33.893,32.6158,32.6158,1034.1970149648,0
VRC,D,20220613,000000,32.6158,32.6158,29.4721,32.3211,2106.0567164982003,0
VRC,D,20220614,000000,32.4194,32.4194,30.3563,30.5528,1263.2268657198001,0
VRC,D,20220615,000000,30.7493,31.2405,30.2581,31.1422,1900.4388060426002,0
VRC,D,20220617,000000,31.044,31.044,29.6686,30.2581,1144.1313433272,0
VRC,D,20220620,000000,30.2581,31.437,30.1598,31.437,1023.000000039,0
VRC,D,20220621,000000,32.2229,33.0088,31.9282,32.4194,565.9582089768,0
VRC,D,20220622,000000,32.9106,33.2053,32.4194,33.2053,1421.0029851288,0
VRC,D,20220623,000000,33.2053,36.4472,32.9106,35.6613,5229.0059703486,0
VRC,D,20220624,000000,35.8578,35.8578,35.3666,35.7595,2451.1283583024,0
VRC,D,20220627,000000,36.6437,36.6437,34.5806,35.956,364.4119403124,0
VRC,D,20220628,000000,36.2507,36.349,35.0718,36.1525,2115.2179105284004,0
VRC,D,20220629,000000,36.5455,37.2331,35.3666,37.2331,818.4000000312001,0
VRC,D,20220630,000000,37.2331,37.2331,36.2507,36.9384,61.074626868,0
VRC,D,20220701,000000,36.6437,36.6437,35.0718,35.0718,2814.5223881670004,0
VRC,D,20220704,000000,36.349,36.349,36.1525,36.2507,349.1432835954,0
VRC,D,20220705,000000,36.2507,36.2507,35.1701,35.1701,604.6388059932,0
VRC,D,20220706,000000,35.563,35.563,33.7947,33.7947,902.8865671986,0
VRC,D,20220707,000000,35.2683,35.563,34.4824,35.563,503.865671661,0
VRC,D,20220708,000000,35.563,35.956,35.563,35.8578,685.0537313694,0
VRC,D,20220711,000000,36.1525,36.2507,35.2683,35.8578,592.4238806196,0
VRC,D,20220712,000000,35.8578,35.8578,34.7771,34.9736,289.0865671752,0
VRC,D,20220713,000000,34.7771,35.0718,34.7771,34.8754,319.6238806092,0
VRC,D,20220714,000000,34.8754,34.8754,33.893,33.893,1655.1223881228002,0
VRC,D,20220715,000000,34.8754,34.8754,34.0894,34.0894,15.268656717,0
VRC,D,20220718,000000,35.2683,36.6437,35.2683,36.6437,980.2477612314001,0
VRC,D,20220719,000000,36.6437,36.6437,34.1877,34.1877,1992.0507463446002,0
VRC,D,20220720,000000,34.9736,34.9736,34.3842,34.3842,282.9791044884,0
VRC,D,20220721,000000,34.3842,36.1525,33.5982,36.1525,1712.1253731996,0
VRC,D,20220722,000000,36.2507,36.349,36.1525,36.2507,294.1761194142,0
VRC,D,20220725,000000,36.349,36.349,35.3666,35.3666,32.5731343296,0
VRC,D,20220726,000000,36.349,36.349,35.8578,35.8578,91.61194030200001,0
VRC,D,20220727,000000,36.9384,36.9384,33.9912,34.4824,983.3014925748,0
VRC,D,20220728,000000,36.2507,36.2507,34.6789,35.3666,984.3194030226001,0
VRC,D,20220729,000000,35.4648,36.9384,35.2683,35.956,1563.5104478208,0
VRC,D,20220801,000000,36.9384,37.1349,36.9384,37.1349,271.7820895626,0
VRC,D,20220802,000000,37.1349,37.2331,37.1349,37.2331,98.7373134366,0
VRC,D,20220803,000000,37.2331,37.2331,35.7595,36.2507,904.9223880942001,0
VRC,D,20220804,000000,36.2507,36.2507,36.1525,36.2507,85.5044776152,0
VRC,D,20220805,000000,37.1349,37.1349,35.6613,36.349,151.6686567222,0
VRC,D,20220808,000000,37.1349,37.1349,34.9736,35.3666,782.7731343582001,0
VRC,D,20220809,000000,35.3666,35.3666,34.9736,35.2683,140.4716417964,0
VRC,D,20220810,000000,35.1701,35.1701,34.8754,34.8754,81.43283582400001,0
VRC,D,20220811,000000,34.4824,34.7771,33.893,33.893,1225.5641791512,0
VRC,D,20220812,000000,34.1877,34.7771,34.1877,34.7771,437.701492554,0
VRC,D,20220816,000000,34.7771,34.9736,34.3842,34.9736,262.6208955324,0
VRC,D,20220817,000000,34.8754,34.8754,34.3842,34.8754,696.2507462952001,0
VRC,D,20220818,000000,34.9736,34.9736,34.3842,34.7771,532.3671641994,0
VRC,D,20220819,000000,34.9736,34.9736,33.893,33.9912,410.2179104634,0
VRC,D,20220822,000000,34.0894,34.8754,33.9912,34.5806,235.13731344180002,0
VRC,D,20220823,000000,34.6789,34.6789,34.6789,34.6789,4.0716417912,0
VRC,D,20220824,000000,34.9736,34.9736,34.1877,34.1877,34.6089552252,0
VRC,D,20220825,000000,34.7771,34.7771,33.107,33.2053,1095.2716418328,0
VRC,D,20220826,000000,33.3035,33.3035,33.0088,33.3035,385.7880597162,0
VRC,D,20220829,000000,33.3035,33.3035,32.1246,32.1246,547.6358209164,0
VRC,D,20220830,000000,33.0088,33.0088,30.9457,30.9457,1212.3313433298001,0
VRC,D,20220831,000000,32.2229,32.2229,31.044,32.0264,99.75522388440001,0
VRC,D,20220901,000000,32.0264,32.0264,30.5528,30.5528,628.0507462926,0
VRC,D,20220902,000000,32.0264,32.2229,30.4545,31.437,3753.0358210386003,0
VRC,D,20220905,000000,32.1246,32.4194,31.3387,31.7317,955.8179104842001,0
VRC,D,20220906,000000,32.0264,32.0264,31.437,31.437,587.3343283806,0
VRC,D,20220907,000000,34.3842,34.3842,30.2581,33.4018,55297.985076735,0
VRC,D,20220908,000000,32.4194,32.4194,30.2581,30.7493,35260.417911792,0
VRC,D,20220909,000000,30.4545,31.437,30.3563,31.437,22816.462687437,0
VRC,D,20220912,000000,31.437,31.437,30.9457,31.437,5908.970149479001,0
VRC,D,20220913,000000,31.3387,31.9282,31.2405,31.9282,1003.6597015308,0
VRC,D,20220914,000000,32.3211,32.3211,30.9457,32.3211,9541.8925376772,0
VRC,D,20220915,000000,32.3211,32.3211,30.8475,31.437,5112.964179299401,0
VRC,D,20220916,000000,31.437,31.437,30.8475,30.8475,17748.2865678408,0
VRC,D,20220919,000000,31.8299,31.8299,30.7493,31.7317,15815.274627468601,0
VRC,D,20220920,000000,31.8299,31.8299,30.8475,31.3387,3494.4865672974,0
VRC,D,20220921,000000,31.7317,31.7317,30.7493,30.7493,10492.6208959224,0
VRC,D,20220922,000000,31.3387,31.3387,30.8475,31.1422,456.0238806144,0
VRC,D,20220923,000000,31.044,31.044,30.651,30.651,1467.8268657276,0
VRC,D,20220926,000000,30.651,30.9457,30.3563,30.9457,9120.477612288001,0
VRC,D,20220927,000000,30.5528,30.7493,30.4545,30.4545,6965.5611942954,0
VRC,D,20220928,000000,30.9457,30.9457,30.4545,30.4545,5134.3402987032005,0
VRC,D,20220929,000000,30.9457,30.9457,30.5528,30.8475,1442.3791045326002,0
VRC,D,20220930,000000,30.8475,31.7317,30.5528,31.2405,662.6597015178,0
VRC,D,20221003,000000,31.437,31.8299,30.7493,30.9457,9494.0507466306,0
VRC,D,20221004,000000,31.9282,31.9282,30.9457,30.9457,4732.265671822201,0
VRC,D,20221005,000000,31.9282,31.9282,30.8475,30.9457,9826.907463061201,0
VRC,D,20221006,000000,30.9457,31.1422,30.651,31.1422,285.01492538400004,0
VRC,D,20221007,000000,31.1422,31.437,30.7493,31.1422,73.2895522416,0
VRC,D,20221010,000000,33.2053,33.2053,31.2405,31.437,17364.5343290202,0
VRC,D,20221011,000000,31.5352,32.5176,31.437,31.9282,3010.9791045924003,0
VRC,D,20221012,000000,32.9106,32.9106,32.2229,32.2229,479.43582091380006,0
VRC,D,20221013,000000,33.107,33.5,32.6158,33.107,9681.3462690258,0
VRC,D,20221014,000000,33.2053,33.6965,33.2053,33.4018,3336.7104478884003,0
VRC,D,20221017,000000,33.7947,35.2683,33.7947,34.3842,1957.4417911194,0
VRC,D,20221018,000000,34.3842,34.3842,33.6965,34.3842,913.0656716766,0
VRC,D,20221019,000000,34.3842,34.7771,34.3842,34.6789,2137.6119403800003,0
VRC,D,20221020,000000,34.7771,34.7771,34.0894,34.4824,324.7134328482,0
VRC,D,20221021,000000,34.4824,34.4824,33.893,33.9912,1033.179104517,0
VRC,D,20221024,000000,34.4824,34.8754,33.893,34.8754,4353.6029852406,0
VRC,D,20221025,000000,34.9736,35.7595,34.9736,35.6613,3327.5492538582002,0
VRC,D,20221026,000000,35.8578,35.8578,34.8754,35.8578,1417.9492537854,0
VRC,D,20221027,000000,35.8578,36.6437,35.8578,36.6437,4351.5671643450005,0
VRC,D,20221028,000000,36.6437,36.6437,35.4648,36.5455,954.8000000364001,0
VRC,D,20221031,000000,36.6437,37.6261,36.6437,37.6261,5322.6537315462,0
VRC,D,20221102,000000,37.7243,39.0997,37.3314,38.0191,12100.9194034464,0
VRC,D,20221103,000000,38.7067,38.7067,36.7419,37.6261,2441.9671642722,0
VRC,D,20221104,000000,38.0191,39.0015,38.0191,39.0015,1684.641791109,0
VRC,D,20221107,000000,39.0015,39.2962,38.6085,39.0015,2116.2358209762,0
VRC,D,20221108,000000,37.4296,38.7067,36.8402,38.7067,298.2477612054,0
VRC,D,20221109,000000,38.6085,38.7067,37.9208,37.9208,9295.5582093096,0
VRC,D,20221110,000000,38.7067,39.1979,37.2331,39.1979,2226.1701493386,0
VRC,D,20221114,000000,40.7698,40.7698,39.4927,40.2786,2535.6149254698003,0
VRC,D,20221115,000000,40.2786,40.6716,39.2962,40.2786,1405.7343284118,0
VRC,D,20221116,000000,40.2786,40.2786,39.1979,40.0821,6800.659701751801,0
VRC,D,20221117,000000,39.2962,43.2258,39.2962,40.7698,5681.9761196196005,0
VRC,D,20221118,000000,40.4751,42.3416,39.8856,40.2786,3632.9223881982,0
VRC,D,20221121,000000,39.7874,40.2786,39.2962,39.4927,14192.725373675401,0
VRC,D,20221122,000000,41.654,41.654,39.0997,39.1979,4325.101492702201,0
VRC,D,20221123,000000,39.1979,40.4751,39.1979,40.4751,1317.1761194532,0
VRC,D,20221124,000000,40.5733,40.5733,39.4927,40.2786,621.9432836058,0
VRC,D,20221125,000000,40.5733,40.5733,40.1804,40.2786,177.1164179172,0
VRC,D,20221128,000000,40.2786,40.5733,40.1804,40.1804,442.791044793,0
VRC,D,20221129,000000,40.1804,40.6716,40.1804,40.2786,410.2179104634,0
VRC,D,20221130,000000,41.0645,41.261,40.2786,41.261,1043.358208995,0
VRC,D,20221201,000000,40.2786,41.5557,40.2786,41.261,165.9194029914,0
VRC,D,20221202,000000,41.261,41.261,40.1804,40.1804,6315.1164181512,0
VRC,D,20221205,000000,40.2786,40.7698,40.2786,40.6716,6222.4865674014,0
VRC,D,20221206,000000,40.6716,41.1628,40.5733,41.1628,15837.6686573202,0
VRC,D,20221207,000000,41.1628,41.654,41.1628,41.654,413.2716418068,0
VRC,D,20221208,000000,41.654,42.0469,41.0645,41.3592,1230.6537313902002,0
VRC,D,20221209,000000,42.1452,42.1452,41.4575,41.4575,2916.3134329470004,0
VRC,D,20221212,000000,41.4575,41.5557,41.3592,41.5557,898.8149254074001,0
VRC,D,20221213,000000,41.5557,42.8328,41.4575,42.8328,13179.9044781144,0
VRC,D,20221214,000000,43.1276,43.1276,42.0469,42.0469,1917.7432836552002,0
VRC,D,20221215,000000,42.4399,42.4399,41.654,41.9487,853.0089552564001,0
VRC,D,20221216,000000,42.2434,42.2434,39.1979,42.1452,2592.6179105466003,0
VRC,D,20221219,000000,42.1452,42.1452,41.261,42.0469,665.7134328612001,0
VRC,D,20221220,000000,40.3768,41.5557,39.8856,40.2786,1967.6208955974,0
VRC,D,20221221,000000,40.2786,42.1452,39.6891,39.6891,1675.4805970788002,0
VRC,D,20221222,000000,39.8856,40.1804,39.8856,40.1804,134.3641791096,0
VRC,D,20221223,000000,40.1804,41.261,39.9839,40.3768,1957.4417911194,0
VRC,D,20221227,000000,40.3768,40.5733,39.8856,39.8856,883.5462686904001,0
VRC,D,20221228,000000,39.8856,40.0821,37.9208,39.0015,5251.4000002002,0
VRC,D,20221229,000000,38.805,40.6716,38.805,40.5733,1064.7343283988,0
VRC,D,20221230,000000,40.5733,40.6716,38.3138,38.3138,1479.0238806534,0
VRC,D,20230102,000000,38.3138,39.6891,38.3138,39.2962,1495.3104478182001,0
VRC,D,20230103,000000,39.2962,40.1804,38.7067,39.6891,2236.3492538166,0
VRC,D,20230104,000000,39.6891,40.6716,39.2962,39.7874,950.7283582452001,0
VRC,D,20230105,000000,40.1804,41.1628,40.1804,40.6716,1620.5134328976,0
VRC,D,20230109,000000,40.9663,41.1628,40.7698,40.7698,510.99104479560003,0
VRC,D,20230110,000000,41.261,42.2434,41.1628,42.2434,926.298507498,0
VRC,D,20230111,000000,43.1276,43.2258,42.6364,43.1276,2965.1731344414,0
VRC,D,20230112,000000,43.1276,43.1276,42.7346,43.0293,853.0089552564001,0
VRC,D,20230113,000000,43.0293,43.6188,42.2434,43.6188,2912.2417911558,0
VRC,D,20230116,000000,43.717,45.0924,43.717,45.0924,5934.417910674,0
VRC,D,20230117,000000,44.6994,45.2889,43.8152,43.8152,2619.0835821894,0
VRC,D,20230118,000000,43.6188,44.3065,42.3416,43.8152,4440.1253733036,0
VRC,D,20230119,000000,43.6188,43.6188,42.7346,42.7346,5724.7283584272,0
VRC,D,20230120,000000,42.7346,43.2258,41.7522,41.9487,2437.895522481,0
VRC,D,20230123,000000,42.0469,42.8328,41.4575,42.8328,3322.4597016192,0
VRC,D,20230124,000000,43.9135,43.9135,42.4399,42.8328,1604.2268657328002,0
VRC,D,20230125,000000,43.1276,43.1276,42.4399,42.8328,725.7701492814,0
VRC,D,20230126,000000,43.1276,43.1276,41.9487,41.9487,1455.6119403540001,0
VRC,D,20230127,000000,42.2434,43.1276,42.2434,42.7346,3474.1283583414,0
VRC,D,20230130,000000,43.2258,43.2258,41.5557,43.0293,623.9791045014,0
VRC,D,20230131,000000,42.8328,42.8328,41.4575,42.8328,946.656716454,0
VRC,D,20230201,000000,42.7346,43.324,42.3416,43.1276,1413.8776119942002,0
VRC,D,20230202,000000,43.1276,43.1276,42.2434,42.2434,1368.0716418432,0
VRC,D,20230203,000000,42.2434,43.0293,42.2434,42.7346,296.2119403098,0
VRC,D,20230206,000000,42.8328,42.8328,41.8504,42.1452,608.7104477844,0
VRC,D,20230207,000000,42.2434,42.2434,41.8504,41.9487,537.4567164384,0
VRC,D,20230208,000000,41.9487,41.9487,41.4575,41.9487,1248.9761194506,0
VRC,D,20230209,000000,42.5381,44.0117,42.5381,44.0117,70150.3164205848,0
VRC,D,20230210,000000,44.0117,44.6012,43.4223,43.9135,2915.2955224992,0
VRC,D,20230213,000000,43.9135,44.0117,43.2258,43.2258,2742.2507463732,0
VRC,D,20230214,000000,43.4223,43.4223,43.0293,43.324,7613.970149544,0
VRC,D,20230215,000000,43.324,43.4223,43.1276,43.1276,275.8537313538,0
VRC,D,20230216,000000,44.0117,44.0117,43.2258,44.0117,1003.6597015308,0
VRC,D,20230217,000000,44.2082,44.2082,43.4223,43.717,187.2955223952,0
VRC,D,20230220,000000,43.717,43.717,42.4399,43.717,2877.6328359306003,0
VRC,D,20230221,000000,43.717,43.717,42.3416,43.4223,717.6268656990001,0
VRC,D,20230222,000000,43.717,43.717,42.2434,43.1276,1358.910447813,0
VRC,D,20230223,000000,43.717,44.0117,42.5381,43.6188,603.6208955454,0
VRC,D,20230224,000000,44.0117,44.0117,43.2258,43.6188,316.5701492658,0
VRC,D,20230227,000000,43.6188,43.6188,42.9311,42.9311,468.238805988,0
VRC,D,20230228,000000,43.6188,44.2082,43.5205,44.2082,480.45373136160003,0
VRC,D,20230301,000000,43.9135,44.0117,42.6364,43.0293,1934.02985082,0
VRC,D,20230302,000000,43.0293,43.8152,42.9311,43.6188,580.2089552460001,0
VRC,D,20230303,000000,43.6188,43.6188,42.9311,43.4223,558.8328358422,0
VRC,D,20230306,000000,43.4223,43.9135,43.0293,43.2258,1437.2895522936,0
VRC,D,20230307,000000,44.0117,46.3695,44.0117,46.173,16529.8477618242,0
VRC,D,20230308,000000,46.173,47.0572,46.173,46.9589,7418.5313435664,0
VRC,D,20230309,000000,46.9589,47.1554,46.4677,46.6642,2409.3940299426004,0
VRC,D,20230310,000000,46.3695,46.9589,45.8783,46.9589,1269.3343284066,0
VRC,D,20230313,000000,47.1554,47.1554,44.6012,45.4853,8607.4507465968,0
VRC,D,20230314,000000,45.9765,47.2537,45.9765,46.8607,1346.6955224394,0
VRC,D,20230315,000000,46.8607,46.9589,46.173,46.173,2698.4805971178002,0
VRC,D,20230316,000000,46.173,46.8607,45.5836,46.566,3446.6447762508,0
VRC,D,20230317,000000,46.9589,47.1554,46.566,47.0572,4044.1582091094,0
VRC,D,20230320,000000,47.2537,47.3519,46.566,46.9589,3781.537313577,0
VRC,D,20230321,000000,45.8783,47.1554,45.8783,47.1554,8026.2238809030005,0
VRC,D,20230322,000000,47.1554,47.5484,46.3695,47.2537,13548.388060218002,0
VRC,D,20230323,000000,47.4501,47.4501,47.2537,47.4501,1474.9522388622001,0
VRC,D,20230324,000000,47.6466,47.6466,47.0572,47.4501,2507.1134329314,0
VRC,D,20230327,000000,45.9765,47.1554,45.6818,46.8607,5654.492537529,0
VRC,D,20230328,000000,47.1554,47.3519,46.4677,46.8607,30225.8328369732,0
VRC,D,20230329,000000,47.3519,47.3519,46.3695,46.6642,12375.7552243524,0
VRC,D,20230330,000000,46.6642,46.6642,45.6818,45.8783,4858.4865673494005,0
VRC,D,20230331,000000,45.5836,45.8783,44.3065,44.6994,25520.032836793802,0
VRC,D,20230403,000000,45.1906,46.9589,45.1906,46.9589,3137.2000001196,0
VRC,D,20230404,000000,46.9589,47.0572,46.8607,46.8607,883.5462686904001,0
VRC,D,20230405,000000,46.8607,47.9413,46.6642,47.6466,5979.2059703772,0
VRC,D,20230406,000000,47.7449,47.9413,46.2713,47.1554,1904.5104478338,0
VRC,D,20230411,000000,47.1554,48.1378,47.1554,48.1378,3806.985074772,0
VRC,D,20230412,000000,48.1378,48.2361,46.6642,48.1378,2375.8029851652,0
VRC,D,20230413,000000,48.2361,48.2361,46.9589,47.8431,908.9940298854001,0
VRC,D,20230414,000000,47.7449,48.1378,47.1554,48.1378,2034.8029851522,0
VRC,D,20230417,000000,48.1378,48.1378,46.9589,47.3519,368.48358210360004,0
VRC,D,20230418,000000,47.6466,47.6466,47.1554,47.1554,146.5791044832,0
VRC,D,20230419,000000,47.1554,47.1554,46.3695,46.566,1375.1970149778,0
VRC,D,20230420,000000,46.7625,48.1378,46.7625,48.1378,3906.7402986564002,0
VRC,D,20230421,000000,48.1378,48.4326,48.0396,48.1378,1372.1432836344002,0
VRC,D,20230424,000000,48.1378,49.3167,48.1378,49.3167,12251.570149720801,0
VRC,D,20230425,000000,49.3167,49.5132,49.1202,49.1202,900.850746303,0
VRC,D,20230426,000000,49.5132,49.9062,49.1202,49.9062,4791.304477794601,0
VRC,D,20230427,000000,49.9062,53.0499,49.1202,50.6921,7485.7134331212,0
VRC,D,20230428,000000,50.6921,52.6569,50.1026,50.8886,2658.7820896536,0
VRC,D,20230502,000000,50.4956,51.6745,49.3167,51.6745,8191.125373446601,0
VRC,D,20230504,000000,51.6745,53.2463,50.2991,50.2991,7985.5074629910005,0
VRC,D,20230505,000000,50.6921,52.0674,50.6921,52.0674,1311.0686567664002,0
VRC,D,20230508,000000,52.0674,52.2639,50.8886,52.0674,567.9940298724,0
VRC,D,20230509,000000,51.871,53.8358,51.478,53.8358,4397.373134496001,0
VRC,D,20230510,000000,53.2463,54.0323,52.0674,54.0323,3927.0985076124,0
VRC,D,20230511,000000,52.8534,53.6393,52.8534,53.0499,950.7283582452001,0
VRC,D,20230512,000000,53.0499,54.4252,53.0499,54.0323,3680.7641792448003,0
VRC,D,20230515,000000,53.2463,54.2287,53.2463,54.0323,3171.8089553448003,0
VRC,D,20230516,000000,54.0323,55.8006,53.2463,55.8006,4008.5313434364,0
VRC,D,20230517,000000,55.6041,55.8006,53.0499,53.0499,2787.0388060764003,0
VRC,D,20230518,000000,53.2463,54.0323,53.2463,53.8358,647.3910448008,0
VRC,D,20230519,000000,54.6217,55.0147,54.0323,55.0147,4949.0805972036005,0
VRC,D,20230522,000000,55.0147,56.9795,55.0147,56.783,3079.1791045950004,0
VRC,D,20230523,000000,56.9795,57.9619,55.9971,56.783,2218.0268657562,0
VRC,D,20230524,000000,56.5865,57.7654,55.8006,57.7654,6282.5432838216,0
VRC,D,20230525,000000,57.7654,58.1584,56.5865,57.7654,2373.7671642696,0
VRC,D,20230526,000000,57.7654,58.9443,57.3724,58.7478,4754.659701673801,0
VRC,D,20230529,000000,58.9443,60.5161,58.9443,58.9443,4333.2447762846,0
VRC,D,20230530,000000,59.3372,60.7126,59.1408,59.7302,1501.417910505,0
VRC,D,20230531,000000,59.5337,59.5337,55.8006,57.176,3543.3462687918004,0
VRC,D,20230601,000000,56.9795,56.9795,54.4252,56.783,3577.955224017,0
VRC,D,20230602,000000,57.3724,58.3548,55.9971,57.3724,5028.477612132,0
VRC,D,20230605,000000,57.3724,58.3548,55.0147,57.9619,5390.8537315488,0
VRC,D,20230606,000000,57.9619,59.9267,56.9795,59.7302,10184.194030239001,0
VRC,D,20230607,000000,59.9267,61.8915,59.5337,61.8915,6801.677612199601,0
VRC,D,20230609,000000,61.8915,62.8739,60.9091,62.8739,3568.7940299868,0
VRC,D,20230612,000000,63.0704,65.6246,62.4809,64.8387,7617.0238808874,0
VRC,D,20230613,000000,64.8387,65.8211,64.2493,64.8387,4202.952238966201,0
VRC,D,20230614,000000,64.6422,64.6422,63.8563,64.4457,15222.850746849,0
VRC,D,20230615,000000,64.2493,64.2493,62.4809,63.6598,3000.8000001144,0
VRC,D,20230616,000000,62.8739,65.2317,62.2845,65.2317,6145.125373368601,0
VRC,D,20230619,000000,63.8563,65.6246,63.8563,64.6422,2265.8686568028,0
VRC,D,20230620,000000,65.4282,65.4282,62.6774,64.8387,2265.8686568028,0
VRC,D,20230621,000000,64.6422,64.6422,63.2669,64.2493,4517.4865673364,0
VRC,D,20230622,000000,64.2493,64.2493,63.6598,63.8563,8909.7701495934,0
VRC,D,20230623,000000,63.8563,64.2493,62.8739,63.8563,6472.8925375602,0
VRC,D,20230626,000000,63.0704,64.6422,63.0704,64.6422,2332.0328359098003,0
VRC,D,20230627,000000,64.4457,65.2317,63.4633,65.0352,10031.507463069001,0
VRC,D,20230628,000000,64.4457,66.8035,64.0528,66.8035,7616.005970439601,0
VRC,D,20230629,000000,66.8035,70.7331,65.6246,70.7331,10924.2149257896,0
VRC,D,20230630,000000,70.9296,70.9296,67.9824,70.7331,1937.0835821634,0
VRC,D,20230703,000000,70.7331,70.7331,66.8035,70.3402,4681.3701494322,0
VRC,D,20230704,000000,70.3402,71.7155,70.1437,71.1261,6042.3164181408,0
VRC,D,20230705,000000,71.1261,71.912,70.9296,71.7155,4258.9373135952,0
VRC,D,20230706,000000,71.7155,72.305,70.7331,71.7155,5591.3820897654,0
VRC,D,20230707,000000,71.7155,71.7155,67.9824,69.9472,3169.7731344492004,0
VRC,D,20230710,000000,69.7507,70.5367,67.1965,70.5367,3495.5044777452003,0
VRC,D,20230711,000000,70.5367,70.5367,67.7859,69.7507,3552.5074628220004,0
VRC,D,20230712,000000,69.7507,69.7507,68.7683,69.5543,3094.4477613120002,0
VRC,D,20230713,000000,69.5543,69.5543,68.1789,68.3754,504.88358210880006,0
VRC,D,20230714,000000,69.1613,69.5543,67.1965,68.9648,4042.1223882138,0
VRC,D,20230717,000000,68.7683,68.7683,64.6422,64.6422,6963.525373399801,0
VRC,D,20230718,000000,64.6422,66.4106,61.8915,65.8211,7092.8000002704,0
VRC,D,20230719,000000,65.8211,68.3754,65.8211,68.3754,4272.1701494166,0
VRC,D,20230720,000000,68.1789,68.5718,67.1965,67.5894,3615.6179105856004,0
VRC,D,20230721,000000,67.5894,68.5718,67,68.5718,532.3671641994,0
VRC,D,20230724,000000,68.5718,68.7683,67.1965,67.1965,6463.73134353,0
VRC,D,20230725,000000,67,67.9824,65.8211,67.393,1857.6865672350002,0
VRC,D,20230726,000000,67.393,67.393,64.8387,65.6246,1347.7134328872,0
VRC,D,20230727,000000,66.2141,66.2141,64.8387,64.8387,2389.0358209866004,0
VRC,D,20230728,000000,65.0352,66.4106,64.8387,66.4106,867.2597015256,0
VRC,D,20230731,000000,65.4282,66.8035,65.2317,66.2141,1281.5492537802002,0
VRC,D,20230801,000000,66.4106,67.7859,66.2141,67.5894,2120.3074627674,0
VRC,D,20230802,000000,67.5894,67.7859,65.8211,67.7859,2439.9313433766,0
VRC,D,20230803,000000,66.2141,67.7859,65.2317,67.5894,2006.3014926138,0
VRC,D,20230804,000000,67.5894,67.5894,64.2493,65.4282,2777.8776120462003,0
VRC,D,20230807,000000,64.8387,64.8387,62.2845,63.8563,2067.3761194818003,0
VRC,D,20230808,000000,62.8739,64.2493,61.1056,62.088,2205.8119403826,0
VRC,D,20230809,000000,61.1056,61.4985,59.5337,60.5161,3197.2567165398,0
VRC,D,20230810,000000,60.3196,63.6598,57.9619,61.8915,9944.985075006001,0
VRC,D,20230811,000000,61.8915,63.8563,61.8915,63.8563,1380.2865672168,0
VRC,D,20230814,000000,63.8563,66.4106,63.4633,65.2317,3335.6925374406,0
VRC,D,20230816,000000,65.2317,67,65.2317,67,10208.6238809862,0
VRC,D,20230817,000000,67,67,66.4106,67,2586.5104478598,0
VRC,D,20230818,000000,67.8,67.8,65.6,67.4,1773,0
VRC,D,20230821,000000,66,66,65.2,66,628,0
VRC,D,20230822,000000,66,67,65.4,67,590,0
VRC,D,20230823,000000,67,67,65.6,66.8,466,0
VRC,D,20230824,000000,66.8,67,65.6,66,1308,0
VRC,D,20230825,000000,64.2,65.8,61.6,64.8,2136,0
VRC,D,20230828,000000,64.4,64.4,62.6,64,332,0
VRC,D,20230829,000000,64,64.4,63.4,63.6,427,0
VRC,D,20230830,000000,63.2,64,62,63,747,0
VRC,D,20230831,000000,63,64.6,63,64.6,893,0
VRC,D,20230901,000000,64.6,66.8,64,66.8,1312,0
VRC,D,20230904,000000,65.4,67.6,65.4,67.2,1234,0
VRC,D,20230905,000000,67.8,71.8,67.6,71.8,25353,0
VRC,D,20230906,000000,71.8,72.2,68.4,69.8,6097,0
VRC,D,20230907,000000,69.8,69.8,67.6,69.2,2384,0
VRC,D,20230908,000000,70,70,68.2,69.4,3839,0
VRC,D,20230911,000000,70,71,68.8,69.8,2469,0
VRC,D,20230912,000000,69.8,69.8,68.2,69,3895,0
VRC,D,20230913,000000,69,69,67.8,68.6,3349,0
VRC,D,20230914,000000,68.6,68.8,67.8,68.6,4335,0
VRC,D,20230915,000000,68.6,68.6,66.8,67.6,1807,0
VRC,D,20230918,000000,67.6,68,64,65.6,8084,0
VRC,D,20230919,000000,65.2,65.4,63.6,63.8,2486,0
VRC,D,20230920,000000,64,65,64,64.8,3918,0
VRC,D,20230921,000000,64.6,65,64.2,64.6,522,0
VRC,D,20230922,000000,67.6,67.6,65,65.8,1559,0
VRC,D,20230925,000000,64.6,64.8,64.2,64.4,611,0
VRC,D,20230926,000000,64.8,65,64.2,64.2,718,0
VRC,D,20230927,000000,64.2,64.8,63.6,64,513,0
VRC,D,20230928,000000,64.6,64.6,60.4,60.6,6919,0
VRC,D,20230929,000000,61,62.4,61,61.4,603,0
VRC,D,20231002,000000,61,62,61,61.6,4002,0
VRC,D,20231003,000000,61.6,62,61,61.8,6056,0
VRC,D,20231004,000000,61.8,65.2,61,63.6,5281,0
VRC,D,20231005,000000,63.8,67.2,63.8,66.4,1501,0
VRC,D,20231006,000000,65.4,67.4,65,67,1625,0
VRC,D,20231009,000000,65.2,65.6,64.8,65.6,496,0
VRC,D,20231010,000000,66,66.2,65,66,2887,0
VRC,D,20231011,000000,66.8,67.6,63,67,24946,0
VRC,D,20231012,000000,67,67.6,65.8,66.8,9154,0
VRC,D,20231013,000000,66.4,67.2,66,66.8,3209,0
VRC,D,20231016,000000,66.6,66.6,65,66.4,4012,0
VRC,D,20231017,000000,66.4,66.4,65,66.4,1894,0
VRC,D,20231018,000000,65,66.8,64.4,65.2,5016,0
VRC,D,20231019,000000,64.6,64.6,64,64.6,1351,0
VRC,D,20231020,000000,64.6,64.6,63.4,64,1444,0
VRC,D,20231023,000000,64.4,64.6,63,64.6,973,0
VRC,D,20231024,000000,64.6,64.6,63.8,64.6,382,0
VRC,D,20231025,000000,63.4,64.2,61.6,62,4323,0
VRC,D,20231026,000000,61.4,64,61,64,1663,0
VRC,D,20231027,000000,64,64,63.6,64,328,0
VRC,D,20231030,000000,64,66.8,63.8,66.8,2136,0
VRC,D,20231031,000000,66.8,68.8,66.2,68.4,4730,0
VRC,D,20231102,000000,68.6,69.8,68.6,69.6,3270,0
VRC,D,20231103,000000,69.6,69.6,67.4,69,933,0
VRC,D,20231106,000000,68.2,69,68,68.8,815,0
VRC,D,20231107,000000,67.4,68,65.8,67.4,1561,0
VRC,D,20231108,000000,67,67,61.8,64,6831,0
VRC,D,20231109,000000,64.2,66,64.2,66,1680,0
VRC,D,20231110,000000,66,67.2,66,66.8,2052,0
VRC,D,20231113,000000,66.6,68.6,65.6,68,2828,0
VRC,D,20231114,000000,68,68,66.6,67.6,1591,0
VRC,D,20231115,000000,67.6,68.4,66.6,67.4,12898,0
VRC,D,20231116,000000,67.8,67.8,67.2,67.6,13220,0
VRC,D,20231117,000000,67.6,67.6,66.6,66.6,5052,0
VRC,D,20231120,000000,66.6,67.6,66.6,67.4,1770,0
VRC,D,20231121,000000,67.2,67.6,66.8,66.8,755,0
VRC,D,20231122,000000,66.6,66.8,66,66.2,915,0
VRC,D,20231123,000000,67,67,65,66.6,1874,0
VRC,D,20231124,000000,66.2,66.8,65.4,66.8,1218,0
VRC,D,20231127,000000,66.8,66.8,65,65.8,643,0
VRC,D,20231128,000000,65.2,65.8,64.4,64.4,1429,0
VRC,D,20231129,000000,64.6,66.8,64.6,66,7061,0
VRC,D,20231130,000000,67,67.4,66,66.4,51944,0
VRC,D,20231201,000000,66.4,69.6,66.4,67.2,39624,0
VRC,D,20231204,000000,67.6,68.2,66.4,68,63141,0
VRC,D,20231205,000000,68,68.4,66.6,68,24848,0
VRC,D,20231206,000000,68,71,67.2,70,6563,0
VRC,D,20231207,000000,70.6,73,70.6,72.6,5105,0
VRC,D,20231208,000000,73.2,74,72.6,73,3295,0
VRC,D,20231211,000000,73,73.2,72.4,73,10864,0
VRC,D,20231212,000000,74,76,74,75.8,8823,0
VRC,D,20231213,000000,76.2,78.4,76.2,78.4,8194,0
VRC,D,20231214,000000,78.4,78.4,74.2,75.2,7328,0
VRC,D,20231215,000000,75.2,78.2,75.2,78.2,3462,0
VRC,D,20231218,000000,78.2,79.2,78.2,78.6,2455,0
VRC,D,20231219,000000,79.2,79.2,78,78.6,2090,0
VRC,D,20231220,000000,79.2,79.2,76.8,77.2,3015,0
VRC,D,20231221,000000,76.4,77.6,75.8,77.2,4613,0
VRC,D,20231222,000000,77.6,77.6,75.6,76.2,4305,0
VRC,D,20231227,000000,76.2,77.4,75.8,77,3983,0
VRC,D,20231228,000000,77,78.2,76.2,78.2,2937,0
VRC,D,20231229,000000,78.4,79,76.8,78.2,2456,0
VRC,D,20240102,000000,77.2,77.8,75.4,76.4,2193,0
VRC,D,20240103,000000,75.4,76.4,71.6,75,9641,0
VRC,D,20240104,000000,74.4,76.8,72.6,75.4,3630,0
VRC,D,20240105,000000,75,77.8,75,77.8,1475,0
VRC,D,20240108,000000,77,78,76.6,76.6,2226,0
VRC,D,20240109,000000,77,77,75.6,76.4,3495,0
VRC,D,20240110,000000,77.6,77.8,76,76,1259,0
VRC,D,20240111,000000,77,77,75.4,75.4,3959,0
VRC,D,20240112,000000,75.4,75.8,74.4,74.8,5542,0
VRC,D,20240115,000000,75.6,77,75,76,3332,0
VRC,D,20240116,000000,75.4,76.8,75.4,76.8,1055,0
VRC,D,20240117,000000,76.8,76.8,76,76,3220,0
VRC,D,20240118,000000,76.4,82,76.4,81.6,8748,0
VRC,D,20240119,000000,82,83.4,81.6,82,6594,0
VRC,D,20240122,000000,82.4,83.8,80.8,83.8,3304,0
VRC,D,20240123,000000,83.8,84,81,82.6,1646,0
VRC,D,20240124,000000,83.4,84,81.6,81.6,1012,0
VRC,D,20240125,000000,81.6,81.8,80.6,81.6,408,0
VRC,D,20240126,000000,82.6,83.4,81.4,83.4,397,0
VRC,D,20240129,000000,83.2,83.6,81.2,82.6,971,0
VRC,D,20240130,000000,82.2,83.2,81.8,82.8,677,0
VRC,D,20240131,000000,83,83,81.8,81.8,1184,0
VRC,D,20240201,000000,81.6,82,79.6,82,2467,0
VRC,D,20240202,000000,85,85,82.4,83,2376,0
VRC,D,20240205,000000,82.6,83.8,81.8,83.8,1433,0
VRC,D,20240206,000000,83.8,83.8,80.6,81.6,1582,0
VRC,D,20240207,000000,81.4,81.6,80.4,81.6,1025,0
VRC,D,20240208,000000,81.8,82.2,80.4,82,3109,0
VRC,D,20240209,000000,82,83.2,81,81.2,2332,0
VRC,D,20240212,000000,81.2,82.8,81.2,82.6,493,0
VRC,D,20240213,000000,83,83,82,82.4,508,0
VRC,D,20240214,000000,82.4,82.4,80.6,81.2,2985,0
VRC,D,20240215,000000,81.2,81.2,80.2,80.6,3302,0
VRC,D,20240216,000000,80.6,81.2,78.2,80.8,8312,0
VRC,D,20240219,000000,81.8,87.2,81.8,86.4,11648,0
VRC,D,20240220,000000,86.4,87,85.4,87,1103,0
VRC,D,20240221,000000,87,87.8,86.2,86.6,679,0
VRC,D,20240222,000000,86.2,88,86,88,1730,0
VRC,D,20240223,000000,88.2,88.4,87,87.8,2712,0
VRC,D,20240226,000000,87.8,89,85.4,86.2,4108,0
VRC,D,20240227,000000,89.8,94.8,89.8,94.8,27216,0
VRC,D,20240228,000000,95.6,97.8,94,97.4,12960,0
VRC,D,20240229,000000,97.4,101.5,96.6,100,18060,0
VRC,D,20240301,000000,101,109.5,101,109.5,17471,0
VRC,D,20240304,000000,111.5,116,105.5,107.5,12172,0
VRC,D,20240305,000000,106.5,115,105,115,4187,0
VRC,D,20240306,000000,114.5,120,114.5,116,6419,0
VRC,D,20240307,000000,118.5,119,113,115,4049,0
VRC,D,20240308,000000,115,115,107,110,4531,0
VRC,D,20240311,000000,110,111,105,106.5,4592,0
VRC,D,20240312,000000,106.5,116,106.5,116,4639,0
VRC,D,20240313,000000,116,118.5,112,114.5,7137,0
VRC,D,20240314,000000,114.5,118,114,115,12021,0
VRC,D,20240315,000000,115,115,110,111,4262,0
